170,5.8730984
170.586,5.8629971
171.172,5.8529477
171.758,5.8429503
172.344,5.8330035
172.93,5.8231082
173.516,5.8132625
174.102,5.8034668
174.688,5.7937202
175.274,5.7840228
175.86,5.7743745
176.446,5.7647738
177.032,5.7552209
177.618,5.7457151
178.204,5.7362566
178.79,5.7268448
179.376,5.7174788
179.962,5.708159
180.548,5.6988845
181.134,5.6896548
181.72,5.68047
182.306,5.671329
182.892,5.6622319
183.478,5.6531792
184.064,5.6441689
184.65,5.6352019
185.236,5.6262779
185.822,5.6173959
186.408,5.6085553
186.994,5.5997567
187.58,5.5910001
188.166,5.5822835
188.752,5.5736079
189.338,5.5649729
189.924,5.5563774
190.51,5.547822
191.096,5.5393057
191.682,5.530829
192.268,5.5223904
192.854,5.5139909
193.44,5.5056291
194.026,5.4973059
194.612,5.4890199
195.198,5.4807711
195.784,5.4725599
196.37,5.464385
196.956,5.4562469
197.542,5.4481449
198.128,5.4400792
198.714,5.4320488
199.3,5.4240541
199.886,5.4160948
200.472,5.4081702
201.058,5.4002805
201.644,5.3924251
202.23,5.384604
202.816,5.3768167
203.402,5.3690629
203.988,5.3613429
204.574,5.3536558
205.16,5.3460016
205.746,5.3383803
206.332,5.330791
206.918,5.3232346
207.504,5.3157096
208.09,5.308217
208.676,5.3007555
209.262,5.2933254
209.848,5.2859268
210.434,5.2785592
211.02,5.2712221
211.606,5.2639155
212.192,5.256639
212.778,5.249393
213.364,5.242177
213.95,5.2349901
214.536,5.2278333
215.122,5.2207055
215.708,5.2136068
216.294,5.2065372
216.88,5.1994963
217.466,5.1924839
218.052,5.1854997
218.638,5.178544
219.224,5.1716156
219.81,5.1647158
220.396,5.1578431
220.982,5.1509976
221.568,5.1441789
222.154,5.1373868
222.74,5.1306219
223.326,5.1238837
223.912,5.1171722
224.498,5.1104865
225.084,5.1038275
225.67,5.0971942
226.256,5.0905867
226.842,5.0840054
227.428,5.0774488
228.014,5.0709181
228.6,5.0644126
229.186,5.0579319
229.772,5.051476
230.358,5.0450449
230.944,5.0386381
231.53,5.0322556
232.116,5.0258975
232.702,5.0195637
233.288,5.0132537
233.874,5.0069671
234.46,5.0007043
235.046,4.9944649
235.632,4.9882488
236.218,4.9820557
236.804,4.9758854
237.39,4.969738
237.976,4.963613
238.562,4.9575109
239.148,4.9514313
239.734,4.945374
240.32,4.9393392
240.906,4.9333258
241.492,4.9273348
242.078,4.9213653
242.664,4.9154177
243.25,4.9094915
243.836,4.9035869
244.422,4.8977032
245.008,4.8918409
245.594,4.8859992
246.18,4.8801789
246.766,4.8743792
247.352,4.8685999
247.938,4.8628411
248.524,4.8571029
249.11,4.8513851
249.696,4.8456874
250.282,4.8400097
250.868,4.8343515
251.454,4.8287134
252.04,4.8230953
252.626,4.8174963
253.212,4.8119168
253.798,4.8063569
254.384,4.8008161
254.97,4.7952943
255.556,4.7897916
256.142,4.784308
256.728,4.7788429
257.314,4.773397
257.9,4.7679691
258.486,4.7625599
259.072,4.7571688
259.658,4.7517962
260.244,4.7464418
260.83,4.7411056
261.416,4.7357869
262.002,4.7304864
262.588,4.725204
263.174,4.7199388
263.76,4.7146912
264.346,4.7094607
264.932,4.7042484
265.518,4.6990528
266.104,4.6938744
266.69,4.6887136
267.276,4.683569
267.862,4.678442
268.448,4.6733313
269.034,4.6682377
269.62,4.6631603
270.206,4.6580997
270.792,4.6530557
271.378,4.6480279
271.964,4.6430163
272.55,4.638021
273.136,4.6330419
273.722,4.6280785
274.308,4.6231308
274.894,4.6181993
275.48,4.6132836
276.066,4.6083837
276.652,4.6034994
277.238,4.5986304
277.824,4.5937767
278.41,4.5889387
278.996,4.584116
279.582,4.579308
280.168,4.5745153
280.754,4.569737
281.34,4.5649738
281.926,4.560226
282.512,4.5554924
283.098,4.5507736
283.684,4.5460696
284.27,4.5413804
284.856,4.536705
285.442,4.5320444
286.028,4.5273981
286.614,4.5227661
287.2,4.5181484
287.786,4.513545
288.372,4.508955
288.958,4.5043797
289.544,4.4998178
290.13,4.4952703
290.716,4.490736
291.302,4.4862156
291.888,4.481709
292.474,4.4772158
293.06,4.4727359
293.646,4.4682698
294.232,4.4638171
294.818,4.4593773
295.404,4.4549513
295.99,4.4505382
296.576,4.4461379
297.162,4.441751
297.748,4.437377
298.334,4.4330163
298.92,4.428668
299.506,4.4243326
300.092,4.4200101
300.678,4.4157
301.264,4.4114022
301.85,4.4071164
302.436,4.4028435
303.022,4.3985829
303.608,4.3943348
304.194,4.3900986
304.78,4.3858747
305.366,4.3816633
305.952,4.3774638
306.538,4.3732767
307.124,4.3691015
307.71,4.3649383
308.296,4.3607869
308.882,4.3566475
309.468,4.3525195
310.054,4.3484035
310.64,4.3442993
311.226,4.3402066
311.812,4.3361254
312.398,4.3320556
312.984,4.3279972
313.57,4.3239508
314.156,4.3199153
314.742,4.3158913
315.328,4.3118782
315.914,4.3078766
316.5,4.3038859
317.086,4.2999063
317.672,4.2959375
318.258,4.2919803
318.844,4.2880335
319.43,4.2840981
320.016,4.2801728
320.602,4.276258
321.188,4.2723541
321.774,4.2684612
322.36,4.2645783
322.946,4.2607064
323.532,4.256845
324.118,4.2529941
324.704,4.2491536
325.29,4.2453237
325.876,4.2415037
326.462,4.2376943
327.048,4.2338948
327.634,4.2301059
328.22,4.2263274
328.806,4.2225585
329.392,4.2188001
329.978,4.2150512
330.564,4.2113128
331.15,4.2075839
331.736,4.2038651
332.322,4.2001562
332.908,4.1964569
333.494,4.1927676
334.08,4.1890883
334.666,4.1854181
335.252,4.1817579
335.838,4.1781068
336.424,4.1744657
337.01,4.1708341
337.596,4.167212
338.182,4.163599
338.768,4.1599956
339.354,4.1564016
339.94,4.1528168
340.526,4.149241
341.112,4.1456747
341.698,4.1421175
342.284,4.1385698
342.87,4.1350307
343.456,4.1315012
344.042,4.1279802
344.628,4.1244683
345.214,4.1209655
345.8,4.1174717
346.386,4.1139865
346.972,4.1105103
347.558,4.1070428
348.144,4.1035843
348.73,4.1001339
349.316,4.096693
349.902,4.0932603
350.488,4.0898361
351.074,4.086421
351.66,4.083014
352.246,4.0796156
352.832,4.0762253
353.418,4.072844
354.004,4.0694709
354.59,4.0661063
355.176,4.0627499
355.762,4.059402
356.348,4.0560617
356.934,4.0527306
357.52,4.049407
358.106,4.0460916
358.692,4.0427847
359.278,4.0394855
359.864,4.0361948
360.45,4.0329118
361.036,4.0296369
361.622,4.0263696
362.208,4.0231109
362.794,4.0198598
363.38,4.0166163
363.966,4.013381
364.552,4.0101533
365.138,4.0069332
365.724,4.0037212
366.31,4.0005169
366.896,3.9973202
367.482,3.9941311
368.068,3.9909494
368.654,3.9877758
369.24,3.9846094
369.826,3.9814506
370.412,3.9782994
370.998,3.9751556
371.584,3.9720192
372.17,3.9688902
372.756,3.9657686
373.342,3.9626546
373.928,3.9595475
374.514,3.9564478
375.1,3.9533556
375.686,3.9502707
376.272,3.9471927
376.858,3.9441221
377.444,3.9410584
378.03,3.9380021
378.616,3.9349527
379.202,3.9319105
379.788,3.9288754
380.374,3.9258471
380.96,3.9228261
381.546,3.9198117
382.132,3.9168046
382.718,3.9138041
383.304,3.9108107
383.89,3.907824
384.476,3.9048443
385.062,3.9018714
385.648,3.8989053
386.234,3.8959458
386.82,3.892993
387.406,3.8900471
387.992,3.8871078
388.578,3.8841751
389.164,3.8812492
389.75,3.8783298
390.336,3.875417
390.922,3.8725107
391.508,3.869611
392.094,3.8667176
392.68,3.863831
393.266,3.8609507
393.852,3.8580768
394.438,3.8552094
395.024,3.8523483
395.61,3.8494937
396.196,3.8466456
396.782,3.8438034
397.368,3.8409677
397.954,3.8381383
398.54,3.8353152
399.126,3.8324983
399.712,3.8296876
400.298,3.8268828
400.884,3.8240845
401.47,3.8212922
402.056,3.818506
402.642,3.815726
403.228,3.812952
403.814,3.810184
404.4,3.8074222
404.986,3.8046658
405.572,3.8019156
406.158,3.7991712
406.744,3.7964327
407.33,3.7937002
407.916,3.7909737
408.502,3.7882528
409.088,3.785538
409.674,3.7828288
410.26,3.7801256
410.846,3.7774282
411.432,3.7747366
412.018,3.7720506
412.604,3.7693703
413.19,3.766696
413.776,3.7640271
414.362,3.761364
414.948,3.7587066
415.534,3.7560549
416.12,3.7534087
416.706,3.7507679
417.292,3.7481329
417.878,3.7455034
418.464,3.7428794
419.05,3.7402611
419.636,3.7376482
420.222,3.7350407
420.808,3.7324388
421.394,3.7298422
421.98,3.7272511
422.566,3.7246654
423.152,3.722085
423.738,3.7195098
424.324,3.7169404
424.91,3.714376
425.496,3.711817
426.082,3.7092633
426.668,3.7067149
427.254,3.7041719
427.84,3.7016339
428.426,3.6991012
429.012,3.6965737
429.598,3.6940515
430.184,3.6915343
430.77,3.6890223
431.356,3.6865156
431.942,3.6840138
432.528,3.6815171
433.114,3.6790257
433.7,3.6765392
434.286,3.674057
434.872,3.6715801
435.458,3.6691079
436.044,3.666641
436.63,3.6641788
437.216,3.6617219
437.802,3.6592698
438.388,3.6568227
438.974,3.6543806
439.56,3.6519432
440.146,3.6495109
440.732,3.6470833
441.318,3.6446605
441.904,3.6422427
442.49,3.6398296
443.076,3.6374214
443.662,3.6350179
444.248,3.6326194
444.834,3.6302254
445.42,3.6278362
446.006,3.6254518
446.592,3.6230721
447.178,3.620697
447.764,3.6183267
448.35,3.6159608
448.936,3.6136
449.522,3.6112435
450.108,3.6088917
450.694,3.6065445
451.28,3.6042018
451.866,3.6018639
452.452,3.5995302
453.038,3.5972013
453.624,3.594877
454.21,3.592557
454.796,3.5902417
455.382,3.5879307
455.968,3.5856242
456.554,3.5833223
457.14,3.5810246
457.726,3.5787313
458.312,3.5764427
458.898,3.5741582
459.484,3.5718777
460.07,3.5696015
460.656,3.5673299
461.242,3.5650625
461.828,3.5627995
462.414,3.5605404
463,3.5582862
463.586,3.556036
464.172,3.5537901
464.758,3.5515482
465.344,3.5493109
465.93,3.5470777
466.516,3.5448487
467.102,3.542624
467.688,3.5404034
468.274,3.538187
468.86,3.535975
469.446,3.5337667
470.032,3.5315628
470.618,3.5293632
471.204,3.5271676
471.79,3.5249758
472.376,3.5227883
472.962,3.5206048
473.548,3.5184255
474.134,3.5162501
474.72,3.5140789
475.306,3.5119116
475.892,3.5097482
476.478,3.5075891
477.064,3.5054338
477.65,3.5032825
478.236,3.5011351
478.822,3.4989917
479.408,3.4968524
479.994,3.4947169
480.58,3.4925852
481.166,3.4904573
481.752,3.4883337
482.338,3.4862137
482.924,3.4840975
483.51,3.4819853
484.096,3.4798768
484.682,3.4777722
485.268,3.4756715
485.854,3.4735746
486.44,3.4714816
487.026,3.4693921
487.612,3.4673064
488.198,3.4652247
488.784,3.4631464
489.37,3.4610722
489.956,3.4590015
490.542,3.4569345
491.128,3.4548714
491.714,3.4528117
492.3,3.4507558
492.886,3.4487038
493.472,3.4466553
494.058,3.4446104
494.644,3.442569
495.23,3.4405315
495.816,3.4384975
496.402,3.4364672
496.988,3.4344404
497.574,3.4324172
498.16,3.4303975
498.746,3.4283814
499.332,3.426369
499.918,3.4243598
500.504,3.4223545
501.09,3.4203525
501.676,3.418354
502.262,3.4163592
502.848,3.4143677
503.434,3.4123797
504.02,3.4103951
504.606,3.4084141
505.192,3.4064364
505.778,3.4044623
506.364,3.4024916
506.95,3.4005244
507.536,3.3985605
508.122,3.3966
508.708,3.3946428
509.294,3.3926892
509.88,3.3907387
510.466,3.3887918
511.052,3.3868482
511.638,3.3849077
512.224,3.3829706
512.81,3.3810368
513.396,3.3791063
513.982,3.3771791
514.568,3.3752553
515.154,3.3733346
515.74,3.3714173
516.326,3.3695033
516.912,3.3675926
517.498,3.365685
518.084,3.3637807
518.67,3.3618796
519.256,3.3599818
519.842,3.3580871
520.428,3.3561957
521.014,3.3543074
521.6,3.3524222
522.186,3.3505404
522.772,3.3486619
523.358,3.3467863
523.944,3.3449137
524.53,3.3430445
525.116,3.3411784
525.702,3.3393154
526.288,3.3374555
526.874,3.3355987
527.46,3.333745
528.046,3.3318944
528.632,3.3300469
529.218,3.3282025
529.804,3.3263609
530.39,3.3245227
530.976,3.3226874
531.562,3.3208551
532.148,3.319026
532.734,3.3171997
533.32,3.3153765
533.906,3.3135562
534.492,3.3117392
535.078,3.3099248
535.664,3.3081136
536.25,3.3063054
536.836,3.3045001
537.422,3.3026979
538.008,3.3008983
538.594,3.2991021
539.18,3.2973084
539.766,3.2955179
540.352,3.29373
540.938,3.2919455
541.524,3.2901635
542.11,3.2883847
542.696,3.2866085
543.282,3.2848351
543.868,3.2830648
544.454,3.2812974
545.04,3.2795327
545.626,3.277771
546.212,3.2760119
546.798,3.2742558
547.384,3.2725024
547.97,3.270752
548.556,3.2690043
549.142,3.2672596
549.728,3.2655175
550.314,3.263778
550.9,3.2620416
551.486,3.2603078
552.072,3.2585769
552.658,3.2568486
553.244,3.2551231
553.83,3.2534003
554.416,3.2516804
555.002,3.249963
555.588,3.2482483
556.174,3.2465367
556.76,3.2448275
557.346,3.2431209
557.932,3.2414172
558.518,3.2397161
559.104,3.2380178
559.69,3.2363219
560.276,3.2346289
560.862,3.2329385
561.448,3.2312508
562.034,3.2295654
562.62,3.2278829
563.206,3.226203
563.792,3.2245255
564.378,3.2228508
564.964,3.2211785
565.55,3.2195091
566.136,3.2178421
566.722,3.2161777
567.308,3.2145159
567.894,3.2128568
568.48,3.2112
569.066,3.2095461
569.652,3.2078946
570.238,3.2062454
570.824,3.2045991
571.41,3.202955
571.996,3.2013137
572.582,3.1996748
573.168,3.1980386
573.754,3.1964047
574.34,3.1947732
574.926,3.1931446
575.512,3.1915181
576.098,3.1898942
576.684,3.1882727
577.27,3.1866539
577.856,3.1850374
578.442,3.1834235
579.028,3.1818118
579.614,3.1802027
580.2,3.178596
580.786,3.1769917
581.372,3.17539
581.958,3.1737907
582.544,3.1721935
583.13,3.170599
583.716,3.1690068
584.302,3.167417
584.888,3.1658297
585.474,3.1642449
586.06,3.162662
586.646,3.1610818
587.232,3.1595039
587.818,3.1579285
588.404,3.1563554
588.99,3.1547844
589.576,3.1532161
590.162,3.15165
590.748,3.1500862
591.334,3.1485245
591.92,3.1469655
592.506,3.1454086
593.092,3.1438541
593.678,3.142302
594.264,3.1407521
594.85,3.1392043
595.436,3.1376591
596.022,3.136116
596.608,3.1345751
597.194,3.1330366
597.78,3.1315005
598.366,3.1299665
598.952,3.1284347
599.538,3.1269052
600.124,3.1253779
600.71,3.123853
601.296,3.1223302
601.882,3.1208096
602.468,3.1192913
603.054,3.1177752
603.64,3.1162612
604.226,3.1147497
604.812,3.11324
605.398,3.1117327
605.984,3.1102278
606.57,3.1087248
607.156,3.107224
607.742,3.1057255
608.328,3.1042292
608.914,3.1027348
609.5,3.1012428
610.086,3.0997529
610.672,3.0982652
611.258,3.0967793
611.844,3.0952959
612.43,3.0938146
613.016,3.0923355
613.602,3.0908582
614.188,3.0893834
614.774,3.0879104
615.36,3.0864396
615.946,3.084971
616.532,3.0835044
617.118,3.0820401
617.704,3.0805776
618.29,3.0791173
618.876,3.0776591
619.462,3.0762029
620.048,3.0747488
620.634,3.0732968
621.22,3.071847
621.806,3.0703988
622.392,3.068953
622.978,3.0675094
623.564,3.0660675
624.15,3.0646276
624.736,3.06319
625.322,3.0617545
625.908,3.0603209
626.494,3.0588892
627.08,3.0574596
627.666,3.0560319
628.252,3.0546062
628.838,3.0531826
629.424,3.0517612
630.01,3.0503414
630.596,3.0489237
631.182,3.047508
631.768,3.0460944
632.354,3.0446827
632.94,3.043273
633.526,3.0418646
634.112,3.0404587
634.698,3.0390544
635.284,3.037652
635.87,3.0362515
636.456,3.0348532
637.042,3.0334566
637.628,3.0320621
638.214,3.0306695
638.8,3.0292788
639.386,3.02789
639.972,3.0265031
640.558,3.0251181
641.144,3.023735
641.73,3.0223539
642.316,3.0209746
642.902,3.0195973
643.488,3.0182216
644.074,3.0168481
644.66,3.0154762
645.246,3.0141065
645.832,3.0127385
646.418,3.0113723
647.004,3.0100081
647.59,3.0086455
648.176,3.0072851
648.762,3.0059264
649.348,3.0045695
649.934,3.0032146
650.52,3.0018613
651.106,3.00051
651.692,2.9991603
652.278,2.9978125
652.864,2.9964669
653.45,2.9951227
654.036,2.9937804
654.622,2.99244
655.208,2.9911013
655.794,2.9897645
656.38,2.9884293
656.966,2.9870961
657.552,2.9857647
658.138,2.9844348
658.724,2.9831071
659.31,2.981781
659.896,2.9804566
660.482,2.9791341
661.068,2.9778132
661.654,2.9764941
662.24,2.9751768
662.826,2.9738612
663.412,2.9725475
663.998,2.9712355
664.584,2.9699252
665.17,2.9686167
665.756,2.9673097
666.342,2.9660046
666.928,2.9647012
667.514,2.9633996
668.1,2.9620998
668.686,2.9608014
669.272,2.9595048
669.858,2.9582102
670.444,2.956917
671.03,2.9556255
671.616,2.9543359
672.202,2.953048
672.788,2.9517617
673.374,2.9504771
673.96,2.949194
674.546,2.9479129
675.132,2.9466333
675.718,2.9453554
676.304,2.9440792
676.89,2.9428046
677.476,2.9415317
678.062,2.9402599
678.648,2.9389899
679.234,2.9377215
679.82,2.9364548
680.406,2.9351895
680.992,2.9339259
681.578,2.9326642
682.164,2.9314036
682.75,2.9301453
683.336,2.9288881
683.922,2.9276328
684.508,2.926379
685.094,2.9251268
685.68,2.9238763
686.266,2.9226277
686.852,2.9213803
687.438,2.9201345
688.024,2.9188905
688.61,2.9176481
689.196,2.9164071
689.782,2.9151678
690.368,2.9139302
690.954,2.912694
691.54,2.9114594
692.126,2.9102266
692.712,2.9089952
693.298,2.9077654
693.884,2.9065371
694.47,2.9053104
695.056,2.9040854
695.642,2.9028618
696.228,2.9016397
696.814,2.9004192
697.4,2.8992004
697.986,2.8979831
698.572,2.8967671
699.158,2.8955529
699.744,2.89434
700.33,2.8931289
700.916,2.8919191
701.502,2.8907111
702.088,2.8895044
702.674,2.8882992
703.26,2.8870957
703.846,2.8858936
704.432,2.8846929
705.018,2.8834939
705.604,2.8822963
706.19,2.8811002
706.776,2.8799055
707.362,2.8787124
707.948,2.8775208
708.534,2.8763306
709.12,2.8751419
709.706,2.8739548
710.292,2.8727691
710.878,2.8715847
711.464,2.8704021
712.05,2.8692207
712.636,2.8680408
713.222,2.8668625
713.808,2.8656857
714.394,2.8645101
714.98,2.8633356
715.566,2.8621626
716.152,2.860991
716.738,2.8598208
717.324,2.8586524
717.91,2.8574851
718.496,2.8563192
719.082,2.8551548
719.668,2.853992
720.254,2.8528304
720.84,2.8516703
721.426,2.8505116
722.012,2.8493543
722.598,2.8481984
723.184,2.847044
723.77,2.845891
724.356,2.8447394
724.942,2.8435891
725.528,2.8424404
726.114,2.8412929
726.7,2.8401468
727.286,2.8390021
727.872,2.8378589
728.458,2.8367171
729.044,2.8355765
729.63,2.8344374
730.216,2.8332996
730.802,2.8321633
731.388,2.8310285
731.974,2.8298948
732.56,2.8287625
733.146,2.8276315
733.732,2.8265021
734.318,2.8253739
734.904,2.8242469
735.49,2.8231215
736.076,2.8219974
736.662,2.8208747
737.248,2.8197532
737.834,2.8186331
738.42,2.8175144
739.006,2.816397
739.592,2.8152809
740.178,2.8141661
740.764,2.8130527
741.35,2.8119404
741.936,2.8108299
742.522,2.8097203
743.108,2.8086121
743.694,2.8075054
744.28,2.8063998
744.866,2.8052955
745.452,2.8041925
746.038,2.803091
746.624,2.8019907
747.21,2.8008916
747.796,2.799794
748.382,2.7986977
748.968,2.7976024
749.554,2.7965086
750.14,2.7954161
750.726,2.7943249
751.312,2.7932348
751.898,2.7921462
752.484,2.7910588
753.07,2.7899725
753.656,2.7888877
754.242,2.7878039
754.828,2.7867215
755.414,2.7856405
756,2.7845607
756.586,2.7834821
757.172,2.7824047
757.758,2.7813287
758.344,2.7802539
758.93,2.7791803
759.516,2.7781079
760.102,2.7770369
760.688,2.7759669
761.274,2.7748983
761.86,2.7738309
762.446,2.7727647
763.032,2.7716999
763.618,2.7706363
764.204,2.7695737
764.79,2.7685125
765.376,2.7674525
765.962,2.7663937
766.548,2.765336
767.134,2.7642796
767.72,2.7632246
768.306,2.7621706
768.892,2.7611177
769.478,2.7600663
770.064,2.759016
770.65,2.7579665
771.236,2.7569184
771.822,2.7558713
772.408,2.7548256
772.994,2.7537808
773.58,2.7527375
774.166,2.7516952
774.752,2.7506542
775.338,2.7496142
775.924,2.7485757
776.51,2.7475381
777.096,2.7465017
777.682,2.7454665
778.268,2.7444324
778.854,2.7433996
779.44,2.742368
780.026,2.7413375
780.612,2.7403083
781.198,2.73928
781.784,2.7382531
782.37,2.7372272
782.956,2.7362025
783.542,2.7351789
784.128,2.7341566
784.714,2.7331352
785.3,2.7321153
785.886,2.7310963
786.472,2.7300785
787.058,2.7290616
787.644,2.7280462
788.23,2.7270317
788.816,2.7260184
789.402,2.7250063
789.988,2.7239952
790.574,2.7229853
791.16,2.7219765
791.746,2.720969
792.332,2.7199624
792.918,2.7189569
793.504,2.7179527
794.09,2.7169495
794.676,2.7159474
795.262,2.7149465
795.848,2.7139466
796.434,2.7129478
797.02,2.7119501
797.606,2.7109535
798.192,2.7099581
798.778,2.7089639
799.364,2.7079706
799.95,2.7069783
800.536,2.7059872
801.122,2.7049973
801.708,2.7040083
802.294,2.7030206
802.88,2.702034
803.466,2.7010481
804.052,2.7000637
804.638,2.6990802
805.224,2.6980977
805.81,2.6971164
806.396,2.696136
806.982,2.6951568
807.568,2.6941788
808.154,2.6932018
808.74,2.6922257
809.326,2.6912508
809.912,2.6902769
810.498,2.6893041
811.084,2.6883323
811.67,2.6873615
812.256,2.6863918
812.842,2.6854231
813.428,2.6844556
814.014,2.6834891
814.6,2.6825235
815.186,2.6815591
815.772,2.6805959
816.358,2.6796334
816.944,2.6786721
817.53,2.6777117
818.116,2.6767526
818.702,2.6757944
819.288,2.6748371
819.874,2.6738808
820.46,2.6729257
821.046,2.6719716
821.632,2.6710186
822.218,2.6700664
822.804,2.6691153
823.39,2.6681654
823.976,2.6672163
824.562,2.6662683
825.148,2.6653214
825.734,2.6643753
826.32,2.6634302
826.906,2.6624863
827.492,2.6615434
828.078,2.6606014
828.664,2.6596603
829.25,2.6587203
829.836,2.6577814
830.422,2.6568432
831.008,2.6559062
831.594,2.6549702
832.18,2.6540353
832.766,2.6531012
833.352,2.6521683
833.938,2.6512361
834.524,2.650305
835.11,2.649375
835.696,2.6484458
836.282,2.6475177
836.868,2.6465905
837.454,2.6456642
838.04,2.6447389
838.626,2.6438148
839.212,2.6428914
839.798,2.6419692
840.384,2.6410477
840.97,2.6401274
841.556,2.6392078
842.142,2.6382895
842.728,2.637372
843.314,2.6364553
843.9,2.6355398
844.486,2.6346252
845.072,2.6337113
845.658,2.6327987
846.244,2.631887
846.83,2.630976
847.416,2.6300662
848.002,2.6291571
848.588,2.6282492
849.174,2.627342
849.76,2.626436
850.346,2.6255307
850.932,2.6246264
851.518,2.623723
852.104,2.6228206
852.69,2.6219192
853.276,2.6210186
853.862,2.6201191
854.448,2.6192203
855.034,2.6183226
855.62,2.6174257
856.206,2.6165297
856.792,2.6156347
857.378,2.6147406
857.964,2.6138475
858.55,2.6129551
859.136,2.6120639
859.722,2.6111734
860.308,2.6102839
860.894,2.6093953
861.48,2.6085076
862.066,2.6076207
862.652,2.606735
863.238,2.60585
863.824,2.6049657
864.41,2.6040826
864.996,2.6032002
865.582,2.602319
866.168,2.6014383
866.754,2.6005588
867.34,2.5996799
867.926,2.5988021
868.512,2.5979252
869.098,2.5970492
869.684,2.596174
870.27,2.5952997
870.856,2.5944264
871.442,2.5935538
872.028,2.5926821
872.614,2.5918114
873.2,2.5909414
873.786,2.5900724
874.372,2.5892043
874.958,2.5883369
875.544,2.5874705
876.13,2.5866051
876.716,2.5857403
877.302,2.5848765
877.888,2.5840137
878.474,2.5831516
879.06,2.5822904
879.646,2.58143
880.232,2.5805705
880.818,2.5797119
881.404,2.5788541
881.99,2.5779972
882.576,2.5771413
883.162,2.5762858
883.748,2.5754316
884.334,2.574578
884.92,2.5737255
885.506,2.5728736
886.092,2.5720227
886.678,2.5711725
887.264,2.5703232
887.85,2.5694747
888.436,2.5686271
889.022,2.5677805
889.608,2.5669343
890.194,2.5660894
890.78,2.5652452
891.366,2.5644016
891.952,2.5635591
892.538,2.5627172
893.124,2.5618763
893.71,2.5610363
894.296,2.5601969
894.882,2.5593584
895.468,2.5585208
896.054,2.5576839
896.64,2.556848
897.226,2.5560129
897.812,2.5551784
898.398,2.5543449
898.984,2.5535121
899.57,2.5526803
900.156,2.5518491
900.742,2.5510187
901.328,2.5501893
901.914,2.5493608
902.5,2.5485327
903.086,2.5477057
903.672,2.5468795
904.258,2.5460541
904.844,2.5452294
905.43,2.5444055
906.016,2.5435824
906.602,2.5427601
907.188,2.5419388
907.774,2.5411181
908.36,2.5402982
908.946,2.539479
909.532,2.5386608
910.118,2.5378432
910.704,2.5370266
911.29,2.5362108
911.876,2.5353956
912.462,2.5345812
913.048,2.5337677
913.634,2.5329549
914.22,2.5321429
914.806,2.5313318
915.392,2.5305214
915.978,2.5297117
916.564,2.5289028
917.15,2.5280945
917.736,2.5272872
918.322,2.5264807
918.908,2.5256751
919.494,2.5248699
920.08,2.5240657
920.666,2.5232623
921.252,2.5224595
921.838,2.5216575
922.424,2.5208564
923.01,2.520056
923.596,2.5192561
924.182,2.5184574
924.768,2.5176592
925.354,2.5168617
925.94,2.5160651
926.526,2.5152693
927.112,2.5144742
927.698,2.5136797
928.284,2.5128863
928.87,2.5120933
929.456,2.5113013
930.042,2.51051
930.628,2.5097194
931.214,2.5089295
931.8,2.5081403
932.386,2.5073519
932.972,2.5065644
933.558,2.5057774
934.144,2.5049913
934.73,2.5042059
935.316,2.5034213
935.902,2.5026371
936.488,2.5018539
937.074,2.5010717
937.66,2.5002899
938.246,2.4995089
938.832,2.4987285
939.418,2.4979491
940.004,2.4971702
940.59,2.4963923
941.176,2.4956148
941.762,2.4948382
942.348,2.4940624
942.934,2.4932871
943.52,2.4925127
944.106,2.491739
944.692,2.4909658
945.278,2.4901936
945.864,2.4894221
946.45,2.4886513
947.036,2.4878809
947.622,2.4871116
948.208,2.4863429
948.794,2.485575
949.38,2.4848077
949.966,2.484041
950.552,2.4832752
951.138,2.4825101
951.724,2.4817457
952.31,2.4809818
952.896,2.4802189
953.482,2.4794564
954.068,2.4786949
954.654,2.4779339
955.24,2.4771736
955.826,2.4764142
956.412,2.4756553
956.998,2.4748971
957.584,2.4741397
958.17,2.4733829
958.756,2.4726269
959.342,2.4718716
959.928,2.4711168
960.514,2.4703629
961.1,2.4696097
961.686,2.468857
962.272,2.4681051
962.858,2.4673538
963.444,2.4666033
964.03,2.4658535
964.616,2.4651043
965.202,2.4643559
965.788,2.463608
966.374,2.4628608
966.96,2.4621146
967.546,2.4613688
968.132,2.4606237
968.718,2.4598792
969.304,2.4591355
969.89,2.4583924
970.476,2.4576502
971.062,2.4569085
971.648,2.4561672
972.234,2.4554269
972.82,2.4546874
973.406,2.4539483
973.992,2.4532099
974.578,2.4524722
975.164,2.451735
975.75,2.4509988
976.336,2.450263
976.922,2.449528
977.508,2.4487936
978.094,2.4480598
978.68,2.4473269
979.266,2.4465945
979.852,2.4458628
980.438,2.4451315
981.024,2.4444013
981.61,2.4436715
982.196,2.4429424
982.782,2.4422138
983.368,2.4414861
983.954,2.4407589
984.54,2.4400322
985.126,2.4393065
985.712,2.4385812
986.298,2.4378567
986.884,2.4371328
987.47,2.4364095
988.056,2.4356868
988.642,2.4349649
989.228,2.4342434
989.814,2.4335229
990.4,2.4328029
990.986,2.4320834
991.572,2.4313645
992.158,2.4306464
992.744,2.429929
993.33,2.4292121
993.916,2.4284959
994.502,2.4277802
995.088,2.4270654
995.674,2.4263508
996.26,2.4256372
996.846,2.4249241
997.432,2.4242117
998.018,2.4234998
998.604,2.4227886
999.19,2.4220781
999.776,2.4213681
1000.362,2.4206588
1000.948,2.41995
1001.534,2.4192421
1002.12,2.4185348
1002.706,2.4178278
1003.292,2.4171216
1003.878,2.4164159
1004.464,2.4157109
1005.05,2.4150066
1005.636,2.4143028
1006.222,2.4135997
1006.808,2.4128973
1007.394,2.4121954
1007.98,2.4114943
1008.566,2.4107935
1009.152,2.4100935
1009.738,2.409394
1010.324,2.4086952
1010.91,2.4079971
1011.496,2.4072993
1012.082,2.4066024
1012.668,2.405906
1013.254,2.4052103
1013.84,2.404515
1014.426,2.4038203
1015.012,2.4031265
1015.598,2.4024329
1016.184,2.4017403
1016.77,2.4010479
1017.356,2.4003565
1017.942,2.3996656
1018.528,2.3989751
1019.114,2.3982854
1019.7,2.3975961
1020.286,2.3969076
1020.872,2.3962195
1021.458,2.3955321
1022.044,2.3948452
1022.63,2.3941591
1023.216,2.3934734
1023.802,2.3927884
1024.388,2.3921039
1024.974,2.3914201
1025.56,2.3907368
1026.146,2.3900542
1026.732,2.3893721
1027.318,2.3886905
1027.904,2.3880095
1028.49,2.3873291
1029.076,2.3866491
1029.662,2.3859699
1030.248,2.3852911
1030.834,2.3846128
1031.42,2.3839352
1032.006,2.3832581
1032.592,2.3825817
1033.178,2.3819056
1033.764,2.3812304
1034.35,2.3805556
1034.936,2.3798814
1035.522,2.3792076
1036.108,2.3785346
1036.694,2.3778622
1037.28,2.3771904
1037.866,2.376519
1038.452,2.3758481
1039.038,2.3751779
1039.624,2.3745084
1040.21,2.3738394
1040.796,2.3731709
1041.382,2.3725028
1041.968,2.3718355
1042.554,2.3711686
1043.14,2.3705025
1043.726,2.3698368
1044.312,2.3691716
1044.898,2.3685071
1045.484,2.3678429
1046.07,2.3671796
1046.656,2.3665168
1047.242,2.3658545
1047.828,2.3651927
1048.414,2.3645315
1049,2.3638709
1049.586,2.3632107
1050.172,2.3625512
1050.758,2.361892
1051.344,2.3612337
1051.93,2.3605757
1052.516,2.3599184
1053.102,2.3592618
1053.688,2.3586054
1054.274,2.3579497
1054.86,2.3572946
1055.446,2.3566399
1056.032,2.3559859
1056.618,2.3553324
1057.204,2.3546793
1057.79,2.354027
1058.376,2.3533752
1058.962,2.3527238
1059.548,2.352073
1060.134,2.3514228
1060.72,2.3507731
1061.306,2.3501239
1061.892,2.3494751
1062.478,2.3488271
1063.064,2.3481796
1063.65,2.3475325
1064.236,2.3468859
1064.822,2.34624
1065.408,2.3455946
1065.994,2.3449497
1066.58,2.3443055
1067.166,2.3436615
1067.752,2.3430183
1068.338,2.3423755
1068.924,2.3417335
1069.51,2.3410916
1070.096,2.3404505
1070.682,2.3398099
1071.268,2.3391697
1071.854,2.3385301
1072.44,2.3378911
1073.026,2.3372526
1073.612,2.3366146
1074.198,2.3359771
1074.784,2.33534
1075.37,2.3347037
1075.956,2.3340676
1076.542,2.3334322
1077.128,2.3327975
1077.714,2.3321631
1078.3,2.3315291
1078.886,2.3308959
1079.472,2.3302631
1080.058,2.3296309
1080.644,2.328999
1081.23,2.3283677
1081.816,2.3277371
1082.402,2.3271067
1082.988,2.3264771
1083.574,2.3258479
1084.16,2.3252192
1084.746,2.3245909
1085.332,2.3239632
1085.918,2.3233361
1086.504,2.3227096
1087.09,2.3220832
1087.676,2.3214576
1088.262,2.3208325
1088.848,2.3202078
1089.434,2.3195839
1090.02,2.3189602
1090.606,2.3183372
1091.192,2.3177145
1091.778,2.3170924
1092.364,2.3164709
1092.95,2.3158498
1093.536,2.3152292
1094.122,2.3146091
1094.708,2.3139894
1095.294,2.3133702
1095.88,2.3127518
1096.466,2.3121336
1097.052,2.311516
1097.638,2.3108988
1098.224,2.3102822
1098.81,2.3096662
1099.396,2.3090506
1099.982,2.3084354
1100.568,2.3078208
1101.154,2.3072066
1101.74,2.3065929
1102.326,2.3059797
1102.912,2.3053672
1103.498,2.304755
1104.084,2.3041432
1104.67,2.3035321
1105.256,2.3029213
1105.842,2.3023112
1106.428,2.3017015
1107.014,2.3010921
1107.6,2.3004835
1108.186,2.2998753
1108.772,2.2992673
1109.358,2.29866
1109.944,2.2980533
1110.53,2.2974467
1111.116,2.2968409
1111.702,2.2962356
1112.288,2.2956307
1112.874,2.2950263
1113.46,2.2944224
1114.046,2.2938187
1114.632,2.293216
1115.218,2.2926133
1115.804,2.2920113
1116.39,2.2914097
1116.976,2.2908087
1117.562,2.2902081
1118.148,2.289608
1118.734,2.2890084
1119.32,2.288409
1119.906,2.2878103
1120.492,2.2872121
1121.078,2.2866144
1121.664,2.2860172
1122.25,2.2854202
1122.836,2.2848239
1123.422,2.2842281
1124.008,2.2836325
1124.594,2.2830377
1125.18,2.2824433
1125.766,2.2818491
1126.352,2.2812552
1126.938,2.2806618
1127.524,2.2800689
1128.11,2.2794766
1128.696,2.2788846
1129.282,2.2782931
1129.868,2.2777021
1130.454,2.2771113
1131.04,2.2765212
1131.626,2.2759316
1132.212,2.2753422
1132.798,2.2747536
1133.384,2.2741654
1133.97,2.2735775
1134.556,2.27299
1135.142,2.272403
1135.728,2.2718167
1136.314,2.2712307
1136.9,2.2706451
1137.486,2.2700601
1138.072,2.2694752
1138.658,2.2688911
1139.244,2.2683074
1139.83,2.267724
1140.416,2.2671411
1141.002,2.2665589
1141.588,2.2659769
1142.174,2.2653954
1142.76,2.2648144
1143.346,2.2642336
1143.932,2.2636535
1144.518,2.2630739
1145.104,2.2624946
1145.69,2.2619159
1146.276,2.2613375
1146.862,2.2607596
1147.448,2.2601819
1148.034,2.2596049
1148.62,2.2590284
1149.206,2.2584522
1149.792,2.2578766
1150.378,2.2573013
1150.964,2.2567265
1151.55,2.2561522
1152.136,2.2555783
1152.722,2.2550046
1153.308,2.2544317
1153.894,2.253859
1154.48,2.2532868
1155.066,2.2527151
1155.652,2.2521439
1156.238,2.2515731
1156.824,2.2510026
1157.41,2.2504325
1157.996,2.2498631
1158.582,2.2492938
1159.168,2.2487252
1159.754,2.248157
1160.34,2.2475891
1160.926,2.2470217
1161.512,2.2464547
1162.098,2.2458882
1162.684,2.245322
1163.27,2.2447565
1163.856,2.2441912
1164.442,2.2436264
1165.028,2.243062
1165.614,2.2424982
1166.2,2.2419345
1166.786,2.2413714
1167.372,2.2408087
1167.958,2.2402465
1168.544,2.2396848
1169.13,2.2391233
1169.716,2.2385623
1170.302,2.2380018
1170.888,2.2374418
1171.474,2.236882
1172.06,2.2363226
1172.646,2.2357638
1173.232,2.2352054
1173.818,2.2346475
1174.404,2.2340899
1174.99,2.2335327
1175.576,2.232976
1176.162,2.2324195
1176.748,2.2318637
1177.334,2.2313082
1177.92,2.2307532
1178.506,2.2301984
1179.092,2.2296441
1179.678,2.2290902
1180.264,2.2285368
1180.85,2.2279837
1181.436,2.2274313
1182.022,2.2268791
1182.608,2.2263274
1183.194,2.225776
1183.78,2.225225
1184.366,2.2246745
1184.952,2.2241244
1185.538,2.2235746
1186.124,2.2230253
1186.71,2.2224765
1187.296,2.2219281
1187.882,2.22138
1188.468,2.2208323
1189.054,2.2202849
1189.64,2.2197382
1190.226,2.2191918
1190.812,2.2186456
1191.398,2.2181001
1191.984,2.2175548
1192.57,2.21701
1193.156,2.2164657
1193.742,2.2159216
1194.328,2.215378
1194.914,2.2148347
1195.5,2.214292
1196.086,2.2137496
1196.672,2.2132075
1197.258,2.212666
1197.844,2.2121248
1198.43,2.2115841
1199.016,2.2110436
1199.602,2.2105036
1200.188,2.209964
1200.774,2.2094247
1201.36,2.2088859
1201.946,2.2083476
1202.532,2.2078097
1203.118,2.2072721
1203.704,2.2067349
1204.29,2.206198
1204.876,2.2056615
1205.462,2.2051253
1206.048,2.2045891
1206.634,2.2040534
1207.22,2.2035182
1207.806,2.2029834
1208.392,2.2024488
1208.978,2.2019148
1209.564,2.2013812
1210.15,2.2008479
1210.736,2.200315
1211.322,2.1997824
1211.908,2.1992505
1212.494,2.1987185
1213.08,2.1981874
1213.666,2.1976564
1214.252,2.1971257
1214.838,2.1965957
1215.424,2.1960659
1216.01,2.1955364
1216.596,2.1950076
1217.182,2.1944788
1217.768,2.1939507
1218.354,2.1934228
1218.94,2.1928954
1219.526,2.1923683
1220.112,2.1918416
1220.698,2.1913154
1221.284,2.1907895
1221.87,2.1902637
1222.456,2.1897388
1223.042,2.189214
1223.628,2.1886897
1224.214,2.1881657
1224.8,2.1876419
1225.386,2.1871188
1225.972,2.1865959
1226.558,2.1860733
1227.144,2.1855512
1227.73,2.1850295
1228.316,2.1845081
1228.902,2.1839871
1229.488,2.1834667
1230.074,2.1829464
1230.66,2.1824265
1231.246,2.1819072
1231.832,2.1813879
1232.418,2.1808693
1233.004,2.180351
1233.59,2.1798329
1234.176,2.1793153
1234.762,2.1787982
1235.348,2.1782813
1235.934,2.1777649
1236.52,2.1772487
1237.106,2.176733
1237.692,2.1762176
1238.278,2.1757026
1238.864,2.1751881
1239.45,2.1746738
1240.036,2.1741598
1240.622,2.1736462
1241.208,2.1731331
1241.794,2.1726203
1242.38,2.1721079
1242.966,2.1715961
1243.552,2.1710842
1244.138,2.170573
1244.724,2.1700621
1245.31,2.1695514
1245.896,2.1690412
1246.482,2.1685314
1247.068,2.1680219
1247.654,2.1675127
1248.24,2.1670039
1248.826,2.1664956
1249.412,2.1659875
1249.998,2.1654797
1250.584,2.1649723
1251.17,2.1644654
1251.756,2.1639588
1252.342,2.1634526
1252.928,2.1629467
1253.514,2.1624413
1254.1,2.161936
1254.686,2.1614311
1255.272,2.1609268
1255.858,2.1604226
1256.444,2.1599188
1257.03,2.1594155
1257.616,2.1589124
1258.202,2.1584096
1258.788,2.1579075
1259.374,2.1574054
1259.96,2.1569037
1260.546,2.1564026
1261.132,2.1559017
1261.718,2.155401
1262.304,2.1549008
1262.89,2.1544011
1263.476,2.1539016
1264.062,2.1534023
1264.648,2.1529036
1265.234,2.1524048
1265.82,2.1519063
1266.406,2.1514082
1266.992,2.1509104
1267.578,2.150413
1268.164,2.1499159
1268.75,2.1494191
1269.336,2.1489227
1269.922,2.1484268
1270.508,2.1479309
1271.094,2.1474357
1271.68,2.1469405
1272.266,2.1464458
1272.852,2.1459515
1273.438,2.1454575
1274.024,2.144964
1274.61,2.1444707
1275.196,2.1439776
1275.782,2.1434851
1276.368,2.1429927
1276.954,2.1425009
1277.54,2.1420093
1278.126,2.1415181
1278.712,2.1410272
1279.298,2.1405365
1279.884,2.1400464
1280.47,2.1395564
1281.056,2.1390669
1281.642,2.1385777
1282.228,2.1380889
1282.814,2.1376004
1283.4,2.1371121
1283.986,2.1366243
1284.572,2.1361368
1285.158,2.1356497
1285.744,2.1351628
1286.33,2.1346762
1286.916,2.1341901
1287.502,2.1337042
1288.088,2.1332188
1288.674,2.1327336
1289.26,2.1322489
1289.846,2.1317644
1290.432,2.1312802
1291.018,2.1307962
1291.604,2.1303127
1292.19,2.1298296
1292.776,2.1293468
1293.362,2.1288643
1293.948,2.1283822
1294.534,2.1279004
1295.12,2.1274188
1295.706,2.1269376
1296.292,2.1264567
1296.878,2.1259761
1297.464,2.1254959
1298.05,2.125016
1298.636,2.1245365
1299.222,2.1240573
1299.808,2.1235783
1300.394,2.1230998
1300.98,2.1226215
1301.566,2.1221437
1302.152,2.1216662
1302.738,2.1211889
1303.324,2.120712
1303.91,2.1202352
1304.496,2.1197591
1305.082,2.119283
1305.668,2.1188073
1306.254,2.1183321
1306.84,2.117857
1307.426,2.1173825
1308.012,2.1169081
1308.598,2.1164341
1309.184,2.1159604
1309.77,2.1154869
1310.356,2.1150138
1310.942,2.1145411
1311.528,2.1140687
1312.114,2.1135964
1312.7,2.1131248
1313.286,2.1126533
1313.872,2.1121821
1314.458,2.1117113
1315.044,2.1112406
1315.63,2.1107705
1316.216,2.1103005
1316.802,2.1098311
1317.388,2.1093619
1317.974,2.1088929
1318.56,2.1084242
1319.146,2.1079559
1319.732,2.1074879
1320.318,2.1070201
1320.904,2.1065528
1321.49,2.1060858
1322.076,2.105619
1322.662,2.1051526
1323.248,2.1046865
1323.834,2.1042206
1324.42,2.103755
1325.006,2.1032898
1325.592,2.1028249
1326.178,2.1023605
1326.764,2.101896
1327.35,2.1014323
1327.936,2.1009686
1328.522,2.1005054
1329.108,2.1000423
1329.694,2.0995796
1330.28,2.099117
1330.866,2.098655
1331.452,2.0981932
1332.038,2.0977318
1332.624,2.0972705
1333.21,2.0968096
1333.796,2.0963492
1334.382,2.0958889
1334.968,2.0954289
1335.554,2.0949693
1336.14,2.0945098
1336.726,2.0940509
1337.312,2.0935922
1337.898,2.0931337
1338.484,2.0926754
1339.07,2.0922177
1339.656,2.0917602
1340.242,2.0913029
1340.828,2.0908461
1341.414,2.0903893
1342,2.0899329
1342.586,2.0894768
1343.172,2.0890212
1343.758,2.0885656
1344.344,2.0881102
1344.93,2.0876548
1345.516,2.0872002
1346.102,2.0867455
1346.688,2.0862913
1347.274,2.0858376
1347.86,2.0853839
1348.446,2.0849304
1349.032,2.0844774
1349.618,2.0840247
1350.204,2.0835724
1350.79,2.0831201
1351.376,2.0826683
1351.962,2.0822167
1352.548,2.0817657
1353.134,2.0813146
1353.72,2.0808637
1354.306,2.0804136
1354.892,2.0799634
1355.478,2.0795135
1356.064,2.0790641
1356.65,2.078615
1357.236,2.078166
1357.822,2.0777175
1358.408,2.0772691
1358.994,2.0768211
1359.58,2.0763733
1360.166,2.0759258
1360.752,2.0754788
1361.338,2.075032
1361.924,2.0745852
1362.51,2.0741391
1363.096,2.073693
1363.682,2.0732472
1364.268,2.0728021
1364.854,2.0723569
1365.44,2.0719121
1366.026,2.0714674
1366.612,2.0710232
1367.198,2.0705791
1367.784,2.0701356
1368.37,2.0696921
1368.956,2.0692489
1369.542,2.0688062
1370.128,2.0683637
1370.714,2.0679214
1371.3,2.0674794
1371.886,2.0670376
1372.472,2.0665963
1373.058,2.0661552
1373.644,2.0657144
1374.23,2.0652738
1374.816,2.0648334
1375.402,2.0643935
1375.988,2.0639539
1376.574,2.0635145
1377.16,2.0630753
1377.746,2.0626364
1378.332,2.0621977
1378.918,2.0617595
1379.504,2.0613215
1380.09,2.0608838
1380.676,2.0604463
1381.262,2.0600092
1381.848,2.0595722
1382.434,2.0591357
1383.02,2.0586991
1383.606,2.0582633
1384.192,2.0578275
1384.778,2.0573919
1385.364,2.0569568
1385.95,2.0565217
1386.536,2.056087
1387.122,2.0556526
1387.708,2.0552185
1388.294,2.0547848
1388.88,2.0543511
1389.466,2.0539179
1390.052,2.0534849
1390.638,2.0530522
1391.224,2.0526197
1391.81,2.0521874
1392.396,2.0517554
1392.982,2.0513239
1393.568,2.0508926
1394.154,2.0504615
1394.74,2.0500307
1395.326,2.0496001
1395.912,2.0491698
1396.498,2.0487399
1397.084,2.04831
1397.67,2.0478806
1398.256,2.0474513
1398.842,2.0470226
1399.428,2.0465939
1400.014,2.0461655
1400.6,2.0457373
1401.186,2.0453095
1401.772,2.0448821
1402.358,2.0444548
1402.944,2.0440276
1403.53,2.0436008
1404.116,2.0431743
1404.702,2.0427482
1405.288,2.0423222
1405.874,2.0418966
1406.46,2.041471
1407.046,2.0410459
1407.632,2.040621
1408.218,2.0401964
1408.804,2.039772
1409.39,2.0393479
1409.976,2.0389242
1410.562,2.0385005
1411.148,2.0380774
1411.734,2.0376542
1412.32,2.0372314
1412.906,2.036809
1413.492,2.0363867
1414.078,2.0359647
1414.664,2.035543
1415.25,2.0351214
1415.836,2.0347004
1416.422,2.0342796
1417.008,2.0338588
1417.594,2.0334384
1418.18,2.0330184
1418.766,2.0325985
1419.352,2.0321789
1419.938,2.0317593
1420.524,2.0313404
1421.11,2.0309215
1421.696,2.0305028
1422.282,2.0300846
1422.868,2.0296664
1423.454,2.0292487
1424.04,2.0288312
1424.626,2.028414
1425.212,2.027997
1425.798,2.02758
1426.384,2.0271635
1426.97,2.0267475
1427.556,2.0263314
1428.142,2.0259156
1428.728,2.0255001
1429.314,2.025085
1429.9,2.0246699
1430.486,2.0242553
1431.072,2.0238409
1431.658,2.0234265
1432.244,2.0230126
1432.83,2.022599
1433.416,2.0221856
1434.002,2.0217724
1434.588,2.0213594
1435.174,2.0209467
1435.76,2.0205343
1436.346,2.0201223
1436.932,2.0197103
1437.518,2.0192986
1438.104,2.018887
1438.69,2.018476
1439.276,2.018065
1439.862,2.0176544
1440.448,2.0172441
1441.034,2.016834
1441.62,2.0164239
1442.206,2.0160143
1442.792,2.015605
1443.378,2.0151958
1443.964,2.014787
1444.55,2.0143783
1445.136,2.0139699
1445.722,2.0135617
1446.308,2.0131538
1446.894,2.0127461
1447.48,2.0123389
1448.066,2.0119317
1448.652,2.0115247
1449.238,2.0111179
1449.824,2.0107114
1450.41,2.0103054
1450.996,2.0098994
1451.582,2.0094938
1452.168,2.0090883
1452.754,2.0086832
1453.34,2.0082781
1453.926,2.0078735
1454.512,2.0074692
1455.098,2.0070648
1455.684,2.0066609
1456.27,2.0062571
1456.856,2.0058537
1457.442,2.0054505
1458.028,2.0050476
1458.614,2.0046449
1459.2,2.0042424
1459.786,2.00384
1460.372,2.003438
1460.958,2.0030363
1461.544,2.0026348
1462.13,2.0022333
1462.716,2.001832
1463.302,2.001431
1463.888,2.0010304
1464.474,2.0006299
1465.06,2.0002296
1465.646,1.9998296
1466.232,1.9994298
1466.818,1.9990302
1467.404,1.998631
1467.99,1.9982319
1468.576,1.9978331
1469.162,1.9974346
1469.748,1.9970362
1470.334,1.9966381
1470.92,1.9962403
1471.506,1.9958426
1472.092,1.9954453
1472.678,1.9950482
1473.264,1.9946513
1473.85,1.9942546
1474.436,1.9938582
1475.022,1.993462
1475.608,1.9930661
1476.194,1.9926703
1476.78,1.9922749
1477.366,1.9918795
1477.952,1.9914846
1478.538,1.9910898
1479.124,1.9906952
1479.71,1.9903009
1480.296,1.9899068
1480.882,1.989513
1481.468,1.9891195
1482.054,1.9887261
1482.64,1.988333
1483.226,1.98794
1483.812,1.9875473
1484.398,1.9871548
1484.984,1.9867628
1485.57,1.9863708
1486.156,1.9859791
1486.742,1.9855875
1487.328,1.9851962
1487.914,1.9848052
1488.5,1.9844145
1489.086,1.9840239
1489.672,1.9836335
1490.258,1.9832433
1490.844,1.9828534
1491.43,1.9824638
1492.016,1.9820744
1492.602,1.9816852
1493.188,1.9812963
1493.774,1.9809076
1494.36,1.9805191
1494.946,1.9801308
1495.532,1.9797428
1496.118,1.9793549
1496.704,1.9789673
1497.29,1.9785799
1497.876,1.9781928
1498.462,1.9778059
1499.048,1.9774193
1499.634,1.9770328
1500.22,1.9766467
1500.806,1.9762605
1501.392,1.9758748
1501.978,1.9754893
1502.564,1.9751039
1503.15,1.9747188
1503.736,1.974334
1504.322,1.9739493
1504.908,1.9735649
1505.494,1.9731808
1506.08,1.9727968
1506.666,1.9724131
1507.252,1.9720294
1507.838,1.9716462
1508.424,1.9712632
1509.01,1.9708803
1509.596,1.9704977
1510.182,1.9701153
1510.768,1.9697331
1511.354,1.9693512
1511.94,1.9689695
1512.526,1.9685879
1513.112,1.9682065
1513.698,1.9678257
1514.284,1.9674447
1514.87,1.9670641
1515.456,1.9666837
1516.042,1.9663035
1516.628,1.9659235
1517.214,1.9655439
1517.8,1.9651643
1518.386,1.964785
1518.972,1.9644059
1519.558,1.964027
1520.144,1.9636484
1520.73,1.9632699
1521.316,1.9628918
1521.902,1.9625138
1522.488,1.962136
1523.074,1.9617585
1523.66,1.9613812
1524.246,1.9610041
1524.832,1.9606272
1525.418,1.9602506
1526.004,1.959874
1526.59,1.9594978
1527.176,1.9591218
1527.762,1.9587461
1528.348,1.9583704
1528.934,1.9579951
1529.52,1.9576199
1530.106,1.957245
1530.692,1.9568703
1531.278,1.9564958
1531.864,1.9561214
1532.45,1.9557474
1533.036,1.9553735
1533.622,1.9549999
1534.208,1.9546264
1534.794,1.9542532
1535.38,1.9538802
1535.966,1.9535074
1536.552,1.9531348
1537.138,1.9527625
1537.724,1.9523903
1538.31,1.9520184
1538.896,1.9516467
1539.482,1.9512751
1540.068,1.9509039
1540.654,1.9505327
1541.24,1.9501618
1541.826,1.9497912
1542.412,1.9494208
1542.998,1.9490505
1543.584,1.9486805
1544.17,1.9483107
1544.756,1.9479411
1545.342,1.9475716
1545.928,1.9472024
1546.514,1.9468335
1547.1,1.9464648
1547.686,1.9460962
1548.272,1.9457278
1548.858,1.9453597
1549.444,1.9449918
1550.03,1.9446241
1550.616,1.9442565
1551.202,1.9438893
1551.788,1.9435221
1552.374,1.9431553
1552.96,1.9427886
1553.546,1.9424222
1554.132,1.9420558
1554.718,1.9416897
1555.304,1.9413239
1555.89,1.9409583
1556.476,1.9405929
1557.062,1.9402276
1557.648,1.9398626
1558.234,1.9394978
1558.82,1.9391332
1559.406,1.9387687
1559.992,1.9384046
1560.578,1.9380406
1561.164,1.9376768
1561.75,1.9373132
1562.336,1.9369498
1562.922,1.9365866
1563.508,1.9362236
1564.094,1.9358609
1564.68,1.9354984
1565.266,1.935136
1565.852,1.9347738
1566.438,1.9344119
1567.024,1.9340501
1567.61,1.9336886
1568.196,1.9333272
1568.782,1.9329661
1569.368,1.9326051
1569.954,1.9322444
1570.54,1.9318839
1571.126,1.9315236
1571.712,1.9311634
1572.298,1.9308035
1572.884,1.9304438
1573.47,1.9300842
1574.056,1.9297249
1574.642,1.9293659
1575.228,1.9290069
1575.814,1.9286482
1576.4,1.9282897
1576.986,1.9279313
1577.572,1.9275732
1578.158,1.9272153
1578.744,1.9268576
1579.33,1.9265001
1579.916,1.9261427
1580.502,1.9257857
1581.088,1.9254286
1581.674,1.925072
1582.26,1.9247154
1582.846,1.9243591
1583.432,1.9240029
1584.018,1.923647
1584.604,1.9232913
1585.19,1.9229357
1585.776,1.9225804
1586.362,1.9222252
1586.948,1.9218704
1587.534,1.9215156
1588.12,1.9211609
1588.706,1.9208066
1589.292,1.9204525
1589.878,1.9200985
1590.464,1.9197447
1591.05,1.9193912
1591.636,1.9190377
1592.222,1.9186846
1592.808,1.9183316
1593.394,1.9179788
1593.98,1.9176261
1594.566,1.9172738
1595.152,1.9169216
1595.738,1.9165695
1596.324,1.9162177
1596.91,1.9158661
1597.496,1.9155146
1598.082,1.9151634
1598.668,1.9148123
1599.254,1.9144615
1599.84,1.9141108
1600.426,1.9137604
1601.012,1.9134101
1601.598,1.9130599
1602.184,1.9127101
1602.77,1.9123604
1603.356,1.9120109
1603.942,1.9116616
1604.528,1.9113125
1605.114,1.9109635
1605.7,1.9106147
1606.286,1.9102662
1606.872,1.9099178
1607.458,1.9095696
1608.044,1.9092216
1608.63,1.9088739
1609.216,1.9085263
1609.802,1.9081789
1610.388,1.9078317
1610.974,1.9074847
1611.56,1.9071378
1612.146,1.9067911
1612.732,1.9064447
1613.318,1.9060984
1613.904,1.9057523
1614.49,1.9054064
1615.076,1.9050606
1615.662,1.9047152
1616.248,1.9043698
1616.834,1.9040247
1617.42,1.9036797
1618.006,1.903335
1618.592,1.9029903
1619.178,1.9026459
1619.764,1.9023018
1620.35,1.9019578
1620.936,1.9016138
1621.522,1.9012703
1622.108,1.9009267
1622.694,1.9005835
1623.28,1.9002404
1623.866,1.8998975
1624.452,1.8995547
1625.038,1.8992122
1625.624,1.8988699
1626.21,1.8985277
1626.796,1.8981857
1627.382,1.897844
1627.968,1.8975023
1628.554,1.8971609
1629.14,1.8968196
1629.726,1.8964787
1630.312,1.8961377
1630.898,1.895797
1631.484,1.8954566
1632.07,1.8951162
1632.656,1.8947761
1633.242,1.8944361
1633.828,1.8940964
1634.414,1.8937567
1635,1.8934174
1635.586,1.8930781
1636.172,1.8927391
1636.758,1.8924001
1637.344,1.8920615
1637.93,1.891723
1638.516,1.8913847
1639.102,1.8910465
1639.688,1.8907086
1640.274,1.8903708
1640.86,1.8900332
1641.446,1.8896959
1642.032,1.8893586
1642.618,1.8890215
1643.204,1.8886846
1643.79,1.888348
1644.376,1.8880115
1644.962,1.8876752
1645.548,1.887339
1646.134,1.8870031
1646.72,1.8866673
1647.306,1.8863317
1647.892,1.8859962
1648.478,1.8856609
1649.064,1.8853258
1649.65,1.8849909
1650.236,1.8846562
1650.822,1.8843217
1651.408,1.8839873
1651.994,1.8836532
1652.58,1.8833191
1653.166,1.8829854
1653.752,1.8826517
1654.338,1.8823181
1654.924,1.8819849
1655.51,1.8816518
1656.096,1.8813188
1656.682,1.8809861
1657.268,1.8806535
1657.854,1.880321
1658.44,1.8799888
1659.026,1.8796568
1659.612,1.8793249
1660.198,1.8789932
1660.784,1.8786616
1661.37,1.8783302
1661.956,1.8779991
1662.542,1.877668
1663.128,1.8773372
1663.714,1.8770065
1664.3,1.8766761
1664.886,1.8763458
1665.472,1.8760157
1666.058,1.8756857
1666.644,1.875356
1667.23,1.8750262
1667.816,1.8746969
1668.402,1.8743676
1668.988,1.8740385
1669.574,1.8737096
1670.16,1.8733808
1670.746,1.8730522
1671.332,1.8727238
1671.918,1.8723956
1672.504,1.8720676
1673.09,1.8717396
1673.676,1.8714119
1674.262,1.8710843
1674.848,1.8707571
1675.434,1.8704299
1676.02,1.8701029
1676.606,1.869776
1677.192,1.8694493
1677.778,1.8691227
1678.364,1.8687965
1678.95,1.8684703
1679.536,1.8681443
1680.122,1.8678185
1680.708,1.8674928
1681.294,1.8671672
1681.88,1.866842
1682.466,1.8665168
1683.052,1.8661919
1683.638,1.865867
1684.224,1.8655424
1684.81,1.8652179
1685.396,1.8648937
1685.982,1.8645695
1686.568,1.8642455
1687.154,1.8639218
1687.74,1.8635981
1688.326,1.8632747
1688.912,1.8629514
1689.498,1.8626283
1690.084,1.8623053
1690.67,1.8619826
1691.256,1.8616599
1691.842,1.8613374
1692.428,1.8610152
1693.014,1.8606931
1693.6,1.8603711
1694.186,1.8600494
1694.772,1.8597277
1695.358,1.8594064
1695.944,1.859085
1696.53,1.8587639
1697.116,1.8584429
1697.702,1.8581221
1698.288,1.8578016
1698.874,1.8574811
1699.46,1.8571608
1700.046,1.8568407
1700.632,1.8565208
1701.218,1.8562009
1701.804,1.8558813
1702.39,1.8555619
1702.976,1.8552426
1703.562,1.8549235
1704.148,1.8546045
1704.734,1.8542857
1705.32,1.8539671
1705.906,1.8536485
1706.492,1.8533303
1707.078,1.8530122
1707.664,1.8526942
1708.25,1.8523763
1708.836,1.8520588
1709.422,1.8517412
1710.008,1.8514239
1710.594,1.8511068
1711.18,1.8507898
1711.766,1.8504729
1712.352,1.8501562
1712.938,1.8498397
1713.524,1.8495234
1714.11,1.8492072
1714.696,1.8488911
1715.282,1.8485752
1715.868,1.8482596
1716.454,1.847944
1717.04,1.8476287
1717.626,1.8473134
1718.212,1.8469985
1718.798,1.8466835
1719.384,1.8463688
1719.97,1.8460542
1720.556,1.8457397
1721.142,1.8454255
1721.728,1.8451115
1722.314,1.8447975
1722.9,1.8444837
1723.486,1.8441701
1724.072,1.8438567
1724.658,1.8435434
1725.244,1.8432302
1725.83,1.8429173
1726.416,1.8426045
1727.002,1.8422918
1727.588,1.8419793
1728.174,1.8416671
1728.76,1.8413548
1729.346,1.8410428
1729.932,1.840731
1730.518,1.8404193
1731.104,1.8401077
1731.69,1.8397963
1732.276,1.839485
1732.862,1.839174
1733.448,1.8388631
1734.034,1.8385524
1734.62,1.8382417
1735.206,1.8379313
1735.792,1.8376211
1736.378,1.8373109
1736.964,1.837001
1737.55,1.8366911
1738.136,1.8363814
1738.722,1.836072
1739.308,1.8357626
1739.894,1.8354535
1740.48,1.8351444
1741.066,1.8348355
1741.652,1.8345268
1742.238,1.8342183
1742.824,1.8339099
1743.41,1.8336016
1743.996,1.8332934
1744.582,1.8329856
1745.168,1.8326777
1745.754,1.8323702
1746.34,1.8320627
1746.926,1.8317554
1747.512,1.8314482
1748.098,1.8311412
1748.684,1.8308343
1749.27,1.8305277
1749.856,1.8302211
1750.442,1.8299147
1751.028,1.8296084
1751.614,1.8293023
1752.2,1.8289964
1752.786,1.8286906
1753.372,1.828385
1753.958,1.8280795
1754.544,1.8277742
1755.13,1.827469
1755.716,1.8271641
1756.302,1.8268591
1756.888,1.8265544
1757.474,1.82625
1758.06,1.8259455
1758.646,1.8256413
1759.232,1.8253372
1759.818,1.8250332
1760.404,1.8247293
1760.99,1.8244257
1761.576,1.8241222
1762.162,1.8238189
1762.748,1.8235157
1763.334,1.8232126
1763.92,1.8229097
1764.506,1.822607
1765.092,1.8223044
1765.678,1.8220019
1766.264,1.8216996
1766.85,1.8213975
1767.436,1.8210956
1768.022,1.8207937
1768.608,1.820492
1769.194,1.8201905
1769.78,1.8198891
1770.366,1.8195878
1770.952,1.8192868
1771.538,1.8189858
1772.124,1.8186851
1772.71,1.8183844
1773.296,1.8180839
1773.882,1.8177836
1774.468,1.8174834
1775.054,1.8171833
1775.64,1.8168834
1776.226,1.8165836
1776.812,1.8162841
1777.398,1.8159846
1777.984,1.8156853
1778.57,1.8153862
1779.156,1.8150872
1779.742,1.8147883
1780.328,1.8144896
1780.914,1.814191
1781.5,1.8138926
1782.086,1.8135943
1782.672,1.8132962
1783.258,1.8129982
1783.844,1.8127004
1784.43,1.8124027
1785.016,1.8121051
1785.602,1.8118078
1786.188,1.8115106
1786.774,1.8112134
1787.36,1.8109164
1787.946,1.8106196
1788.532,1.810323
1789.118,1.8100264
1789.704,1.8097301
1790.29,1.8094339
1790.876,1.8091378
1791.462,1.8088418
1792.048,1.8085461
1792.634,1.8082504
1793.22,1.8079549
1793.806,1.8076595
1794.392,1.8073643
1794.978,1.8070693
1795.564,1.8067744
1796.15,1.8064796
1796.736,1.806185
1797.322,1.8058904
1797.908,1.8055961
1798.494,1.8053019
1799.08,1.8050078
1799.666,1.804714
1800.252,1.8044201
1800.838,1.8041266
1801.424,1.803833
1802.01,1.8035398
1802.596,1.8032465
1803.182,1.8029535
1803.768,1.8026606
1804.354,1.8023678
1804.94,1.8020751
1805.526,1.8017827
1806.112,1.8014903
1806.698,1.8011981
1807.284,1.8009061
1807.87,1.8006141
1808.456,1.8003224
1809.042,1.8000307
1809.628,1.7997392
1810.214,1.7994479
1810.8,1.7991567
1811.386,1.7988657
1811.972,1.7985747
1812.558,1.7982839
1813.144,1.7979933
1813.73,1.7977028
1814.316,1.7974124
1814.902,1.7971222
1815.488,1.7968321
1816.074,1.7965422
1816.66,1.7962524
1817.246,1.7959627
1817.832,1.7956731
1818.418,1.7953838
1819.004,1.7950946
1819.59,1.7948055
1820.176,1.7945166
1820.762,1.7942277
1821.348,1.793939
1821.934,1.7936505
1822.52,1.7933621
1823.106,1.7930738
1823.692,1.7927856
1824.278,1.7924976
1824.864,1.7922099
1825.45,1.7919221
1826.036,1.7916346
1826.622,1.7913471
1827.208,1.7910599
1827.794,1.7907727
1828.38,1.7904857
1828.966,1.7901988
1829.552,1.7899121
1830.138,1.7896254
1830.724,1.7893389
1831.31,1.7890526
1831.896,1.7887664
1832.482,1.7884804
1833.068,1.7881945
1833.654,1.7879087
1834.24,1.787623
1834.826,1.7873375
1835.412,1.7870522
1835.998,1.786767
1836.584,1.7864819
1837.17,1.7861969
1837.756,1.7859122
1838.342,1.7856274
1838.928,1.7853428
1839.514,1.7850585
1840.1,1.7847741
1840.686,1.78449
1841.272,1.784206
1841.858,1.7839221
1842.444,1.7836384
1843.03,1.7833548
1843.616,1.7830713
1844.202,1.7827879
1844.788,1.7825048
1845.374,1.7822218
1845.96,1.7819388
1846.546,1.781656
1847.132,1.7813734
1847.718,1.7810909
1848.304,1.7808084
1848.89,1.7805262
1849.476,1.7802441
1850.062,1.7799621
1850.648,1.7796803
1851.234,1.7793984
1851.82,1.7791169
1852.406,1.7788354
1852.992,1.7785542
1853.578,1.778273
1854.164,1.7779919
1854.75,1.777711
1855.336,1.7774302
1855.922,1.7771496
1856.508,1.7768691
1857.094,1.7765887
1857.68,1.7763084
1858.266,1.7760283
1858.852,1.7757483
1859.438,1.7754685
1860.024,1.7751887
1860.61,1.7749091
1861.196,1.7746296
1861.782,1.7743504
1862.368,1.7740712
1862.954,1.773792
1863.54,1.7735132
1864.126,1.7732344
1864.712,1.7729557
1865.298,1.7726772
1865.884,1.7723987
1866.47,1.7721205
1867.056,1.7718424
1867.642,1.7715644
1868.228,1.7712864
1868.814,1.7710087
1869.4,1.7707311
1869.986,1.7704536
1870.572,1.7701762
1871.158,1.769899
1871.744,1.7696218
1872.33,1.7693449
1872.916,1.7690681
1873.502,1.7687913
1874.088,1.7685148
1874.674,1.7682383
1875.26,1.767962
1875.846,1.7676859
1876.432,1.7674097
1877.018,1.7671338
1877.604,1.7668581
1878.19,1.7665824
1878.776,1.7663068
1879.362,1.7660314
1879.948,1.7657561
1880.534,1.765481
1881.12,1.7652059
1881.706,1.764931
1882.292,1.7646563
1882.878,1.7643816
1883.464,1.7641071
1884.05,1.7638327
1884.636,1.7635584
1885.222,1.7632843
1885.808,1.7630103
1886.394,1.7627364
1886.98,1.7624627
1887.566,1.762189
1888.152,1.7619156
1888.738,1.7616422
1889.324,1.761369
1889.91,1.7610959
1890.496,1.7608229
1891.082,1.76055
1891.668,1.7602773
1892.254,1.7600046
1892.84,1.7597322
1893.426,1.7594599
1894.012,1.7591876
1894.598,1.7589155
1895.184,1.7586435
1895.77,1.7583717
1896.356,1.7581
1896.942,1.7578284
1897.528,1.7575569
1898.114,1.7572856
1898.7,1.7570144
1899.286,1.7567433
1899.872,1.7564723
1900.458,1.7562015
1901.044,1.7559308
1901.63,1.7556602
1902.216,1.7553897
1902.802,1.7551194
1903.388,1.7548492
1903.974,1.7545791
1904.56,1.7543091
1905.146,1.7540393
1905.732,1.7537695
1906.318,1.7535
1906.904,1.7532305
1907.49,1.7529612
1908.076,1.7526919
1908.662,1.7524228
1909.248,1.7521539
1909.834,1.7518851
1910.42,1.7516164
1911.006,1.7513477
1911.592,1.7510792
1912.178,1.7508109
1912.764,1.7505426
1913.35,1.7502745
1913.936,1.7500066
1914.522,1.7497387
1915.108,1.7494709
1915.694,1.7492033
1916.28,1.7489358
1916.866,1.7486686
1917.452,1.7484013
1918.038,1.7481341
1918.624,1.7478671
1919.21,1.7476002
1919.796,1.7473335
1920.382,1.7470669
1920.968,1.7468003
1921.554,1.746534
1922.14,1.7462677
1922.726,1.7460016
1923.312,1.7457355
1923.898,1.7454697
1924.484,1.7452039
1925.07,1.7449383
1925.656,1.7446727
1926.242,1.7444073
1926.828,1.7441419
1927.414,1.7438768
1928,1.7436117
1928.586,1.7433468
1929.172,1.743082
1929.758,1.7428173
1930.344,1.7425528
1930.93,1.7422882
1931.516,1.7420239
1932.102,1.7417598
1932.688,1.7414956
1933.274,1.7412317
1933.86,1.7409679
1934.446,1.7407042
1935.032,1.7404405
1935.618,1.740177
1936.204,1.7399137
1936.79,1.7396505
1937.376,1.7393873
1937.962,1.7391243
1938.548,1.7388614
1939.134,1.7385986
1939.72,1.738336
1940.306,1.7380735
1940.892,1.7378111
1941.478,1.7375487
1942.064,1.7372866
1942.65,1.7370245
1943.236,1.7367625
1943.822,1.7365007
1944.408,1.7362391
1944.994,1.7359774
1945.58,1.735716
1946.166,1.7354547
1946.752,1.7351935
1947.338,1.7349323
1947.924,1.7346714
1948.51,1.7344105
1949.096,1.7341497
1949.682,1.7338891
1950.268,1.7336285
1950.854,1.7333682
1951.44,1.7331079
1952.026,1.7328477
1952.612,1.7325877
1953.198,1.7323277
1953.784,1.7320679
1954.37,1.7318082
1954.956,1.7315487
1955.542,1.7312891
1956.128,1.7310297
1956.714,1.7307706
1957.3,1.7305114
1957.886,1.7302525
1958.472,1.7299936
1959.058,1.7297348
1959.644,1.7294762
1960.23,1.7292176
1960.816,1.7289592
1961.402,1.7287009
1961.988,1.7284428
1962.574,1.7281847
1963.16,1.7279267
1963.746,1.7276689
1964.332,1.7274112
1964.918,1.7271535
1965.504,1.726896
1966.09,1.7266387
1966.676,1.7263814
1967.262,1.7261243
1967.848,1.7258673
1968.434,1.7256103
1969.02,1.7253535
1969.606,1.7250968
1970.192,1.7248403
1970.778,1.7245837
1971.364,1.7243274
1971.95,1.7240713
1972.536,1.7238151
1973.122,1.7235591
1973.708,1.7233032
1974.294,1.7230475
1974.88,1.7227918
1975.466,1.7225362
1976.052,1.7222809
1976.638,1.7220255
1977.224,1.7217703
1977.81,1.7215152
1978.396,1.7212603
1978.982,1.7210054
1979.568,1.7207507
1980.154,1.7204959
1980.74,1.7202414
1981.326,1.719987
1981.912,1.7197328
1982.498,1.7194786
1983.084,1.7192245
1983.67,1.7189705
1984.256,1.7187167
1984.842,1.7184631
1985.428,1.7182094
1986.014,1.7179558
1986.6,1.7177025
1987.186,1.7174492
1987.772,1.717196
1988.358,1.7169429
1988.944,1.7166901
1989.53,1.7164372
1990.116,1.7161845
1990.702,1.7159319
1991.288,1.7156794
1991.874,1.7154269
1992.46,1.7151747
1993.046,1.7149225
1993.632,1.7146704
1994.218,1.7144185
1994.804,1.7141668
1995.39,1.713915
1995.976,1.7136633
1996.562,1.7134118
1997.148,1.7131605
1997.734,1.7129092
1998.32,1.712658
1998.906,1.712407
1999.492,1.7121561
2000.078,1.7119052
2000.664,1.7116545
2001.25,1.7114038
2001.836,1.7111534
2002.422,1.7109029
2003.008,1.7106527
2003.594,1.7104025
2004.18,1.7101525
2004.766,1.7099025
2005.352,1.7096527
2005.938,1.7094029
2006.524,1.7091533
2007.11,1.7089038
2007.696,1.7086544
2008.282,1.7084051
2008.868,1.708156
2009.454,1.7079068
2010.04,1.7076579
2010.626,1.707409
2011.212,1.7071604
2011.798,1.7069117
2012.384,1.7066631
2012.97,1.7064147
2013.556,1.7061664
2014.142,1.7059182
2014.728,1.7056701
2015.314,1.7054222
2015.9,1.7051742
2016.486,1.7049265
2017.072,1.7046788
2017.658,1.7044313
2018.244,1.7041838
2018.83,1.7039365
2019.416,1.7036892
2020.002,1.7034421
2020.588,1.7031951
2021.174,1.7029482
2021.76,1.7027014
2022.346,1.7024547
2022.932,1.7022082
2023.518,1.7019616
2024.104,1.7017152
2024.69,1.7014691
2025.276,1.7012229
2025.862,1.7009768
2026.448,1.7007308
2027.034,1.700485
2027.62,1.7002393
2028.206,1.6999937
2028.792,1.6997482
2029.378,1.6995027
2029.964,1.6992575
2030.55,1.6990123
2031.136,1.6987672
2031.722,1.6985222
2032.308,1.6982774
2032.894,1.6980326
2033.48,1.6977879
2034.066,1.6975434
2034.652,1.6972989
2035.238,1.6970545
2035.824,1.6968102
2036.41,1.6965662
2036.996,1.6963221
2037.582,1.6960783
2038.168,1.6958344
2038.754,1.6955907
2039.34,1.6953471
2039.926,1.6951036
2040.512,1.6948602
2041.098,1.6946169
2041.684,1.6943737
2042.27,1.6941307
2042.856,1.6938877
2043.442,1.6936448
2044.028,1.6934021
2044.614,1.6931593
2045.2,1.6929169
2045.786,1.6926744
2046.372,1.6924319
2046.958,1.6921897
2047.544,1.6919477
2048.13,1.6917056
2048.716,1.6914637
2049.302,1.6912218
2049.888,1.6909801
2050.474,1.6907384
2051.06,1.6904969
2051.646,1.6902555
2052.232,1.6900142
2052.818,1.6897731
2053.404,1.6895319
2053.99,1.689291
2054.576,1.6890501
2055.162,1.6888093
2055.748,1.6885686
2056.334,1.688328
2056.92,1.6880875
2057.506,1.6878471
2058.092,1.6876069
2058.678,1.6873667
2059.264,1.6871266
2059.85,1.6868867
2060.436,1.6866468
2061.022,1.6864071
2061.608,1.6861674
2062.194,1.6859277
2062.78,1.6856884
2063.366,1.685449
2063.952,1.6852098
2064.538,1.6849706
2065.124,1.6847316
2065.71,1.6844926
2066.296,1.6842538
2066.882,1.684015
2067.468,1.6837764
2068.054,1.6835378
2068.64,1.6832994
2069.226,1.6830611
2069.812,1.6828228
2070.398,1.6825848
2070.984,1.6823467
2071.57,1.6821088
2072.156,1.6818709
2072.742,1.6816332
2073.328,1.6813956
2073.914,1.6811581
2074.5,1.6809207
2075.086,1.6806834
2075.672,1.6804461
2076.258,1.680209
2076.844,1.6799721
2077.43,1.6797351
2078.016,1.6794983
2078.602,1.6792616
2079.188,1.6790249
2079.774,1.6787884
2080.36,1.678552
2080.946,1.6783156
2081.532,1.6780795
2082.118,1.6778433
2082.704,1.6776074
2083.29,1.6773715
2083.876,1.6771357
2084.462,1.6768999
2085.048,1.6766644
2085.634,1.6764288
2086.22,1.6761934
2086.806,1.675958
2087.392,1.6757228
2087.978,1.6754878
2088.564,1.6752527
2089.15,1.6750178
2089.736,1.674783
2090.322,1.6745483
2090.908,1.6743137
2091.494,1.6740792
2092.08,1.6738447
2092.666,1.6736103
2093.252,1.6733762
2093.838,1.673142
2094.424,1.6729079
2095.01,1.6726738
2095.596,1.6724399
2096.182,1.672206
2096.768,1.6719723
2097.354,1.6717386
2097.94,1.6715051
2098.526,1.6712717
2099.112,1.6710383
2099.698,1.670805
2100.284,1.6705718
2100.87,1.6703387
2101.456,1.6701058
2102.042,1.6698729
2102.628,1.6696401
2103.214,1.6694075
2103.8,1.6691748
2104.386,1.6689423
2104.972,1.66871
2105.558,1.6684777
2106.144,1.6682456
2106.73,1.6680135
2107.316,1.6677814
2107.902,1.6675495
2108.488,1.6673176
2109.074,1.6670859
2109.66,1.6668544
2110.246,1.6666229
2110.832,1.6663914
2111.418,1.6661601
2112.004,1.6659288
2112.59,1.6656977
2113.176,1.6654667
2113.762,1.6652358
2114.348,1.665005
2114.934,1.6647742
2115.52,1.6645435
2116.106,1.664313
2116.692,1.6640825
2117.278,1.6638521
2117.864,1.6636219
2118.45,1.6633917
2119.036,1.6631616
2119.622,1.6629317
2120.208,1.6627017
2120.794,1.662472
2121.38,1.6622423
2121.966,1.6620127
2122.552,1.6617832
2123.138,1.6615537
2123.724,1.6613244
2124.31,1.6610953
2124.896,1.6608661
2125.482,1.660637
2126.068,1.6604081
2126.654,1.6601793
2127.24,1.6599506
2127.826,1.659722
2128.412,1.6594934
2128.998,1.6592649
2129.584,1.6590365
2130.17,1.6588082
2130.756,1.6585801
2131.342,1.658352
2131.928,1.6581241
2132.514,1.6578962
2133.1,1.6576684
2133.686,1.6574407
2134.272,1.6572131
2134.858,1.6569855
2135.444,1.6567581
2136.03,1.6565307
2136.616,1.6563035
2137.202,1.6560764
2137.788,1.6558493
2138.374,1.6556224
2138.96,1.6553955
2139.546,1.6551688
2140.132,1.6549422
2140.718,1.6547155
2141.304,1.654489
2141.89,1.6542627
2142.476,1.6540363
2143.062,1.6538101
2143.648,1.653584
2144.234,1.653358
2144.82,1.6531321
2145.406,1.6529062
2145.992,1.6526805
2146.578,1.6524549
2147.164,1.6522293
2147.75,1.6520039
2148.336,1.6517785
2148.922,1.6515532
2149.508,1.651328
2150.094,1.6511029
2150.68,1.6508778
2151.266,1.650653
2151.852,1.6504282
2152.438,1.6502035
2153.024,1.6499788
2153.61,1.6497543
2154.196,1.6495298
2154.782,1.6493055
2155.368,1.6490812
2155.954,1.648857
2156.54,1.6486329
2157.126,1.6484089
2157.712,1.648185
2158.298,1.6479613
2158.884,1.6477375
2159.47,1.6475139
2160.056,1.6472903
2160.642,1.6470668
2161.228,1.6468436
2161.814,1.6466203
2162.4,1.6463971
2162.986,1.646174
2163.572,1.645951
2164.158,1.6457281
2164.744,1.6455053
2165.33,1.6452826
2165.916,1.6450599
2166.502,1.6448375
2167.088,1.6446151
2167.674,1.6443926
2168.26,1.6441704
2168.846,1.6439482
2169.432,1.6437261
2170.018,1.6435041
2170.604,1.6432823
2171.19,1.6430604
2171.776,1.6428387
2172.362,1.6426171
2172.948,1.6423955
2173.534,1.6421741
2174.12,1.6419528
2174.706,1.6417315
2175.292,1.6415102
2175.878,1.6412891
2176.464,1.6410682
2177.05,1.6408473
2177.636,1.6406264
2178.222,1.6404057
2178.808,1.6401851
2179.394,1.6399646
2179.98,1.639744
2180.566,1.6395236
2181.152,1.6393033
2181.738,1.6390831
2182.324,1.6388631
2182.91,1.638643
2183.496,1.6384231
2184.082,1.6382033
2184.668,1.6379834
2185.254,1.6377639
2185.84,1.6375443
2186.426,1.6373248
2187.012,1.6371053
2187.598,1.636886
2188.184,1.6366668
2188.77,1.6364477
2189.356,1.6362287
2189.942,1.6360097
2190.528,1.6357908
2191.114,1.6355721
2191.7,1.6353533
2192.286,1.6351347
2192.872,1.6349163
2193.458,1.6346978
2194.044,1.6344794
2194.63,1.6342611
2195.216,1.634043
2195.802,1.6338249
2196.388,1.6336069
2196.974,1.6333891
2197.56,1.6331712
2198.146,1.6329535
2198.732,1.6327358
2199.318,1.6325183
2199.904,1.6323009
2200.49,1.6320834
2201.076,1.6318662
2201.662,1.631649
2202.248,1.6314318
2202.834,1.6312149
2203.42,1.6309979
2204.006,1.6307811
2204.592,1.6305642
2205.178,1.6303476
2205.764,1.630131
2206.35,1.6299144
2206.936,1.629698
2207.522,1.6294817
2208.108,1.6292654
2208.694,1.6290493
2209.28,1.6288332
2209.866,1.6286172
2210.452,1.6284013
2211.038,1.6281855
2211.624,1.6279697
2212.21,1.6277541
2212.796,1.6275386
2213.382,1.627323
2213.968,1.6271077
2214.554,1.6268924
2215.14,1.6266772
2215.726,1.626462
2216.312,1.6262469
2216.898,1.626032
2217.484,1.6258172
2218.07,1.6256024
2218.656,1.6253877
2219.242,1.625173
2219.828,1.6249585
2220.414,1.6247441
2221,1.6245297
2221.586,1.6243154
2222.172,1.6241013
2222.758,1.6238871
2223.344,1.6236731
2223.93,1.6234591
2224.516,1.6232454
2225.102,1.6230316
2225.688,1.6228179
2226.274,1.6226043
2226.86,1.6223907
2227.446,1.6221774
2228.032,1.621964
2228.618,1.6217507
2229.204,1.6215376
2229.79,1.6213244
2230.376,1.6211115
2230.962,1.6208985
2231.548,1.6206857
2232.134,1.6204729
2232.72,1.6202602
2233.306,1.6200477
2233.892,1.6198353
2234.478,1.6196227
2235.064,1.6194104
2235.65,1.6191982
2236.236,1.618986
2236.822,1.6187739
2237.408,1.618562
2237.994,1.61835
2238.58,1.6181382
2239.166,1.6179265
2239.752,1.6177148
2240.338,1.6175033
2240.924,1.6172917
2241.51,1.6170803
2242.096,1.616869
2242.682,1.6166577
2243.268,1.6164466
2243.854,1.6162355
2244.44,1.6160245
2245.026,1.6158136
2245.612,1.6156027
2246.198,1.615392
2246.784,1.6151813
2247.37,1.6149708
2247.956,1.6147603
2248.542,1.6145499
2249.128,1.6143396
2249.714,1.6141293
2250.3,1.613919
2250.886,1.613709
2251.472,1.613499
2252.058,1.613289
2252.644,1.6130792
2253.23,1.6128695
2253.816,1.6126598
2254.402,1.6124502
2254.988,1.6122407
2255.574,1.6120312
2256.16,1.6118219
2256.746,1.6116127
2257.332,1.6114035
2257.918,1.6111944
2258.504,1.6109854
2259.09,1.6107764
2259.676,1.6105676
2260.262,1.6103588
2260.848,1.6101501
2261.434,1.6099415
2262.02,1.609733
2262.606,1.6095245
2263.192,1.6093161
2263.778,1.6091079
2264.364,1.6088997
2264.95,1.6086916
2265.536,1.6084836
2266.122,1.6082755
2266.708,1.6080676
2267.294,1.6078598
2267.88,1.6076522
2268.466,1.6074445
2269.052,1.607237
2269.638,1.6070294
2270.224,1.6068221
2270.81,1.6066148
2271.396,1.6064075
2271.982,1.6062005
2272.568,1.6059933
2273.154,1.6057863
2273.74,1.6055795
2274.326,1.6053727
2274.912,1.6051658
2275.498,1.6049592
2276.084,1.6047527
2276.67,1.6045461
2277.256,1.6043397
2277.842,1.6041334
2278.428,1.603927
2279.014,1.6037209
2279.6,1.6035148
2280.186,1.6033088
2280.772,1.6031028
2281.358,1.6028969
2281.944,1.6026912
2282.53,1.6024854
2283.116,1.6022798
2283.702,1.6020743
2284.288,1.6018687
2284.874,1.6016634
2285.46,1.6014581
2286.046,1.6012529
2286.632,1.6010478
2287.218,1.6008426
2287.804,1.6006377
2288.39,1.6004328
2288.976,1.600228
2289.562,1.6000232
2290.148,1.5998185
2290.734,1.5996139
2291.32,1.5994093
2291.906,1.5992049
2292.492,1.5990006
2293.078,1.5987962
2293.664,1.598592
2294.25,1.598388
2294.836,1.598184
2295.422,1.5979799
2296.008,1.5977761
2296.594,1.5975723
2297.18,1.5973686
2297.766,1.5971649
2298.352,1.5969613
2298.938,1.5967579
2299.524,1.5965544
2300.11,1.596351
2300.696,1.5961478
2301.282,1.5959446
2301.868,1.5957415
2302.454,1.5955385
2303.04,1.5953356
2303.626,1.5951327
2304.212,1.5949298
2304.798,1.5947272
2305.384,1.5945245
2305.97,1.594322
2306.556,1.5941195
2307.142,1.593917
2307.728,1.5937147
2308.314,1.5935125
2308.9,1.5933104
2309.486,1.5931083
2310.072,1.5929062
2310.658,1.5927043
2311.244,1.5925024
2311.83,1.5923007
2312.416,1.592099
2313.002,1.5918972
2313.588,1.5916958
2314.174,1.5914943
2314.76,1.5912929
2315.346,1.5910916
2315.932,1.5908903
2316.518,1.5906892
2317.104,1.5904881
2317.69,1.5902871
2318.276,1.5900861
2318.862,1.5898852
2319.448,1.5896845
2320.034,1.5894837
2320.62,1.5892831
2321.206,1.5890826
2321.792,1.5888821
2322.378,1.5886817
2322.964,1.5884814
2323.55,1.5882812
2324.136,1.588081
2324.722,1.5878808
2325.308,1.5876808
2325.894,1.5874809
2326.48,1.5872811
2327.066,1.5870812
2327.652,1.5868815
2328.238,1.586682
2328.824,1.5864823
2329.41,1.5862826
2329.996,1.5860831
2330.582,1.5858836
2331.168,1.5856842
2331.754,1.5854847
2332.34,1.5852855
2332.926,1.5850863
2333.512,1.5848873
2334.098,1.5846882
2334.684,1.5844892
2335.27,1.5842903
2335.856,1.5840914
2336.442,1.5838927
2337.028,1.583694
2337.614,1.5834954
2338.2,1.5832969
2338.786,1.5830985
2339.372,1.5829
2339.958,1.5827018
2340.544,1.5825036
2341.13,1.5823053
2341.716,1.5821073
2342.302,1.5819093
2342.888,1.5817114
2343.474,1.5815135
2344.06,1.5813158
2344.646,1.5811181
2345.232,1.5809205
2345.818,1.5807229
2346.404,1.5805254
2346.99,1.580328
2347.576,1.5801307
2348.162,1.5799334
2348.748,1.5797362
2349.334,1.5795392
2349.92,1.5793421
2350.506,1.5791451
2351.092,1.5789483
2351.678,1.5787514
2352.264,1.5785547
2352.85,1.5783581
2353.436,1.5781615
2354.022,1.5779649
2354.608,1.5777684
2355.194,1.5775721
2355.78,1.5773758
2356.366,1.5771797
2356.952,1.5769835
2357.538,1.5767874
2358.124,1.5765914
2358.71,1.5763955
2359.296,1.5761997
2359.882,1.5760038
2360.468,1.5758082
2361.054,1.5756125
2361.64,1.5754169
2362.226,1.5752214
2362.812,1.575026
2363.398,1.5748307
2363.984,1.5746354
2364.57,1.5744402
2365.156,1.5742451
2365.742,1.5740501
2366.328,1.5738552
2366.914,1.5736601
2367.5,1.5734653
2368.086,1.5732706
2368.672,1.5730759
2369.258,1.5728813
2369.844,1.5726868
2370.43,1.5724922
2371.016,1.5722979
2371.602,1.5721036
2372.188,1.5719093
2372.774,1.5717151
2373.36,1.571521
2373.946,1.571327
2374.532,1.571133
2375.118,1.5709392
2375.704,1.5707453
2376.29,1.5705516
2376.876,1.5703579
2377.462,1.5701643
2378.048,1.5699708
2378.634,1.5697774
2379.22,1.569584
2379.806,1.5693907
2380.392,1.5691974
2380.978,1.5690043
2381.564,1.5688112
2382.15,1.5686182
2382.736,1.5684252
2383.322,1.5682323
2383.908,1.5680395
2384.494,1.5678468
2385.08,1.5676541
2385.666,1.5674615
2386.252,1.567269
2386.838,1.5670766
2387.424,1.5668842
2388.01,1.5666919
2388.596,1.5664996
2389.182,1.5663074
2389.768,1.5661154
2390.354,1.5659233
2390.94,1.5657314
2391.526,1.5655395
2392.112,1.5653477
2392.698,1.565156
2393.284,1.5649643
2393.87,1.5647727
2394.456,1.5645812
2395.042,1.5643897
2395.628,1.5641984
2396.214,1.564007
2396.8,1.5638157
2397.386,1.5636246
2397.972,1.5634335
2398.558,1.5632424
2399.144,1.5630515
2399.73,1.5628606
2400.316,1.5626698
2400.902,1.562479
2401.488,1.5622884
2402.074,1.5620978
2402.66,1.5619072
2403.246,1.5617167
2403.832,1.5615263
2404.418,1.561336
2405.004,1.5611458
2405.59,1.5609555
2406.176,1.5607655
2406.762,1.5605754
2407.348,1.5603855
2407.934,1.5601954
2408.52,1.5600057
2409.106,1.5598159
2409.692,1.5596262
2410.278,1.5594366
2410.864,1.559247
2411.45,1.5590575
2412.036,1.5588682
2412.622,1.5586787
2413.208,1.5584894
2413.794,1.5583003
2414.38,1.5581111
2414.966,1.557922
2415.552,1.5577331
2416.138,1.5575441
2416.724,1.5573552
2417.31,1.5571665
2417.896,1.5569777
2418.482,1.556789
2419.068,1.5566005
2419.654,1.556412
2420.24,1.5562235
2420.826,1.556035
2421.412,1.5558468
2421.998,1.5556586
2422.584,1.5554703
2423.17,1.5552822
2423.756,1.5550942
2424.342,1.5549062
2424.928,1.5547184
2425.514,1.5545305
2426.1,1.5543427
2426.686,1.554155
2427.272,1.5539675
2427.858,1.5537798
2428.444,1.5535924
2429.03,1.5534049
2429.616,1.5532176
2430.202,1.5530304
2430.788,1.5528431
2431.374,1.5526559
2431.96,1.5524689
2432.546,1.5522819
2433.132,1.5520949
2433.718,1.551908
2434.304,1.5517212
2434.89,1.5515345
2435.476,1.5513479
2436.062,1.5511612
2436.648,1.5509747
2437.234,1.5507883
2437.82,1.5506018
2438.406,1.5504155
2438.992,1.5502292
2439.578,1.550043
2440.164,1.5498569
2440.75,1.5496708
2441.336,1.5494848
2441.922,1.5492989
2442.508,1.549113
2443.094,1.5489273
2443.68,1.5487416
2444.266,1.5485559
2444.852,1.5483702
2445.438,1.5481848
2446.024,1.5479993
2446.61,1.5478139
2447.196,1.5476286
2447.782,1.5474434
2448.368,1.5472581
2448.954,1.547073
2449.54,1.546888
2450.126,1.546703
2450.712,1.5465181
2451.298,1.5463332
2451.884,1.5461484
2452.47,1.5459638
2453.056,1.5457791
2453.642,1.5455945
2454.228,1.5454099
2454.814,1.5452255
2455.4,1.5450412
2455.986,1.5448568
2456.572,1.5446726
2457.158,1.5444883
2457.744,1.5443043
2458.33,1.5441202
2458.916,1.5439363
2459.502,1.5437523
2460.088,1.5435685
2460.674,1.5433847
2461.26,1.543201
2461.846,1.5430173
2462.432,1.5428337
2463.018,1.5426502
2463.604,1.5424668
2464.19,1.5422833
2464.776,1.5421
2465.362,1.5419167
2465.948,1.5417335
2466.534,1.5415504
2467.12,1.5413674
2467.706,1.5411843
2468.292,1.5410014
2468.878,1.5408186
2469.464,1.5406357
2470.05,1.5404531
2470.636,1.5402703
2471.222,1.5400878
2471.808,1.5399052
2472.394,1.5397228
2472.98,1.5395404
2473.566,1.539358
2474.152,1.5391757
2474.738,1.5389936
2475.324,1.5388114
2475.91,1.5386293
2476.496,1.5384473
2477.082,1.5382653
2477.668,1.5380836
2478.254,1.5379016
2478.84,1.53772
2479.426,1.5375383
2480.012,1.5373566
2480.598,1.5371751
2481.184,1.5369935
2481.77,1.5368121
2482.356,1.5366307
2482.942,1.5364494
2483.528,1.5362682
2484.114,1.536087
2484.7,1.535906
2485.286,1.535725
2485.872,1.5355439
2486.458,1.5353631
2487.044,1.5351822
2487.63,1.5350014
2488.216,1.5348207
2488.802,1.5346401
2489.388,1.5344595
2489.974,1.534279
2490.56,1.5340985
2491.146,1.533918
2491.732,1.5337378
2492.318,1.5335575
2492.904,1.5333773
2493.49,1.5331972
2494.076,1.5330172
2494.662,1.5328372
2495.248,1.5326571
2495.834,1.5324773
2496.42,1.5322974
2497.006,1.5321177
2497.592,1.531938
2498.178,1.5317584
2498.764,1.5315788
2499.35,1.5313993
2499.936,1.5312198
2500.522,1.5310405
2501.108,1.5308613
2501.694,1.530682
2502.28,1.5305028
2502.866,1.5303236
2503.452,1.5301446
2504.038,1.5299656
2504.624,1.5297867
2505.21,1.5296079
2505.796,1.5294291
2506.382,1.5292504
2506.968,1.5290717
2507.554,1.528893
2508.14,1.5287145
2508.726,1.528536
2509.312,1.5283576
2509.898,1.5281793
2510.484,1.528001
2511.07,1.5278227
2511.656,1.5276446
2512.242,1.5274664
2512.828,1.5272884
2513.414,1.5271105
2514,1.5269325
2514.586,1.5267546
2515.172,1.5265769
2515.758,1.5263991
2516.344,1.5262215
2516.93,1.5260439
2517.516,1.5258664
2518.102,1.5256889
2518.688,1.5255115
2519.274,1.5253341
2519.86,1.5251569
2520.446,1.5249796
2521.032,1.5248024
2521.618,1.5246254
2522.204,1.5244483
2522.79,1.5242712
2523.376,1.5240943
2523.962,1.5239176
2524.548,1.5237408
2525.134,1.523564
2525.72,1.5233874
2526.306,1.5232108
2526.892,1.5230342
2527.478,1.5228578
2528.064,1.5226811
2528.65,1.5225046
2529.236,1.5223281
2529.822,1.5221517
2530.408,1.5219753
2530.994,1.521799
2531.58,1.5216228
2532.166,1.5214466
2532.752,1.5212704
2533.338,1.5210944
2533.924,1.5209185
2534.51,1.5207424
2535.096,1.5205666
2535.682,1.5203907
2536.268,1.520215
2536.854,1.5200393
2537.44,1.5198637
2538.026,1.5196882
2538.612,1.5195128
2539.198,1.5193372
2539.784,1.5191618
2540.37,1.5189866
2540.956,1.5188113
2541.542,1.5186361
2542.128,1.518461
2542.714,1.5182859
2543.3,1.5181109
2543.886,1.5179359
2544.472,1.5177611
2545.058,1.5175862
2545.644,1.5174115
2546.23,1.5172367
2546.816,1.5170621
2547.402,1.5168875
2547.988,1.516713
2548.574,1.5165385
2549.16,1.5163641
2549.746,1.5161898
2550.332,1.5160154
2550.918,1.5158412
2551.504,1.5156671
2552.09,1.515493
2552.676,1.515319
2553.262,1.5151449
2553.848,1.5149711
2554.434,1.5147972
2555.02,1.5146234
2555.606,1.5144497
2556.192,1.514276
2556.778,1.5141023
2557.364,1.5139288
2557.95,1.5137553
2558.536,1.5135819
2559.122,1.5134085
2559.708,1.5132352
2560.294,1.513062
2560.88,1.5128888
2561.466,1.5127156
2562.052,1.5125426
2562.638,1.5123695
2563.224,1.5121965
2563.81,1.5120237
2564.396,1.5118508
2564.982,1.5116781
2565.568,1.5115054
2566.154,1.5113326
2566.74,1.5111601
2567.326,1.5109875
2567.912,1.510815
2568.498,1.5106426
2569.084,1.5104703
2569.67,1.510298
2570.256,1.5101258
2570.842,1.5099536
2571.428,1.5097815
2572.014,1.5096095
2572.6,1.5094374
2573.186,1.5092654
2573.772,1.5090935
2574.358,1.5089217
2574.944,1.50875
2575.53,1.5085783
2576.116,1.5084066
2576.702,1.5082351
2577.288,1.5080636
2577.874,1.507892
2578.46,1.5077206
2579.046,1.5075493
2579.632,1.507378
2580.218,1.5072068
2580.804,1.5070356
2581.39,1.5068645
2581.976,1.5066935
2582.562,1.5065224
2583.148,1.5063515
2583.734,1.5061806
2584.32,1.5060098
2584.906,1.5058391
2585.492,1.5056684
2586.078,1.5054977
2586.664,1.5053271
2587.25,1.5051566
2587.836,1.504986
2588.422,1.5048157
2589.008,1.5046453
2589.594,1.504475
2590.18,1.5043048
2590.766,1.5041347
2591.352,1.5039645
2591.938,1.5037944
2592.524,1.5036244
2593.11,1.5034544
2593.696,1.5032846
2594.282,1.5031148
2594.868,1.5029451
2595.454,1.5027753
2596.04,1.5026057
2596.626,1.502436
2597.212,1.5022665
2597.798,1.502097
2598.384,1.5019276
2598.97,1.5017582
2599.556,1.5015889
2600.142,1.5014198
2600.728,1.5012505
2601.314,1.5010813
2601.9,1.5009123
2602.486,1.5007433
2603.072,1.5005744
2603.658,1.5004054
2604.244,1.5002366
2604.83,1.5000678
2605.416,1.499899
2606.002,1.4997305
2606.588,1.4995618
2607.174,1.4993932
2607.76,1.4992248
2608.346,1.4990563
2608.932,1.4988879
2609.518,1.4987196
2610.104,1.4985514
2610.69,1.4983832
2611.276,1.498215
2611.862,1.4980469
2612.448,1.4978788
2613.034,1.4977108
2613.62,1.497543
2614.206,1.497375
2614.792,1.4972073
2615.378,1.4970394
2615.964,1.4968718
2616.55,1.4967042
2617.136,1.4965366
2617.722,1.496369
2618.308,1.4962015
2618.894,1.4960341
2619.48,1.4958668
2620.066,1.4956995
2620.652,1.4955323
2621.238,1.4953651
2621.824,1.495198
2622.41,1.4950309
2622.996,1.4948639
2623.582,1.494697
2624.168,1.49453
2624.754,1.4943632
2625.34,1.4941964
2625.926,1.4940296
2626.512,1.493863
2627.098,1.4936963
2627.684,1.4935298
2628.27,1.4933633
2628.856,1.4931968
2629.442,1.4930304
2630.028,1.4928641
2630.614,1.4926978
2631.2,1.4925317
2631.786,1.4923654
2632.372,1.4921993
2632.958,1.4920332
2633.544,1.4918673
2634.13,1.4917014
2634.716,1.4915354
2635.302,1.4913696
2635.888,1.4912038
2636.474,1.4910381
2637.06,1.4908724
2637.646,1.4907068
2638.232,1.4905412
2638.818,1.4903758
2639.404,1.4902103
2639.99,1.490045
2640.576,1.4898796
2641.162,1.4897144
2641.748,1.4895492
2642.334,1.4893839
2642.92,1.4892188
2643.506,1.4890538
2644.092,1.4888889
2644.678,1.4887239
2645.264,1.488559
2645.85,1.4883941
2646.436,1.4882294
2647.022,1.4880646
2647.608,1.4879
2648.194,1.4877354
2648.78,1.4875709
2649.366,1.4874064
2649.952,1.4872419
2650.538,1.4870775
2651.124,1.4869132
2651.71,1.4867489
2652.296,1.4865847
2652.882,1.4864205
2653.468,1.4862564
2654.054,1.4860923
2654.64,1.4859283
2655.226,1.4857644
2655.812,1.4856005
2656.398,1.4854367
2656.984,1.4852729
2657.57,1.4851092
2658.156,1.4849455
2658.742,1.4847819
2659.328,1.4846183
2659.914,1.4844548
2660.5,1.4842913
2661.086,1.484128
2661.672,1.4839646
2662.258,1.4838014
2662.844,1.483638
2663.43,1.4834749
2664.016,1.4833118
2664.602,1.4831487
2665.188,1.4829857
2665.774,1.4828228
2666.36,1.4826598
2666.946,1.482497
2667.532,1.4823341
2668.118,1.4821714
2668.704,1.4820087
2669.29,1.4818461
2669.876,1.4816835
2670.462,1.481521
2671.048,1.4813585
2671.634,1.481196
2672.22,1.4810337
2672.806,1.4808714
2673.392,1.4807092
2673.978,1.480547
2674.564,1.4803848
2675.15,1.4802227
2675.736,1.4800607
2676.322,1.4798987
2676.908,1.4797368
2677.494,1.4795749
2678.08,1.479413
2678.666,1.4792513
2679.252,1.4790896
2679.838,1.478928
2680.424,1.4787663
2681.01,1.4786048
2681.596,1.4784433
2682.182,1.4782819
2682.768,1.4781204
2683.354,1.477959
2683.94,1.4777977
2684.526,1.4776365
2685.112,1.4774753
2685.698,1.4773142
2686.284,1.4771532
2686.87,1.4769921
2687.456,1.4768311
2688.042,1.4766703
2688.628,1.4765095
2689.214,1.4763486
2689.8,1.4761878
2690.386,1.4760271
2690.972,1.4758664
2691.558,1.4757059
2692.144,1.4755453
2692.73,1.4753848
2693.316,1.4752244
2693.902,1.475064
2694.488,1.4749037
2695.074,1.4747435
2695.66,1.4745833
2696.246,1.4744231
2696.832,1.474263
2697.418,1.4741029
2698.004,1.4739429
2698.59,1.4737829
2699.176,1.473623
2699.762,1.4734632
2700.348,1.4733033
2700.934,1.4731436
2701.52,1.4729838
2702.106,1.4728242
2702.692,1.4726647
2703.278,1.4725051
2703.864,1.4723456
2704.45,1.4721862
2705.036,1.4720268
2705.622,1.4718674
2706.208,1.4717082
2706.794,1.471549
2707.38,1.4713898
2707.966,1.4712307
2708.552,1.4710716
2709.138,1.4709127
2709.724,1.4707537
2710.31,1.4705948
2710.896,1.470436
2711.482,1.4702771
2712.068,1.4701184
2712.654,1.4699594
2713.24,1.4698005
2713.826,1.4696416
2714.412,1.4694828
2714.998,1.469324
2715.584,1.4691652
2716.17,1.4690067
2716.756,1.468848
2717.342,1.4686894
2717.928,1.468531
2718.514,1.4683725
2719.1,1.4682142
2719.686,1.4680558
2720.272,1.4678974
2720.858,1.4677393
2721.444,1.467581
2722.03,1.467423
2722.616,1.4672649
2723.202,1.4671068
2723.788,1.4669489
2724.374,1.466791
2724.96,1.4666331
2725.546,1.4664752
2726.132,1.4663175
2726.718,1.4661598
2727.304,1.4660022
2727.89,1.4658446
2728.476,1.465687
2729.062,1.4655296
2729.648,1.4653721
2730.234,1.4652147
2730.82,1.4650574
2731.406,1.4649001
2731.992,1.4647429
2732.578,1.4645857
2733.164,1.4644285
2733.75,1.4642715
2734.336,1.4641144
2734.922,1.4639575
2735.508,1.4638005
2736.094,1.4636438
2736.68,1.4634869
2737.266,1.4633301
2737.852,1.4631734
2738.438,1.4630167
2739.024,1.4628601
2739.61,1.4627036
2740.196,1.4625472
2740.782,1.4623907
2741.368,1.4622343
2741.954,1.4620779
2742.54,1.4619216
2743.126,1.4617654
2743.712,1.4616091
2744.298,1.4614531
2744.884,1.461297
2745.47,1.461141
2746.056,1.4609849
2746.642,1.460829
2747.228,1.4606731
2747.814,1.4605173
2748.4,1.4603616
2748.986,1.4602058
2749.572,1.4600501
2750.158,1.4598945
2750.744,1.459739
2751.33,1.4595834
2751.916,1.459428
2752.502,1.4592725
2753.088,1.4591172
2753.674,1.4589618
2754.26,1.4588066
2754.846,1.4586514
2755.432,1.4584962
2756.018,1.4583411
2756.604,1.4581861
2757.19,1.4580311
2757.776,1.4578761
2758.362,1.4577212
2758.948,1.4575664
2759.534,1.4574116
2760.12,1.4572568
2760.706,1.4571022
2761.292,1.4569474
2761.878,1.4567928
2762.464,1.4566383
2763.05,1.4564838
2763.636,1.4563293
2764.222,1.456175
2764.808,1.4560206
2765.394,1.4558663
2765.98,1.4557121
2766.566,1.4555579
2767.152,1.4554038
2767.738,1.4552497
2768.324,1.4550956
2768.91,1.4549416
2769.496,1.4547877
2770.082,1.4546338
2770.668,1.4544801
2771.254,1.4543263
2771.84,1.4541725
2772.426,1.4540188
2773.012,1.4538652
2773.598,1.4537115
2774.184,1.4535581
2774.77,1.4534045
2775.356,1.4532511
2775.942,1.4530977
2776.528,1.4529444
2777.114,1.4527911
2777.7,1.4526379
2778.286,1.4524847
2778.872,1.4523315
2779.458,1.4521785
2780.044,1.4520254
2780.63,1.4518725
2781.216,1.4517195
2781.802,1.4515667
2782.388,1.4514139
2782.974,1.451261
2783.56,1.4511083
2784.146,1.4509556
2784.732,1.450803
2785.318,1.4506505
2785.904,1.4504979
2786.49,1.4503454
2787.076,1.4501929
2787.662,1.4500406
2788.248,1.4498882
2788.834,1.449736
2789.42,1.4495838
2790.006,1.4494315
2790.592,1.4492794
2791.178,1.4491273
2791.764,1.4489753
2792.35,1.4488233
2792.936,1.4486713
2793.522,1.4485195
2794.108,1.4483676
2794.694,1.4482158
2795.28,1.4480641
2795.866,1.4479123
2796.452,1.4477608
2797.038,1.4476092
2797.624,1.4474577
2798.21,1.447306
2798.796,1.4471546
2799.382,1.4470032
2799.968,1.446852
2800.554,1.4467007
2801.14,1.4465494
2801.726,1.4463981
2802.312,1.446247
2802.898,1.4460958
2803.484,1.4459448
2804.07,1.4457939
2804.656,1.4456428
2805.242,1.445492
2805.828,1.4453411
2806.414,1.4451903
2807,1.4450395
2807.586,1.4448888
2808.172,1.4447381
2808.758,1.4445876
2809.344,1.444437
2809.93,1.4442865
2810.516,1.444136
2811.102,1.4439856
2811.688,1.4438353
2812.274,1.4436849
2812.86,1.4435346
2813.446,1.4433844
2814.032,1.4432342
2814.618,1.4430841
2815.204,1.4429339
2815.79,1.442784
2816.376,1.442634
2816.962,1.442484
2817.548,1.4423342
2818.134,1.4421843
2818.72,1.4420345
2819.306,1.4418848
2819.892,1.441735
2820.478,1.4415854
2821.064,1.4414358
2821.65,1.4412863
2822.236,1.4411368
2822.822,1.4409872
2823.408,1.4408379
2823.994,1.4406886
2824.58,1.4405392
2825.166,1.44039
2825.752,1.4402407
2826.338,1.4400916
2826.924,1.4399425
2827.51,1.4397933
2828.096,1.4396443
2828.682,1.4394953
2829.268,1.4393462
2829.854,1.4391969
2830.44,1.4390478
2831.026,1.4388988
2831.612,1.4387498
2832.198,1.4386008
2832.784,1.4384518
2833.37,1.4383029
2833.956,1.438154
2834.542,1.4380052
2835.128,1.4378564
2835.714,1.4377078
2836.3,1.4375591
2836.886,1.4374105
2837.472,1.4372618
2838.058,1.4371133
2838.644,1.4369648
2839.23,1.4368165
2839.816,1.436668
2840.402,1.4365197
2840.988,1.4363713
2841.574,1.4362231
2842.16,1.436075
2842.746,1.4359268
2843.332,1.4357787
2843.918,1.4356307
2844.504,1.4354827
2845.09,1.4353347
2845.676,1.4351867
2846.262,1.4350389
2846.848,1.4348911
2847.434,1.4347433
2848.02,1.4345956
2848.606,1.434448
2849.192,1.4343003
2849.778,1.4341527
2850.364,1.4340051
2850.95,1.4338577
2851.536,1.4337103
2852.122,1.4335629
2852.708,1.4334155
2853.294,1.4332682
2853.88,1.433121
2854.466,1.4329737
2855.052,1.4328266
2855.638,1.4326794
2856.224,1.4325324
2856.81,1.4323853
2857.396,1.4322385
2857.982,1.4320915
2858.568,1.4319446
2859.154,1.4317977
2859.74,1.431651
2860.326,1.4315042
2860.912,1.4313575
2861.498,1.4312109
2862.084,1.4310642
2862.67,1.4309177
2863.256,1.4307712
2863.842,1.4306247
2864.428,1.4304783
2865.014,1.4303319
2865.6,1.4301857
2866.186,1.4300393
2866.772,1.4298931
2867.358,1.429747
2867.944,1.4296008
2868.53,1.4294547
2869.116,1.4293087
2869.702,1.4291626
2870.288,1.4290167
2870.874,1.4288708
2871.46,1.4287249
2872.046,1.4285791
2872.632,1.4284333
2873.218,1.4282876
2873.804,1.428142
2874.39,1.4279963
2874.976,1.4278507
2875.562,1.4277052
2876.148,1.4275597
2876.734,1.4274142
2877.32,1.4272687
2877.906,1.4271234
2878.492,1.4269781
2879.078,1.4268328
2879.664,1.4266876
2880.25,1.4265424
2880.836,1.4263973
2881.422,1.4262522
2882.008,1.4261072
2882.594,1.4259622
2883.18,1.4258173
2883.766,1.4256724
2884.352,1.4255275
2884.938,1.4253827
2885.524,1.4252379
2886.11,1.4250932
2886.696,1.4249486
2887.282,1.4248039
2887.868,1.4246593
2888.454,1.4245148
2889.04,1.4243703
2889.626,1.4242258
2890.212,1.4240814
2890.798,1.4239371
2891.384,1.4237927
2891.97,1.4236485
2892.556,1.4235042
2893.142,1.42336
2893.728,1.4232159
2894.314,1.4230719
2894.9,1.4229277
2895.486,1.4227837
2896.072,1.4226398
2896.658,1.4224958
2897.244,1.4223521
2897.83,1.4222082
2898.416,1.4220644
2899.002,1.4219208
2899.588,1.421777
2900.174,1.4216334
2900.76,1.4214898
2901.346,1.4213462
2901.932,1.4212028
2902.518,1.4210593
2903.104,1.4209158
2903.69,1.4207724
2904.276,1.4206291
2904.862,1.4204859
2905.448,1.4203426
2906.034,1.4201994
2906.62,1.4200562
2907.206,1.4199132
2907.792,1.4197701
2908.378,1.4196271
2908.964,1.4194841
2909.55,1.4193412
2910.136,1.4191983
2910.722,1.4190555
2911.308,1.4189126
2911.894,1.41877
2912.48,1.4186273
2913.066,1.4184846
2913.652,1.418342
2914.238,1.4181993
2914.824,1.4180568
2915.41,1.4179144
2915.996,1.4177719
2916.582,1.4176295
2917.168,1.4174871
2917.754,1.4173448
2918.34,1.4172026
2918.926,1.4170603
2919.512,1.4169182
2920.098,1.4167761
2920.684,1.416634
2921.27,1.4164919
2921.856,1.4163499
2922.442,1.4162079
2923.028,1.4160661
2923.614,1.4159242
2924.2,1.4157823
2924.786,1.4156405
2925.372,1.4154989
2925.958,1.4153571
2926.544,1.4152155
2927.13,1.4150739
2927.716,1.4149324
2928.302,1.4147907
2928.888,1.4146492
2929.474,1.4145079
2930.06,1.4143665
2930.646,1.4142251
2931.232,1.4140838
2931.818,1.4139426
2932.404,1.4138013
2932.99,1.4136602
2933.576,1.413519
2934.162,1.413378
2934.748,1.4132369
2935.334,1.413096
2935.92,1.4129549
2936.506,1.412814
2937.092,1.4126731
2937.678,1.4125323
2938.264,1.4123915
2938.85,1.4122509
2939.436,1.4121101
2940.022,1.4119695
2940.608,1.4118289
2941.194,1.4116883
2941.78,1.4115478
2942.366,1.4114074
2942.952,1.4112669
2943.538,1.4111265
2944.124,1.4109861
2944.71,1.4108458
2945.296,1.4107056
2945.882,1.4105654
2946.468,1.4104252
2947.054,1.410285
2947.64,1.4101448
2948.226,1.4100049
2948.812,1.4098648
2949.398,1.4097248
2949.984,1.409585
2950.57,1.409445
2951.156,1.4093052
2951.742,1.4091654
2952.328,1.4090257
2952.914,1.408886
2953.5,1.4087464
2954.086,1.4086066
2954.672,1.4084672
2955.258,1.4083276
2955.844,1.4081881
2956.43,1.4080485
2957.016,1.4079092
2957.602,1.4077698
2958.188,1.4076304
2958.774,1.4074912
2959.36,1.407352
2959.946,1.4072127
2960.532,1.4070736
2961.118,1.4069345
2961.704,1.4067954
2962.29,1.4066564
2962.876,1.4065175
2963.462,1.4063784
2964.048,1.4062395
2964.634,1.4061007
2965.22,1.4059619
2965.806,1.4058231
2966.392,1.4056844
2966.978,1.4055454
2967.564,1.4054065
2968.15,1.4052676
2968.736,1.4051288
2969.322,1.40499
2969.908,1.4048512
2970.494,1.4047126
2971.08,1.4045739
2971.666,1.4044353
2972.252,1.4042966
2972.838,1.4041581
2973.424,1.4040196
2974.01,1.4038811
2974.596,1.4037428
2975.182,1.4036044
2975.768,1.403466
2976.354,1.4033277
2976.94,1.4031895
2977.526,1.4030514
2978.112,1.4029132
2978.698,1.402775
2979.284,1.402637
2979.87,1.402499
2980.456,1.4023609
2981.042,1.402223
2981.628,1.4020851
2982.214,1.4019471
2982.8,1.4018093
2983.386,1.4016716
2983.972,1.4015338
2984.558,1.4013962
2985.144,1.4012585
2985.73,1.4011209
2986.316,1.4009832
2986.902,1.4008458
2987.488,1.4007082
2988.074,1.4005708
2988.66,1.4004334
2989.246,1.4002961
2989.832,1.4001586
2990.418,1.4000214
2991.004,1.3998842
2991.59,1.3997469
2992.176,1.3996098
2992.762,1.3994726
2993.348,1.3993356
2993.934,1.3991985
2994.52,1.3990616
2995.106,1.3989246
2995.692,1.3987876
2996.278,1.3986509
2996.864,1.3985139
2997.45,1.3983772
2998.036,1.3982404
2998.622,1.3981037
2999.208,1.3979671
2999.794,1.3978305
3000.38,1.3976939
3000.966,1.3975574
3001.552,1.3974208
3002.138,1.3972844
3002.724,1.3971479
3003.31,1.3970115
3003.896,1.3968751
3004.482,1.3967389
3005.068,1.3966026
3005.654,1.3964664
3006.24,1.3963302
3006.826,1.3961941
3007.412,1.396058
3007.998,1.3959219
3008.584,1.3957859
3009.17,1.3956499
3009.756,1.395514
3010.342,1.3953781
3010.928,1.3952422
3011.514,1.3951064
3012.1,1.3949707
3012.686,1.3948349
3013.272,1.3946992
3013.858,1.3945637
3014.444,1.394428
3015.03,1.3942925
3015.616,1.3941569
3016.202,1.3940214
3016.788,1.393886
3017.374,1.3937505
3017.96,1.3936152
3018.546,1.3934798
3019.132,1.3933445
3019.718,1.3932093
3020.304,1.3930742
3020.89,1.392939
3021.476,1.3928038
3022.062,1.3926687
3022.648,1.3925337
3023.234,1.3923987
3023.82,1.3922638
3024.406,1.3921288
3024.992,1.3919939
3025.578,1.3918591
3026.164,1.3917242
3026.75,1.3915895
3027.336,1.3914548
3027.922,1.3913201
3028.508,1.3911854
3029.094,1.3910509
3029.68,1.3909162
3030.266,1.3907818
3030.852,1.3906473
3031.438,1.3905128
3032.024,1.3903785
3032.61,1.390244
3033.196,1.3901098
3033.782,1.3899754
3034.368,1.3898412
3034.954,1.389707
3035.54,1.3895729
3036.126,1.3894387
3036.712,1.3893046
3037.298,1.3891705
3037.884,1.3890365
3038.47,1.3889025
3039.056,1.3887687
3039.642,1.3886348
3040.228,1.3885009
3040.814,1.3883672
3041.4,1.3882333
3041.986,1.3880996
3042.572,1.3879659
3043.158,1.3878323
3043.744,1.3876987
3044.33,1.3875651
3044.916,1.3874316
3045.502,1.3872981
3046.088,1.3871646
3046.674,1.3870312
3047.26,1.3868978
3047.846,1.3867645
3048.432,1.3866313
3049.018,1.386498
3049.604,1.3863647
3050.19,1.3862315
3050.776,1.3860984
3051.362,1.3859653
3051.948,1.3858323
3052.534,1.3856993
3053.12,1.3855662
3053.706,1.3854333
3054.292,1.3853004
3054.878,1.3851676
3055.464,1.3850347
3056.05,1.3849019
3056.636,1.3847692
3057.222,1.3846364
3057.808,1.3845038
3058.394,1.3843712
3058.98,1.3842386
3059.566,1.384106
3060.152,1.3839735
3060.738,1.383841
3061.324,1.3837086
3061.91,1.3835762
3062.496,1.3834438
3063.082,1.3833115
3063.668,1.3831792
3064.254,1.383047
3064.84,1.3829148
3065.426,1.3827826
3066.012,1.3826505
3066.598,1.3825184
3067.184,1.3823863
3067.77,1.3822544
3068.356,1.3821224
3068.942,1.3819904
3069.528,1.3818585
3070.114,1.3817266
3070.7,1.3815949
3071.286,1.3814631
3071.872,1.3813313
3072.458,1.3811996
3073.044,1.381068
3073.63,1.3809364
3074.216,1.3808048
3074.802,1.3806732
3075.388,1.3805417
3075.974,1.3804102
3076.56,1.3802788
3077.146,1.3801475
3077.732,1.3800161
3078.318,1.3798847
3078.904,1.3797535
3079.49,1.3796222
3080.076,1.379491
3080.662,1.3793598
3081.248,1.3792287
3081.834,1.3790976
3082.42,1.3789666
3083.006,1.3788356
3083.592,1.3787045
3084.178,1.3785737
3084.764,1.3784428
3085.35,1.3783119
3085.936,1.3781811
3086.522,1.3780503
3087.108,1.3779196
3087.694,1.3777888
3088.28,1.3776581
3088.866,1.3775275
3089.452,1.3773969
3090.038,1.3772664
3090.624,1.3771359
3091.21,1.3770053
3091.796,1.3768749
3092.382,1.3767445
3092.968,1.3766141
3093.554,1.3764838
3094.14,1.3763535
3094.726,1.3762233
3095.312,1.376093
3095.898,1.3759629
3096.484,1.3758328
3097.07,1.3757026
3097.656,1.3755726
3098.242,1.3754425
3098.828,1.3753126
3099.414,1.3751826
3100,1.3750527
