170,5.8369617
170.586,5.8269229
171.172,5.8169355
171.758,5.8069992
172.344,5.7971139
172.93,5.7872787
173.516,5.7774935
174.102,5.7677579
174.688,5.7580709
175.274,5.7484336
175.86,5.7388434
176.446,5.7293015
177.032,5.7198071
177.618,5.7103596
178.204,5.7009592
178.79,5.6916046
179.376,5.6822958
179.962,5.6730328
180.548,5.663815
181.134,5.6546421
181.72,5.6455135
182.306,5.6364288
182.892,5.627388
183.478,5.6183906
184.064,5.609436
184.65,5.6005244
185.236,5.5916548
185.822,5.5828276
186.408,5.5740418
186.994,5.5652976
187.58,5.5565944
188.166,5.5479317
188.752,5.5393095
189.338,5.5307279
189.924,5.5221848
190.51,5.5136819
191.096,5.5052176
191.682,5.4967923
192.268,5.4884057
192.854,5.4800572
193.44,5.4717469
194.026,5.4634743
194.612,5.4552388
195.198,5.447041
195.784,5.4388795
196.37,5.4307551
196.956,5.4226665
197.542,5.4146142
198.128,5.4065981
198.714,5.3986168
199.3,5.3906713
199.886,5.3827605
200.472,5.3748846
201.058,5.3670435
201.644,5.3592362
202.23,5.3514628
202.816,5.3437238
203.402,5.3360181
203.988,5.3283453
204.574,5.3207059
205.16,5.3130984
205.746,5.3055234
206.332,5.2979808
206.918,5.2904701
207.504,5.2829919
208.09,5.2755446
208.676,5.2681293
209.262,5.260745
209.848,5.2533917
210.434,5.2460694
211.02,5.2387772
211.606,5.2315159
212.192,5.2242846
212.778,5.217083
213.364,5.2099113
213.95,5.2027693
214.536,5.1956563
215.122,5.1885724
215.708,5.1815176
216.294,5.1744914
216.88,5.1674938
217.466,5.1605248
218.052,5.1535835
218.638,5.1466699
219.224,5.1397839
219.81,5.1329255
220.396,5.1260943
220.982,5.1192904
221.568,5.112514
222.154,5.1057639
222.74,5.0990405
223.326,5.0923438
223.912,5.0856738
224.498,5.0790296
225.084,5.0724111
225.67,5.0658188
226.256,5.0592518
226.842,5.0527105
227.428,5.0461946
228.014,5.0397038
228.6,5.0332379
229.186,5.0267968
229.772,5.0203805
230.358,5.0139885
230.944,5.0076208
231.53,5.0012779
232.116,4.9949584
232.702,4.9886632
233.288,4.9823914
233.874,4.9761434
234.46,4.9699192
235.046,4.9637175
235.632,4.9575396
236.218,4.9513845
236.804,4.9452524
237.39,4.9391427
237.976,4.9330559
238.562,4.9269915
239.148,4.9209495
239.734,4.9149294
240.32,4.9089313
240.906,4.9029555
241.492,4.8970013
242.078,4.8910685
242.664,4.8851576
243.25,4.8792677
243.836,4.8733993
244.422,4.8675518
245.008,4.8617253
245.594,4.8559198
246.18,4.8501353
246.766,4.8443713
247.352,4.8386278
247.938,4.8329043
248.524,4.8272018
249.11,4.8215189
249.696,4.815856
250.282,4.8102131
250.868,4.8045902
251.454,4.7989869
252.04,4.7934031
252.626,4.7878389
253.212,4.7822938
253.798,4.7767677
254.384,4.7712612
254.97,4.7657738
255.556,4.7603049
256.142,4.7548552
256.728,4.749424
257.314,4.7440109
257.9,4.7386169
258.486,4.7332411
259.072,4.7278838
259.658,4.7225442
260.244,4.7172222
260.83,4.7119184
261.416,4.7066326
262.002,4.701364
262.588,4.6961136
263.174,4.6908808
263.76,4.6856651
264.346,4.6804671
264.932,4.6752858
265.518,4.6701221
266.104,4.6649756
266.69,4.6598458
267.276,4.6547332
267.862,4.6496372
268.448,4.644558
269.034,4.6394954
269.62,4.6344495
270.206,4.6294198
270.792,4.6244068
271.378,4.6194096
271.964,4.614429
272.55,4.6094642
273.136,4.6045156
273.722,4.5995827
274.308,4.594666
274.894,4.5897651
275.48,4.5848794
276.066,4.5800095
276.652,4.5751553
277.238,4.5703163
277.824,4.5654931
278.41,4.5606847
278.996,4.555891
279.582,4.5511127
280.168,4.5463486
280.754,4.5415998
281.34,4.5368662
281.926,4.5321469
282.512,4.5274425
283.098,4.5227528
283.684,4.5180774
284.27,4.5134168
284.856,4.5087709
285.442,4.5041389
286.028,4.4995213
286.614,4.4949179
287.2,4.4903288
287.786,4.4857535
288.372,4.4811921
288.958,4.476645
289.544,4.4721112
290.13,4.4675918
290.716,4.4630857
291.302,4.4585934
291.888,4.4541144
292.474,4.4496493
293.06,4.4451971
293.646,4.4407587
294.232,4.4363332
294.818,4.4319215
295.404,4.4275222
295.99,4.4231367
296.576,4.4187632
297.162,4.4144025
297.748,4.4100552
298.334,4.4057202
298.92,4.4013987
299.506,4.3970895
300.092,4.3927927
300.678,4.3885088
301.264,4.3842373
301.85,4.3799782
302.436,4.3757315
303.022,4.3714972
303.608,4.3672752
304.194,4.3630657
304.78,4.3588681
305.366,4.3546824
305.952,4.3505092
306.538,4.3463478
307.124,4.3421979
307.71,4.3380604
308.296,4.3339343
308.882,4.3298202
309.468,4.3257179
310.054,4.3216271
310.64,4.3175478
311.226,4.3134804
311.812,4.3094239
312.398,4.3053794
312.984,4.3013458
313.57,4.2973242
314.156,4.293313
314.742,4.2893138
315.328,4.2853251
315.914,4.2813478
316.5,4.2773814
317.086,4.2734265
317.672,4.2694821
318.258,4.2655487
318.844,4.2616262
319.43,4.2577143
320.016,4.2538133
320.602,4.2499232
321.188,4.2460432
321.774,4.2421741
322.36,4.2383161
322.946,4.234468
323.532,4.2306304
324.118,4.2268033
324.704,4.2229867
325.29,4.2191801
325.876,4.215384
326.462,4.2115979
327.048,4.2078223
327.634,4.2040567
328.22,4.2003012
328.806,4.1965561
329.392,4.1928205
329.978,4.189095
330.564,4.1853795
331.15,4.1816735
331.736,4.1779776
332.322,4.1742916
332.908,4.1706152
333.494,4.1669488
334.08,4.1632915
334.666,4.1596441
335.252,4.1560063
335.838,4.1523781
336.424,4.1487589
337.01,4.1451497
337.596,4.1415496
338.182,4.137959
338.768,4.134378
339.354,4.130806
339.94,4.127243
340.526,4.1236892
341.112,4.1201448
341.698,4.1166096
342.284,4.1130834
342.87,4.1095662
343.456,4.1060581
344.042,4.1025586
344.628,4.0990686
345.214,4.0955873
345.8,4.0921144
346.386,4.0886507
346.972,4.085196
347.558,4.0817499
348.144,4.0783124
348.73,4.0748835
349.316,4.0714636
349.902,4.0680518
350.488,4.0646486
351.074,4.0612545
351.66,4.0578685
352.246,4.054491
352.832,4.0511217
353.418,4.047761
354.004,4.0444088
354.59,4.0410647
355.176,4.0377288
355.762,4.0344014
356.348,4.0310822
356.934,4.027771
357.52,4.0244679
358.106,4.021173
358.692,4.0178866
359.278,4.0146079
359.864,4.0113368
360.45,4.0080743
361.036,4.0048194
361.622,4.0015726
362.208,3.9983339
362.794,3.9951026
363.38,3.9918795
363.966,3.9886642
364.552,3.9854565
365.138,3.9822564
365.724,3.9790642
366.31,3.9758794
366.896,3.9727027
367.482,3.9695332
368.068,3.9663715
368.654,3.9632173
369.24,3.9600706
369.826,3.9569314
370.412,3.9537997
370.998,3.9506755
371.584,3.9475584
372.17,3.9444492
372.756,3.9413471
373.342,3.9382522
373.928,3.9351645
374.514,3.9320841
375.1,3.9290106
375.686,3.9259443
376.272,3.9228852
376.858,3.9198332
377.444,3.9167883
378.03,3.9137504
378.616,3.9107199
379.202,3.9076962
379.788,3.9046793
380.374,3.9016697
380.96,3.8986669
381.546,3.8956711
382.132,3.8926823
382.718,3.8897002
383.304,3.8867249
383.89,3.8837566
384.476,3.8807952
385.062,3.8778403
385.648,3.8748922
386.234,3.8719511
386.82,3.8690164
387.406,3.8660886
387.992,3.8631673
388.578,3.8602526
389.164,3.8573446
389.75,3.8544431
390.336,3.8515482
390.922,3.8486598
391.508,3.8457778
392.094,3.8429024
392.68,3.8400333
393.266,3.8371708
393.852,3.8343148
394.438,3.831465
395.024,3.8286216
395.61,3.8257847
396.196,3.8229539
396.782,3.8201294
397.368,3.8173113
397.954,3.8144994
398.54,3.8116937
399.126,3.8088942
399.712,3.8061008
400.298,3.8033135
400.884,3.8005326
401.47,3.7977576
402.056,3.7949882
402.642,3.7922246
403.228,3.7894671
403.814,3.7867157
404.4,3.7839704
404.986,3.7812309
405.572,3.7784975
406.158,3.7757699
406.744,3.7730484
407.33,3.7703326
407.916,3.7676229
408.502,3.7649188
409.088,3.7622209
409.674,3.7595284
410.26,3.7568419
410.846,3.7541611
411.432,3.7514861
412.018,3.748817
412.604,3.7461534
413.19,3.7434955
413.776,3.7408431
414.362,3.7381966
414.948,3.7355556
415.534,3.7329204
416.12,3.7302907
416.706,3.7276664
417.292,3.7250476
417.878,3.7224348
418.464,3.7198269
419.05,3.7172248
419.636,3.7146282
420.222,3.7120368
420.808,3.7094512
421.394,3.7068708
421.98,3.7042959
422.566,3.7017262
423.152,3.699162
423.738,3.6966031
424.324,3.6940494
424.91,3.6915009
425.496,3.6889572
426.082,3.686419
426.668,3.6838858
427.254,3.6813581
427.84,3.6788354
428.426,3.6763179
429.012,3.6738055
429.598,3.6712985
430.184,3.6687965
430.77,3.6662996
431.356,3.6638076
431.942,3.6613209
432.528,3.6588392
433.114,3.6563628
433.7,3.6538911
434.286,3.6514246
434.872,3.6489632
435.458,3.6465065
436.044,3.6440549
436.63,3.6416082
437.216,3.6391666
437.802,3.6367297
438.388,3.6342976
438.974,3.6318707
439.56,3.6294484
440.146,3.6270311
440.732,3.6246188
441.318,3.622211
441.904,3.619808
442.49,3.6174099
443.076,3.6150165
443.662,3.612628
444.248,3.610244
444.834,3.6078649
445.42,3.6054904
446.006,3.6031208
446.592,3.6007557
447.178,3.5983951
447.764,3.5960393
448.35,3.5936882
448.936,3.5913417
449.522,3.5889997
450.108,3.5866623
450.694,3.5843294
451.28,3.5820012
451.866,3.5796773
452.452,3.5773582
453.038,3.5750434
453.624,3.5727332
454.21,3.5704274
454.796,3.5681262
455.382,3.5658293
455.968,3.5635369
456.554,3.561249
457.14,3.5589652
457.726,3.5566862
458.312,3.5544112
458.898,3.552141
459.484,3.5498748
460.07,3.5476129
460.656,3.5453553
461.242,3.5431023
461.828,3.5408535
462.414,3.5386088
463,3.5363684
463.586,3.5341322
464.172,3.5319004
464.758,3.5296729
465.344,3.5274494
465.93,3.5252302
466.516,3.5230153
467.102,3.5208042
467.688,3.5185976
468.274,3.5163951
468.86,3.5141966
469.446,3.5120022
470.032,3.5098121
470.618,3.5076258
471.204,3.505444
471.79,3.5032659
472.376,3.501092
472.962,3.4989221
473.548,3.4967563
474.134,3.4945943
474.72,3.4924364
475.306,3.4902823
475.892,3.4881325
476.478,3.4859862
477.064,3.4838443
477.65,3.4817061
478.236,3.4795721
478.822,3.4774418
479.408,3.4753153
479.994,3.4731929
480.58,3.4710743
481.166,3.4689596
481.752,3.4668489
482.338,3.4647417
482.924,3.4626386
483.51,3.4605393
484.096,3.4584439
484.682,3.456352
485.268,3.4542642
485.854,3.4521801
486.44,3.4500997
487.026,3.4480231
487.612,3.4459503
488.198,3.443881
488.784,3.4418159
489.37,3.439754
489.956,3.437696
490.542,3.4356418
491.128,3.4335911
491.714,3.4315443
492.3,3.4295011
492.886,3.4274614
493.472,3.4254253
494.058,3.423393
494.644,3.4213643
495.23,3.4193392
495.816,3.4173176
496.402,3.4152997
496.988,3.4132853
497.574,3.4112742
498.16,3.4092669
498.746,3.4072633
499.332,3.4052629
499.918,3.4032662
500.504,3.401273
501.09,3.3992834
501.676,3.3972974
502.262,3.3953145
502.848,3.3933351
503.434,3.3913593
504.02,3.3893871
504.606,3.3874183
505.192,3.3854527
505.778,3.3834906
506.364,3.381532
506.95,3.3795767
507.536,3.377625
508.122,3.3756764
508.708,3.3737314
509.294,3.3717895
509.88,3.3698511
510.466,3.3679161
511.052,3.3659844
511.638,3.3640559
512.224,3.3621309
512.81,3.360209
513.396,3.3582904
513.982,3.3563755
514.568,3.3544633
515.154,3.3525548
515.74,3.3506494
516.326,3.3487473
516.912,3.3468482
517.498,3.3449526
518.084,3.34306
518.67,3.3411708
519.256,3.3392847
519.842,3.3374019
520.428,3.3355219
521.014,3.3336453
521.6,3.3317716
522.186,3.3299015
522.772,3.3280342
523.358,3.3261702
523.944,3.3243093
524.53,3.3224514
525.116,3.3205967
525.702,3.3187451
526.288,3.3168967
526.874,3.3150511
527.46,3.3132088
528.046,3.3113697
528.632,3.3095334
529.218,3.3077002
529.804,3.3058701
530.39,3.3040431
530.976,3.3022189
531.562,3.3003979
532.148,3.2985799
532.734,3.2967646
533.32,3.2949526
533.906,3.2931435
534.492,3.2913375
535.078,3.2895343
535.664,3.2877343
536.25,3.2859371
536.836,3.2841427
537.422,3.2823515
538.008,3.2805631
538.594,3.2787776
539.18,3.2769952
539.766,3.2752154
540.352,3.2734387
540.938,3.2716649
541.524,3.2698939
542.11,3.2681258
542.696,3.2663605
543.282,3.2645981
543.868,3.2628386
544.454,3.2610819
545.04,3.2593279
545.626,3.2575769
546.212,3.2558289
546.798,3.2540834
547.384,3.2523408
547.97,3.2506008
548.556,3.2488639
549.142,3.2471297
549.728,3.2453983
550.314,3.2436695
550.9,3.2419436
551.486,3.2402205
552.072,3.2385001
552.658,3.2367826
553.244,3.2350676
553.83,3.2333553
554.416,3.2316456
555.002,3.229939
555.588,3.2282348
556.174,3.2265334
556.76,3.2248347
557.346,3.2231388
557.932,3.2214453
558.518,3.2197547
559.104,3.2180667
559.69,3.2163813
560.276,3.2146988
560.862,3.2130187
561.448,3.2113411
562.034,3.2096663
562.62,3.2079942
563.206,3.2063246
563.792,3.2046576
564.378,3.2029932
564.964,3.2013316
565.55,3.1996725
566.136,3.1980159
566.722,3.1963618
567.308,3.1947103
567.894,3.1930614
568.48,3.1914151
569.066,3.1897712
569.652,3.1881299
570.238,3.1864913
570.824,3.1848552
571.41,3.1832213
571.996,3.1815903
572.582,3.1799617
573.168,3.1783357
573.754,3.1767118
574.34,3.1750908
574.926,3.1734722
575.512,3.1718559
576.098,3.1702423
576.684,3.1686311
577.27,3.1670222
577.856,3.1654158
578.442,3.1638119
579.028,3.1622105
579.614,3.1606116
580.2,3.1590149
580.786,3.1574206
581.372,3.155829
581.958,3.1542397
582.544,3.1526527
583.13,3.1510682
583.716,3.1494861
584.302,3.1479063
584.888,3.1463289
585.474,3.1447539
586.06,3.1431813
586.646,3.1416109
587.232,3.1400425
587.818,3.1384766
588.404,3.1369128
588.99,3.1353517
589.576,3.1337926
590.162,3.1322362
590.748,3.1306818
591.334,3.1291299
591.92,3.1275802
592.506,3.1260328
593.092,3.1244876
593.678,3.1229448
594.264,3.1214044
594.85,3.1198664
595.436,3.1183302
596.022,3.1167967
596.608,3.1152651
597.194,3.1137362
597.78,3.1122093
598.366,3.1106846
598.952,3.1091623
599.538,3.1076422
600.124,3.1061242
600.71,3.1046085
601.296,3.1030951
601.882,3.1015837
602.468,3.1000748
603.054,3.098568
603.64,3.0970633
604.226,3.095561
604.812,3.0940607
605.398,3.0925627
605.984,3.0910668
606.57,3.0895731
607.156,3.0880814
607.742,3.0865922
608.328,3.0851049
608.914,3.0836198
609.5,3.0821371
610.086,3.0806563
610.672,3.0791776
611.258,3.0777011
611.844,3.0762267
612.43,3.0747545
613.016,3.0732844
613.602,3.0718164
614.188,3.0703506
614.774,3.0688868
615.36,3.067425
615.946,3.0659654
616.532,3.064508
617.118,3.0630527
617.704,3.0615993
618.29,3.060148
618.876,3.0586989
619.462,3.0572517
620.048,3.0558066
620.634,3.0543637
621.22,3.0529227
621.806,3.0514836
622.392,3.0500469
622.978,3.0486121
623.564,3.0471792
624.15,3.0457485
624.736,3.0443196
625.322,3.0428929
625.908,3.0414681
626.494,3.0400455
627.08,3.0386248
627.666,3.0372062
628.252,3.0357888
628.838,3.0343735
629.424,3.0329602
630.01,3.031549
630.596,3.0301394
631.182,3.0287321
631.768,3.0273266
632.354,3.0259233
632.94,3.0245218
633.526,3.0231223
634.112,3.0217247
634.698,3.020329
635.284,3.0189354
635.87,3.0175438
636.456,3.0161538
637.042,3.014766
637.628,3.0133801
638.214,3.011996
638.8,3.0106139
639.386,3.0092337
639.972,3.0078554
640.558,3.0064793
641.144,3.0051048
641.73,3.003732
642.316,3.0023615
642.902,3.0009925
643.488,2.9996257
644.074,2.9982607
644.66,2.9968975
645.246,2.9955361
645.832,2.9941766
646.418,2.9928191
647.004,2.9914634
647.59,2.9901094
648.176,2.9887574
648.762,2.9874072
649.348,2.9860587
649.934,2.9847124
650.52,2.9833677
651.106,2.9820247
651.692,2.9806836
652.278,2.9793446
652.864,2.9780071
653.45,2.9766715
654.036,2.9753375
654.622,2.9740057
655.208,2.9726753
655.794,2.9713469
656.38,2.9700203
656.966,2.9686956
657.552,2.9673724
658.138,2.9660511
658.724,2.9647315
659.31,2.963414
659.896,2.9620979
660.482,2.9607835
661.068,2.9594712
661.654,2.9581604
662.24,2.9568508
662.826,2.955543
663.412,2.954237
663.998,2.9529328
664.584,2.9516304
665.17,2.9503293
665.756,2.9490304
666.342,2.9477329
666.928,2.9464374
667.514,2.9451435
668.1,2.9438512
668.686,2.9425607
669.272,2.9412718
669.858,2.9399848
670.444,2.9386992
671.03,2.9374156
671.616,2.9361336
672.202,2.9348533
672.788,2.9335747
673.374,2.9322977
673.96,2.9310222
674.546,2.9297485
675.132,2.9284766
675.718,2.9272063
676.304,2.9259377
676.89,2.9246705
677.476,2.9234052
678.062,2.9221416
678.648,2.9208794
679.234,2.9196191
679.82,2.9183602
680.406,2.9171031
680.992,2.9158475
681.578,2.9145935
682.164,2.9133413
682.75,2.9120905
683.336,2.9108415
683.922,2.9095941
684.508,2.9083483
685.094,2.907104
685.68,2.9058614
686.266,2.9046204
686.852,2.9033809
687.438,2.902143
688.024,2.9009066
688.61,2.899672
689.196,2.8984389
689.782,2.8972073
690.368,2.8959775
690.954,2.8947489
691.54,2.893522
692.126,2.8922968
692.712,2.8910732
693.298,2.8898511
693.884,2.8886304
694.47,2.8874114
695.056,2.8861938
695.642,2.8849778
696.228,2.8837636
696.814,2.8825505
697.4,2.8813393
697.986,2.8801293
698.572,2.878921
699.158,2.8777144
699.744,2.876509
700.33,2.8753054
700.916,2.8741031
701.502,2.8729024
702.088,2.8717031
702.674,2.8705056
703.26,2.8693092
703.846,2.8681145
704.432,2.8669214
705.018,2.8657296
705.604,2.8645394
706.19,2.8633506
706.776,2.8621633
707.362,2.8609774
707.948,2.8597932
708.534,2.8586104
709.12,2.857429
709.706,2.8562491
710.292,2.8550706
710.878,2.8538938
711.464,2.8527181
712.05,2.8515439
712.636,2.8503714
713.222,2.8492
713.808,2.8480301
714.394,2.8468616
714.98,2.8456943
715.566,2.8445287
716.152,2.8433645
716.738,2.8422015
717.324,2.8410401
717.91,2.8398802
718.496,2.8387215
719.082,2.8375645
719.668,2.8364086
720.254,2.8352542
720.84,2.8341014
721.426,2.8329499
722.012,2.8317997
722.598,2.830651
723.184,2.8295038
723.77,2.8283579
724.356,2.8272133
724.942,2.8260703
725.528,2.8249285
726.114,2.8237882
726.7,2.822649
727.286,2.8215115
727.872,2.8203754
728.458,2.8192406
729.044,2.8181071
729.63,2.8169749
730.216,2.8158443
730.802,2.8147149
731.388,2.8135867
731.974,2.8124602
732.56,2.8113348
733.146,2.8102109
733.732,2.8090882
734.318,2.8079669
734.904,2.8068471
735.49,2.8057287
736.076,2.8046114
736.662,2.8034954
737.248,2.8023808
737.834,2.8012676
738.42,2.8001556
739.006,2.7990451
739.592,2.7979357
740.178,2.7968278
740.764,2.7957213
741.35,2.794616
741.936,2.7935121
742.522,2.7924094
743.108,2.7913079
743.694,2.7902079
744.28,2.789109
744.866,2.7880116
745.452,2.7869153
746.038,2.7858205
746.624,2.7847269
747.21,2.7836347
747.796,2.7825434
748.382,2.7814538
748.968,2.7803655
749.554,2.7792783
750.14,2.7781923
750.726,2.7771077
751.312,2.7760243
751.898,2.7749422
752.484,2.7738612
753.07,2.7727816
753.656,2.7717035
754.242,2.7706263
754.828,2.7695506
755.414,2.768476
756,2.7674026
756.586,2.7663307
757.172,2.76526
757.758,2.7641902
758.344,2.7631221
758.93,2.7620549
759.516,2.760989
760.102,2.7599244
760.688,2.7588611
761.274,2.7577989
761.86,2.7567379
762.446,2.7556782
763.032,2.7546198
763.618,2.7535627
764.204,2.7525065
764.79,2.7514517
765.376,2.7503982
765.962,2.7493455
766.548,2.7482944
767.134,2.7472444
767.72,2.7461958
768.306,2.7451482
768.892,2.7441018
769.478,2.7430565
770.064,2.7420125
770.65,2.7409697
771.236,2.739928
771.822,2.7388875
772.408,2.7378483
772.994,2.7368102
773.58,2.7357733
774.166,2.7347376
774.752,2.7337031
775.338,2.7326698
775.924,2.7316377
776.51,2.7306066
777.096,2.7295768
777.682,2.728548
778.268,2.7275205
778.854,2.7264941
779.44,2.7254689
780.026,2.7244449
780.612,2.7234221
781.198,2.7224002
781.784,2.7213798
782.37,2.7203603
782.956,2.719342
783.542,2.7183247
784.128,2.7173088
784.714,2.7162938
785.3,2.7152801
785.886,2.7142675
786.472,2.7132559
787.058,2.7122457
787.644,2.7112365
788.23,2.7102284
788.816,2.7092214
789.402,2.7082155
789.988,2.7072108
790.574,2.706207
791.16,2.7052047
791.746,2.7042034
792.332,2.703203
792.918,2.7022038
793.504,2.7012057
794.09,2.7002087
794.676,2.699213
795.262,2.6982181
795.848,2.6972246
796.434,2.6962321
797.02,2.6952405
797.606,2.6942501
798.192,2.6932609
798.778,2.6922727
799.364,2.6912856
799.95,2.6902995
800.536,2.6893146
801.122,2.6883309
801.708,2.6873481
802.294,2.6863663
802.88,2.6853857
803.466,2.684406
804.052,2.6834276
804.638,2.6824503
805.224,2.681474
805.81,2.6804986
806.396,2.6795244
806.982,2.6785512
807.568,2.6775792
808.154,2.6766081
808.74,2.6756382
809.326,2.6746693
809.912,2.6737013
810.498,2.6727345
811.084,2.6717687
811.67,2.670804
812.256,2.6698403
812.842,2.6688776
813.428,2.6679161
814.014,2.6669555
814.6,2.6659958
815.186,2.6650374
815.772,2.6640799
816.358,2.6631236
816.944,2.662168
817.53,2.6612139
818.116,2.6602604
818.702,2.6593082
819.288,2.6583569
819.874,2.6574066
820.46,2.6564572
821.046,2.655509
821.632,2.6545618
822.218,2.6536155
822.804,2.6526704
823.39,2.651726
823.976,2.6507828
824.562,2.6498408
825.148,2.6488996
825.734,2.6479595
826.32,2.6470201
826.906,2.6460819
827.492,2.6451447
828.078,2.6442087
828.664,2.6432734
829.25,2.6423392
829.836,2.6414058
830.422,2.6404738
831.008,2.6395426
831.594,2.6386123
832.18,2.6376829
832.766,2.6367545
833.352,2.6358273
833.938,2.634901
834.524,2.6339757
835.11,2.6330512
835.696,2.6321278
836.282,2.6312053
836.868,2.6302838
837.454,2.6293633
838.04,2.6284437
838.626,2.6275253
839.212,2.6266077
839.798,2.6256909
840.384,2.6247752
840.97,2.6238606
841.556,2.6229467
842.142,2.6220338
842.728,2.6211219
843.314,2.6202111
843.9,2.6193011
844.486,2.618392
845.072,2.6174839
845.658,2.6165769
846.244,2.6156707
846.83,2.6147654
847.416,2.6138611
848.002,2.6129577
848.588,2.6120551
849.174,2.6111536
849.76,2.6102531
850.346,2.6093533
850.932,2.6084547
851.518,2.6075568
852.104,2.6066599
852.69,2.6057642
853.276,2.6048691
853.862,2.6039751
854.448,2.6030817
855.034,2.6021895
855.62,2.6012981
856.206,2.6004076
856.792,2.5995183
857.378,2.5986297
857.964,2.5977418
858.55,2.5968552
859.136,2.5959692
859.722,2.5950844
860.308,2.5942001
860.894,2.593317
861.48,2.5924349
862.066,2.5915534
862.652,2.590673
863.238,2.5897934
863.824,2.5889146
864.41,2.588037
864.996,2.5871601
865.582,2.5862842
866.168,2.5854089
866.754,2.5845349
867.34,2.5836616
867.926,2.5827889
868.512,2.5819173
869.098,2.5810468
869.684,2.5801768
870.27,2.579308
870.856,2.57844
871.442,2.5775728
872.028,2.5767064
872.614,2.5758412
873.2,2.5749764
873.786,2.5741129
874.372,2.5732501
874.958,2.5723882
875.544,2.571527
876.13,2.5706668
876.716,2.5698075
877.302,2.568949
877.888,2.5680914
878.474,2.5672345
879.06,2.5663786
879.646,2.5655236
880.232,2.5646694
880.818,2.5638161
881.404,2.5629635
881.99,2.5621119
882.576,2.5612612
883.162,2.5604112
883.748,2.559562
884.334,2.5587139
884.92,2.5578663
885.506,2.5570197
886.092,2.556174
886.678,2.5553291
887.264,2.5544851
887.85,2.5536418
888.436,2.5527995
889.022,2.5519578
889.608,2.5511172
890.194,2.5502775
890.78,2.5494382
891.366,2.5486002
891.952,2.5477626
892.538,2.546926
893.124,2.5460904
893.71,2.5452554
894.296,2.5444212
894.882,2.5435879
895.468,2.5427554
896.054,2.5419238
896.64,2.5410929
897.226,2.5402629
897.812,2.5394337
898.398,2.5386055
898.984,2.5377777
899.57,2.5369511
900.156,2.5361249
900.742,2.5352998
901.328,2.5344756
901.914,2.5336521
902.5,2.5328293
903.086,2.5320072
903.672,2.5311861
904.258,2.5303657
904.844,2.5295463
905.43,2.5287275
906.016,2.5279095
906.602,2.5270922
907.188,2.5262759
907.774,2.5254602
908.36,2.5246456
908.946,2.5238316
909.532,2.5230184
910.118,2.5222058
910.704,2.5213943
911.29,2.5205834
911.876,2.5197732
912.462,2.5189641
913.048,2.5181556
913.634,2.5173478
914.22,2.5165408
914.806,2.5157347
915.392,2.5149293
915.978,2.5141246
916.564,2.5133207
917.15,2.5125177
917.736,2.5117154
918.322,2.5109138
918.908,2.510113
919.494,2.5093129
920.08,2.5085137
920.666,2.5077152
921.252,2.5069175
921.838,2.5061207
922.424,2.5053244
923.01,2.504529
923.596,2.5037344
924.182,2.5029404
924.768,2.5021472
925.354,2.5013547
925.94,2.5005631
926.526,2.4997723
927.112,2.498982
927.698,2.4981925
928.284,2.4974041
928.87,2.4966161
929.456,2.4958289
930.042,2.4950426
930.628,2.4942567
931.214,2.4934719
931.8,2.4926877
932.386,2.4919043
932.972,2.4911215
933.558,2.4903395
934.144,2.4895585
934.73,2.4887779
935.316,2.487998
935.902,2.4872191
936.488,2.4864409
937.074,2.4856632
937.66,2.4848864
938.246,2.4841104
938.832,2.4833348
939.418,2.4825602
940.004,2.4817863
940.59,2.4810131
941.176,2.4802406
941.762,2.4794688
942.348,2.4786978
942.934,2.4779277
943.52,2.4771581
944.106,2.4763892
944.692,2.475621
945.278,2.4748535
945.864,2.4740868
946.45,2.4733207
947.036,2.4725554
947.622,2.4717908
948.208,2.4710269
948.794,2.4702637
949.38,2.4695015
949.966,2.4687395
950.552,2.4679787
951.138,2.4672184
951.724,2.4664586
952.31,2.4656997
952.896,2.4649413
953.482,2.4641836
954.068,2.4634266
954.654,2.4626701
955.24,2.4619145
955.826,2.4611595
956.412,2.4604051
956.998,2.4596517
957.584,2.4588988
958.17,2.4581466
958.756,2.4573951
959.342,2.4566443
959.928,2.4558942
960.514,2.4551446
961.1,2.454396
961.686,2.4536479
962.272,2.4529006
962.858,2.4521539
963.444,2.4514079
964.03,2.4506626
964.616,2.4499178
965.202,2.4491739
965.788,2.4484305
966.374,2.4476879
966.96,2.4469459
967.546,2.4462047
968.132,2.4454641
968.718,2.4447243
969.304,2.443985
969.89,2.4432464
970.476,2.4425085
971.062,2.4417713
971.648,2.4410348
972.234,2.4402988
972.82,2.4395635
973.406,2.4388289
973.992,2.4380951
974.578,2.437362
975.164,2.4366293
975.75,2.4358974
976.336,2.4351661
976.922,2.4344356
977.508,2.4337056
978.094,2.4329762
978.68,2.4322476
979.266,2.4315197
979.852,2.4307923
980.438,2.4300656
981.024,2.4293396
981.61,2.4286144
982.196,2.4278896
982.782,2.4271655
983.368,2.4264421
983.954,2.4257195
984.54,2.4249973
985.126,2.4242759
985.712,2.4235551
986.298,2.4228349
986.884,2.4221153
987.47,2.4213965
988.056,2.4206781
988.642,2.4199605
989.228,2.4192436
989.814,2.4185274
990.4,2.4178116
990.986,2.4170966
991.572,2.4163821
992.158,2.4156682
992.744,2.4149551
993.33,2.4142427
993.916,2.4135308
994.502,2.4128194
995.088,2.4121089
995.674,2.4113989
996.26,2.4106896
996.846,2.4099808
997.432,2.4092727
998.018,2.4085653
998.604,2.4078584
999.19,2.4071522
999.776,2.4064465
1000.362,2.4057415
1000.948,2.4050369
1001.534,2.4043334
1002.12,2.4036303
1002.706,2.4029276
1003.292,2.4022257
1003.878,2.4015243
1004.464,2.4008238
1005.05,2.4001238
1005.636,2.3994243
1006.222,2.3987255
1006.808,2.3980272
1007.394,2.3973296
1007.98,2.3966327
1008.566,2.3959363
1009.152,2.3952405
1009.738,2.3945453
1010.324,2.3938508
1010.91,2.3931568
1011.496,2.3924634
1012.082,2.3917706
1012.668,2.3910787
1013.254,2.3903871
1013.84,2.3896961
1014.426,2.3890057
1015.012,2.3883162
1015.598,2.3876269
1016.184,2.3869383
1016.77,2.3862505
1017.356,2.3855631
1017.942,2.3848763
1018.528,2.3841903
1019.114,2.3835046
1019.7,2.3828197
1020.286,2.3821354
1020.872,2.3814516
1021.458,2.3807683
1022.044,2.3800857
1022.63,2.3794036
1023.216,2.3787222
1023.802,2.3780415
1024.388,2.3773613
1024.974,2.3766816
1025.56,2.3760026
1026.146,2.375324
1026.732,2.3746462
1027.318,2.3739688
1027.904,2.373292
1028.49,2.3726158
1029.076,2.3719404
1029.662,2.3712652
1030.248,2.3705909
1030.834,2.3699169
1031.42,2.3692439
1032.006,2.368571
1032.592,2.3678989
1033.178,2.3672273
1033.764,2.3665564
1034.35,2.365886
1034.936,2.3652163
1035.522,2.364547
1036.108,2.3638783
1036.694,2.3632102
1037.28,2.3625426
1037.866,2.3618755
1038.452,2.3612092
1039.038,2.3605435
1039.624,2.3598781
1040.21,2.3592134
1040.796,2.3585491
1041.382,2.3578856
1041.968,2.3572226
1042.554,2.3565602
1043.14,2.3558979
1043.726,2.3552363
1044.312,2.3545752
1044.898,2.3539147
1045.484,2.3532548
1046.07,2.3525953
1046.656,2.3519363
1047.242,2.3512781
1047.828,2.3506203
1048.414,2.3499632
1049,2.3493063
1049.586,2.3486505
1050.172,2.3479948
1050.758,2.3473399
1051.344,2.3466854
1051.93,2.3460314
1052.516,2.3453782
1053.102,2.3447254
1053.688,2.3440731
1054.274,2.3434212
1054.86,2.3427701
1055.446,2.3421195
1056.032,2.3414695
1056.618,2.3408198
1057.204,2.3401709
1057.79,2.3395224
1058.376,2.3388746
1058.962,2.338227
1059.548,2.3375804
1060.134,2.3369341
1060.72,2.3362882
1061.306,2.3356431
1061.892,2.3349984
1062.478,2.3343542
1063.064,2.3337107
1063.65,2.3330677
1064.236,2.3324249
1064.822,2.3317831
1065.408,2.3311415
1065.994,2.3305006
1066.58,2.3298602
1067.166,2.3292203
1067.752,2.3285809
1068.338,2.3279421
1068.924,2.3273039
1069.51,2.3266661
1070.096,2.3260288
1070.682,2.325392
1071.268,2.3247559
1071.854,2.3241203
1072.44,2.3234851
1073.026,2.3228505
1073.612,2.3222163
1074.198,2.3215828
1074.784,2.3209498
1075.37,2.320317
1075.956,2.3196852
1076.542,2.3190536
1077.128,2.3184226
1077.714,2.3177922
1078.3,2.3171623
1078.886,2.3165329
1079.472,2.3159039
1080.058,2.3152754
1080.644,2.3146477
1081.23,2.3140202
1081.816,2.3133934
1082.402,2.312767
1082.988,2.3121412
1083.574,2.3115158
1084.16,2.3108912
1084.746,2.3102667
1085.332,2.309643
1085.918,2.3090196
1086.504,2.3083968
1087.09,2.3077745
1087.676,2.3071527
1088.262,2.3065314
1088.848,2.3059108
1089.434,2.3052905
1090.02,2.3046708
1090.606,2.3040516
1091.192,2.3034327
1091.778,2.3028145
1092.364,2.3021967
1092.95,2.3015795
1093.536,2.3009627
1094.122,2.3003466
1094.708,2.2997308
1095.294,2.2991157
1095.88,2.2985008
1096.466,2.2978866
1097.052,2.2972727
1097.638,2.2966595
1098.224,2.2960467
1098.81,2.2954345
1099.396,2.2948227
1099.982,2.2942114
1100.568,2.2936006
1101.154,2.2929902
1101.74,2.2923803
1102.326,2.2917709
1102.912,2.2911623
1103.498,2.2905538
1104.084,2.2899461
1104.67,2.2893386
1105.256,2.2887318
1105.842,2.2881253
1106.428,2.2875195
1107.014,2.2869139
1107.6,2.286309
1108.186,2.2857046
1108.772,2.2851005
1109.358,2.284497
1109.944,2.2838941
1110.53,2.2832916
1111.116,2.2826893
1111.702,2.2820878
1112.288,2.2814867
1112.874,2.2808862
1113.46,2.2802858
1114.046,2.2796862
1114.632,2.2790871
1115.218,2.2784884
1115.804,2.2778902
1116.39,2.277292
1116.976,2.2766945
1117.562,2.2760973
1118.148,2.2755003
1118.734,2.274904
1119.32,2.2743082
1119.906,2.2737129
1120.492,2.2731178
1121.078,2.2725234
1121.664,2.2719295
1122.25,2.2713361
1122.836,2.2707431
1123.422,2.2701504
1124.008,2.2695584
1124.594,2.2689669
1125.18,2.2683756
1125.766,2.2677851
1126.352,2.2671947
1126.938,2.2666051
1127.524,2.2660158
1128.11,2.2654271
1128.696,2.2648387
1129.282,2.2642508
1129.868,2.2636633
1130.454,2.2630765
1131.04,2.26249
1131.626,2.261904
1132.212,2.2613184
1132.798,2.2607334
1133.384,2.2601488
1133.97,2.2595644
1134.556,2.2589808
1135.142,2.2583976
1135.728,2.2578146
1136.314,2.2572322
1136.9,2.2566504
1137.486,2.2560689
1138.072,2.2554879
1138.658,2.2549074
1139.244,2.2543273
1139.83,2.2537477
1140.416,2.2531686
1141.002,2.2525899
1141.588,2.2520115
1142.174,2.2514336
1142.76,2.2508564
1143.346,2.2502794
1143.932,2.2497029
1144.518,2.2491269
1145.104,2.2485514
1145.69,2.2479761
1146.276,2.2474015
1146.862,2.2468274
1147.448,2.2462535
1148.034,2.2456801
1148.62,2.2451072
1149.206,2.2445347
1149.792,2.2439628
1150.378,2.243391
1150.964,2.24282
1151.55,2.2422493
1152.136,2.241679
1152.722,2.2411091
1153.308,2.2405398
1153.894,2.2399709
1154.48,2.2394023
1155.066,2.2388344
1155.652,2.2382667
1156.238,2.2376995
1156.824,2.2371328
1157.41,2.2365663
1157.996,2.2360005
1158.582,2.235435
1159.168,2.23487
1159.754,2.2343054
1160.34,2.2337413
1160.926,2.2331777
1161.512,2.2326143
1162.098,2.2320514
1162.684,2.2314889
1163.27,2.230927
1163.856,2.2303653
1164.442,2.229804
1165.028,2.2292435
1165.614,2.228683
1166.2,2.2281232
1166.786,2.2275639
1167.372,2.2270048
1167.958,2.2264462
1168.544,2.225888
1169.13,2.2253304
1169.716,2.2247729
1170.302,2.224216
1170.888,2.2236598
1171.474,2.2231035
1172.06,2.2225475
1172.646,2.221992
1173.232,2.2214367
1173.818,2.2208819
1174.404,2.2203274
1174.99,2.2197735
1175.576,2.2192199
1176.162,2.2186668
1176.748,2.2181141
1177.334,2.2175617
1177.92,2.2170098
1178.506,2.2164583
1179.092,2.2159073
1179.678,2.2153568
1180.264,2.2148066
1180.85,2.2142568
1181.436,2.2137074
1182.022,2.2131584
1182.608,2.2126098
1183.194,2.2120616
1183.78,2.211514
1184.366,2.2109666
1184.952,2.2104197
1185.538,2.2098732
1186.124,2.209327
1186.71,2.2087812
1187.296,2.208236
1187.882,2.2076912
1188.468,2.2071466
1189.054,2.2066026
1189.64,2.206059
1190.226,2.2055156
1190.812,2.2049727
1191.398,2.2044303
1191.984,2.2038884
1192.57,2.2033467
1193.156,2.2028053
1193.742,2.2022645
1194.328,2.2017241
1194.914,2.201184
1195.5,2.2006445
1196.086,2.2001052
1196.672,2.1995664
1197.258,2.199028
1197.844,2.1984899
1198.43,2.1979523
1199.016,2.1974149
1199.602,2.1968782
1200.188,2.1963418
1200.774,2.1958055
1201.36,2.1952701
1201.946,2.1947348
1202.532,2.1941998
1203.118,2.1936653
1203.704,2.1931312
1204.29,2.1925976
1204.876,2.1920643
1205.462,2.1915314
1206.048,2.1909988
1206.634,2.1904666
1207.22,2.189935
1207.806,2.1894038
1208.392,2.1888726
1208.978,2.1883421
1209.564,2.1878119
1210.15,2.1872823
1210.736,2.1867528
1211.322,2.1862237
1211.908,2.1856952
1212.494,2.1851668
1213.08,2.184639
1213.666,2.1841116
1214.252,2.1835845
1214.838,2.1830578
1215.424,2.1825316
1216.01,2.1820056
1216.596,2.1814802
1217.182,2.1809549
1217.768,2.1804302
1218.354,2.1799057
1218.94,2.1793816
1219.526,2.178858
1220.112,2.1783347
1220.698,2.1778119
1221.284,2.1772892
1221.87,2.1767673
1222.456,2.1762455
1223.042,2.1757243
1223.628,2.1752031
1224.214,2.1746826
1224.8,2.1741624
1225.386,2.1736424
1225.972,2.1731229
1226.558,2.1726038
1227.144,2.172085
1227.73,2.1715667
1228.316,2.1710486
1228.902,2.170531
1229.488,2.1700139
1230.074,2.169497
1230.66,2.1689806
1231.246,2.1684644
1231.832,2.1679487
1232.418,2.1674333
1233.004,2.1669183
1233.59,2.1664035
1234.176,2.1658893
1234.762,2.1653755
1235.348,2.1648619
1235.934,2.1643486
1236.52,2.1638358
1237.106,2.1633234
1237.692,2.1628113
1238.278,2.1622996
1238.864,2.1617882
1239.45,2.1612773
1240.036,2.1607666
1240.622,2.1602564
1241.208,2.1597464
1241.794,2.1592369
1242.38,2.1587279
1242.966,2.1582191
1243.552,2.1577106
1244.138,2.1572025
1244.724,2.1566944
1245.31,2.1561866
1245.896,2.1556795
1246.482,2.1551723
1247.068,2.1546657
1247.654,2.1541595
1248.24,2.1536536
1248.826,2.1531482
1249.412,2.152643
1249.998,2.1521382
1250.584,2.1516337
1251.17,2.1511295
1251.756,2.1506259
1252.342,2.1501226
1252.928,2.1496193
1253.514,2.1491168
1254.1,2.1486144
1254.686,2.1481125
1255.272,2.1476109
1255.858,2.1471097
1256.444,2.1466086
1257.03,2.1461082
1257.616,2.1456079
1258.202,2.1451082
1258.788,2.1446085
1259.374,2.1441095
1259.96,2.1436107
1260.546,2.1431122
1261.132,2.1426141
1261.718,2.1421163
1262.304,2.141619
1262.89,2.1411219
1263.476,2.1406252
1264.062,2.1401289
1264.648,2.1396329
1265.234,2.1391373
1265.82,2.1386418
1266.406,2.1381469
1266.992,2.1376524
1267.578,2.1371579
1268.164,2.1366642
1268.75,2.1361706
1269.336,2.1356773
1269.922,2.1351843
1270.508,2.1346917
1271.094,2.1341996
1271.68,2.1337078
1272.266,2.1332161
1272.852,2.132725
1273.438,2.1322341
1274.024,2.1317437
1274.61,2.1312535
1275.196,2.1307635
1275.782,2.1302741
1276.368,2.1297851
1276.954,2.1292961
1277.54,2.1288075
1278.126,2.1283195
1278.712,2.1278317
1279.298,2.1273444
1279.884,2.1268573
1280.47,2.1263704
1281.056,2.1258838
1281.642,2.1253977
1282.228,2.124912
1282.814,2.1244266
1283.4,2.1239414
1283.986,2.1234567
1284.572,2.1229722
1285.158,2.122488
1285.744,2.1220043
1286.33,2.121521
1286.916,2.1210377
1287.502,2.1205549
1288.088,2.1200726
1288.674,2.1195903
1289.26,2.1191087
1289.846,2.1186271
1290.432,2.1181459
1291.018,2.1176653
1291.604,2.1171846
1292.19,2.1167045
1292.776,2.1162248
1293.362,2.1157453
1293.948,2.1152661
1294.534,2.1147871
1295.12,2.1143086
1295.706,2.1138306
1296.292,2.1133525
1296.878,2.112875
1297.464,2.1123979
1298.05,2.1119211
1298.636,2.1114445
1299.222,2.1109681
1299.808,2.1104922
1300.394,2.1100166
1300.98,2.1095414
1301.566,2.1090665
1302.152,2.1085918
1302.738,2.1081176
1303.324,2.1076436
1303.91,2.1071699
1304.496,2.1066966
1305.082,2.1062236
1305.668,2.1057508
1306.254,2.1052785
1306.84,2.1048064
1307.426,2.1043346
1308.012,2.1038632
1308.598,2.1033921
1309.184,2.1029212
1309.77,2.1024508
1310.356,2.1019807
1310.942,2.1015108
1311.528,2.1010413
1312.114,2.1005721
1312.7,2.1001034
1313.286,2.0996346
1313.872,2.0991664
1314.458,2.0986984
1315.044,2.0982308
1315.63,2.0977635
1316.216,2.0972965
1316.802,2.0968299
1317.388,2.0963633
1317.974,2.0958974
1318.56,2.0954316
1319.146,2.0949662
1319.732,2.094501
1320.318,2.0940361
1320.904,2.0935717
1321.49,2.0931075
1322.076,2.0926435
1322.662,2.09218
1323.248,2.0917168
1323.834,2.0912538
1324.42,2.090791
1325.006,2.0903287
1325.592,2.0898666
1326.178,2.0894048
1326.764,2.0889435
1327.35,2.0884824
1327.936,2.0880215
1328.522,2.0875611
1329.108,2.0871007
1329.694,2.0866408
1330.28,2.0861814
1330.866,2.085722
1331.452,2.085263
1332.038,2.0848043
1332.624,2.0843458
1333.21,2.0838878
1333.796,2.0834301
1334.382,2.0829725
1334.968,2.0825155
1335.554,2.0820584
1336.14,2.0816021
1336.726,2.0811458
1337.312,2.0806897
1337.898,2.0802341
1338.484,2.0797787
1339.07,2.0793235
1339.656,2.0788689
1340.242,2.0784144
1340.828,2.0779603
1341.414,2.0775063
1342,2.0770528
1342.586,2.0765996
1343.172,2.0761466
1343.758,2.0756938
1344.344,2.0752413
1344.93,2.0747895
1345.516,2.0743377
1346.102,2.0738862
1346.688,2.0734348
1347.274,2.072984
1347.86,2.0725334
1348.446,2.072083
1349.032,2.0716331
1349.618,2.0711834
1350.204,2.0707338
1350.79,2.0702846
1351.376,2.0698359
1351.962,2.0693874
1352.548,2.068939
1353.134,2.0684912
1353.72,2.0680435
1354.306,2.0675957
1354.892,2.0671484
1355.478,2.0667017
1356.064,2.0662549
1356.65,2.0658083
1357.236,2.0653622
1357.822,2.0649164
1358.408,2.0644708
1358.994,2.0640256
1359.58,2.0635808
1360.166,2.0631359
1360.752,2.0626915
1361.338,2.0622475
1361.924,2.0618036
1362.51,2.0613601
1363.096,2.0609169
1363.682,2.0604739
1364.268,2.0600312
1364.854,2.0595887
1365.44,2.0591466
1366.026,2.0587049
1366.612,2.0582633
1367.198,2.057822
1367.784,2.0573812
1368.37,2.0569406
1368.956,2.0565
1369.542,2.0560601
1370.128,2.0556202
1370.714,2.0551805
1371.3,2.0547414
1371.886,2.0543022
1372.472,2.0538635
1373.058,2.0534253
1373.644,2.0529871
1374.23,2.0525491
1374.816,2.0521116
1375.402,2.0516744
1375.988,2.0512373
1376.574,2.0508006
1377.16,2.050364
1377.746,2.0499279
1378.332,2.0494921
1378.918,2.0490563
1379.504,2.0486212
1380.09,2.0481861
1380.676,2.0477512
1381.262,2.0473168
1381.848,2.0468824
1382.434,2.0464485
1383.02,2.046015
1383.606,2.0455816
1384.192,2.0451484
1384.778,2.0447156
1385.364,2.0442829
1385.95,2.0438507
1386.536,2.0434186
1387.122,2.0429869
1387.708,2.0425553
1388.294,2.0421243
1388.88,2.0416932
1389.466,2.0412626
1390.052,2.0408323
1390.638,2.0404022
1391.224,2.0399723
1391.81,2.0395427
1392.396,2.0391135
1392.982,2.0386844
1393.568,2.0382557
1394.154,2.0378273
1394.74,2.0373991
1395.326,2.0369711
1395.912,2.0365434
1396.498,2.0361159
1397.084,2.0356889
1397.67,2.0352619
1398.256,2.0348353
1398.842,2.034409
1399.428,2.033983
1400.014,2.0335572
1400.6,2.0331318
1401.186,2.0327065
1401.772,2.0322814
1402.358,2.0318568
1402.944,2.0314324
1403.53,2.0310082
1404.116,2.0305843
1404.702,2.0301607
1405.288,2.0297372
1405.874,2.029314
1406.46,2.0288913
1407.046,2.0284686
1407.632,2.0280464
1408.218,2.0276244
1408.804,2.0272024
1409.39,2.0267808
1409.976,2.0263596
1410.562,2.0259387
1411.148,2.0255179
1411.734,2.0250974
1412.32,2.0246773
1412.906,2.0242572
1413.492,2.0238376
1414.078,2.0234182
1414.664,2.0229988
1415.25,2.0225799
1415.836,2.0221615
1416.422,2.0217431
1417.008,2.0213249
1417.594,2.0209069
1418.18,2.0204895
1418.766,2.020072
1419.352,2.019655
1419.938,2.019238
1420.524,2.0188215
1421.11,2.0184052
1421.696,2.0179892
1422.282,2.0175734
1422.868,2.0171578
1423.454,2.0167425
1424.04,2.0163274
1424.626,2.0159128
1425.212,2.0154982
1425.798,2.015084
1426.384,2.0146699
1426.97,2.014256
1427.556,2.0138426
1428.142,2.0134294
1428.728,2.0130165
1429.314,2.0126038
1429.9,2.0121913
1430.486,2.0117788
1431.072,2.0113671
1431.658,2.0109553
1432.244,2.0105438
1432.83,2.0101326
1433.416,2.0097218
1434.002,2.009311
1434.588,2.0089004
1435.174,2.0084903
1435.76,2.0080802
1436.346,2.0076706
1436.932,2.007261
1437.518,2.0068519
1438.104,2.006443
1438.69,2.0060344
1439.276,2.0056257
1439.862,2.0052176
1440.448,2.0048096
1441.034,2.0044019
1441.62,2.0039945
1442.206,2.0035872
1442.792,2.0031805
1443.378,2.0027738
1443.964,2.0023673
1444.55,2.001961
1445.136,2.001555
1445.722,2.0011494
1446.308,2.0007439
1446.894,2.0003386
1447.48,1.9999336
1448.066,1.9995289
1448.652,1.9991244
1449.238,1.9987202
1449.824,1.9983163
1450.41,1.9979125
1450.996,1.997509
1451.582,1.9971057
1452.168,1.9967027
1452.754,1.9962999
1453.34,1.9958974
1453.926,1.9954951
1454.512,1.9950931
1455.098,1.9946913
1455.684,1.9942896
1456.27,1.9938884
1456.856,1.9934872
1457.442,1.9930866
1458.028,1.9926859
1458.614,1.9922855
1459.2,1.9918854
1459.786,1.9914856
1460.372,1.991086
1460.958,1.9906867
1461.544,1.9902874
1462.13,1.9898885
1462.716,1.9894899
1463.302,1.9890914
1463.888,1.9886934
1464.474,1.9882953
1465.06,1.9878976
1465.646,1.9875002
1466.232,1.987103
1466.818,1.986706
1467.404,1.9863093
1467.99,1.9859127
1468.576,1.9855164
1469.162,1.9851204
1469.748,1.9847246
1470.334,1.984329
1470.92,1.9839337
1471.506,1.9835386
1472.092,1.9831438
1472.678,1.9827492
1473.264,1.9823548
1473.85,1.9819607
1474.436,1.9815668
1475.022,1.981173
1475.608,1.9807796
1476.194,1.9803864
1476.78,1.9799933
1477.366,1.9796007
1477.952,1.9792082
1478.538,1.9788159
1479.124,1.9784238
1479.71,1.9780321
1480.296,1.9776405
1480.882,1.9772491
1481.468,1.976858
1482.054,1.9764671
1482.64,1.9760765
1483.226,1.9756861
1483.812,1.9752959
1484.398,1.974906
1484.984,1.9745163
1485.57,1.9741267
1486.156,1.9737375
1486.742,1.9733485
1487.328,1.9729598
1487.914,1.9725711
1488.5,1.9721828
1489.086,1.9717946
1489.672,1.9714067
1490.258,1.9710191
1490.844,1.9706317
1491.43,1.9702444
1492.016,1.9698575
1492.602,1.9694707
1493.188,1.9690843
1493.774,1.968698
1494.36,1.9683119
1494.946,1.9679261
1495.532,1.9675405
1496.118,1.9671551
1496.704,1.9667701
1497.29,1.9663851
1497.876,1.9660004
1498.462,1.965616
1499.048,1.9652317
1499.634,1.9648477
1500.22,1.9644638
1500.806,1.9640803
1501.392,1.963697
1501.978,1.9633138
1502.564,1.9629309
1503.15,1.9625483
1503.736,1.9621658
1504.322,1.9617836
1504.908,1.9614016
1505.494,1.9610198
1506.08,1.9606383
1506.666,1.9602569
1507.252,1.9598758
1507.838,1.9594949
1508.424,1.9591143
1509.01,1.9587338
1509.596,1.9583536
1510.182,1.9579736
1510.768,1.9575938
1511.354,1.9572142
1511.94,1.9568349
1512.526,1.9564558
1513.112,1.9560769
1513.698,1.9556981
1514.284,1.9553198
1514.87,1.9549415
1515.456,1.9545635
1516.042,1.9541857
1516.628,1.9538081
1517.214,1.9534308
1517.8,1.9530536
1518.386,1.9526767
1518.972,1.9523
1519.558,1.9519235
1520.144,1.9515473
1520.73,1.9511712
1521.316,1.9507954
1521.902,1.9504197
1522.488,1.9500444
1523.074,1.9496691
1523.66,1.9492942
1524.246,1.9489194
1524.832,1.9485449
1525.418,1.9481705
1526.004,1.9477965
1526.59,1.9474226
1527.176,1.9470488
1527.762,1.9466754
1528.348,1.9463022
1528.934,1.9459292
1529.52,1.9455563
1530.106,1.9451838
1530.692,1.9448113
1531.278,1.9444392
1531.864,1.9440672
1532.45,1.9436954
1533.036,1.943324
1533.622,1.9429526
1534.208,1.9425815
1534.794,1.9422106
1535.38,1.9418399
1535.966,1.9414694
1536.552,1.9410992
1537.138,1.9407291
1537.724,1.9403592
1538.31,1.9399897
1538.896,1.9396203
1539.482,1.9392511
1540.068,1.9388821
1540.654,1.9385133
1541.24,1.9381447
1541.826,1.9377763
1542.412,1.9374082
1542.998,1.9370402
1543.584,1.9366726
1544.17,1.936305
1544.756,1.9359376
1545.342,1.9355706
1545.928,1.9352037
1546.514,1.934837
1547.1,1.9344705
1547.686,1.9341042
1548.272,1.9337381
1548.858,1.9333723
1549.444,1.9330066
1550.03,1.9326413
1550.616,1.932276
1551.202,1.931911
1551.788,1.9315461
1552.374,1.9311816
1552.96,1.9308171
1553.546,1.9304529
1554.132,1.930089
1554.718,1.9297252
1555.304,1.9293616
1555.89,1.9289982
1556.476,1.928635
1557.062,1.928272
1557.648,1.9279093
1558.234,1.9275467
1558.82,1.9271843
1559.406,1.9268222
1559.992,1.9264603
1560.578,1.9260985
1561.164,1.925737
1561.75,1.9253757
1562.336,1.9250145
1562.922,1.9246535
1563.508,1.9242929
1564.094,1.9239323
1564.68,1.9235721
1565.266,1.9232119
1565.852,1.922852
1566.438,1.9224923
1567.024,1.9221327
1567.61,1.9217734
1568.196,1.9214144
1568.782,1.9210554
1569.368,1.9206967
1569.954,1.9203383
1570.54,1.9199799
1571.126,1.9196218
1571.712,1.919264
1572.298,1.9189062
1572.884,1.9185487
1573.47,1.9181914
1574.056,1.9178343
1574.642,1.9174774
1575.228,1.9171207
1575.814,1.9167641
1576.4,1.9164078
1576.986,1.9160517
1577.572,1.9156958
1578.158,1.9153401
1578.744,1.9149846
1579.33,1.9146293
1579.916,1.9142741
1580.502,1.9139192
1581.088,1.9135644
1581.674,1.9132099
1582.26,1.9128556
1582.846,1.9125016
1583.432,1.9121475
1584.018,1.9117938
1584.604,1.9114403
1585.19,1.9110869
1585.776,1.9107337
1586.362,1.9103808
1586.948,1.910028
1587.534,1.9096755
1588.12,1.9093231
1588.706,1.908971
1589.292,1.9086189
1589.878,1.9082671
1590.464,1.9079156
1591.05,1.9075642
1591.636,1.907213
1592.222,1.9068619
1592.808,1.9065111
1593.394,1.9061605
1593.98,1.90581
1594.566,1.9054598
1595.152,1.9051098
1595.738,1.9047599
1596.324,1.9044102
1596.91,1.9040607
1597.496,1.9037116
1598.082,1.9033624
1598.668,1.9030135
1599.254,1.9026648
1599.84,1.9023163
1600.426,1.901968
1601.012,1.9016199
1601.598,1.9012719
1602.184,1.9009242
1602.77,1.9005766
1603.356,1.9002292
1603.942,1.8998821
1604.528,1.8995351
1605.114,1.8991883
1605.7,1.8988417
1606.286,1.8984953
1606.872,1.898149
1607.458,1.8978031
1608.044,1.8974571
1608.63,1.8971115
1609.216,1.8967661
1609.802,1.8964207
1610.388,1.8960757
1610.974,1.8957307
1611.56,1.8953861
1612.146,1.8950415
1612.732,1.8946972
1613.318,1.894353
1613.904,1.8940091
1614.49,1.8936653
1615.076,1.8933218
1615.662,1.8929783
1616.248,1.8926351
1616.834,1.892292
1617.42,1.8919492
1618.006,1.8916066
1618.592,1.8912641
1619.178,1.8909218
1619.764,1.8905797
1620.35,1.8902378
1620.936,1.889896
1621.522,1.8895545
1622.108,1.8892131
1622.694,1.8888719
1623.28,1.888531
1623.866,1.8881902
1624.452,1.8878496
1625.038,1.8875091
1625.624,1.8871689
1626.21,1.8868288
1626.796,1.8864889
1627.382,1.8861492
1627.968,1.8858097
1628.554,1.8854704
1629.14,1.8851312
1629.726,1.8847922
1630.312,1.8844534
1630.898,1.8841149
1631.484,1.8837764
1632.07,1.8834381
1632.656,1.8831002
1633.242,1.8827622
1633.828,1.8824245
1634.414,1.882087
1635,1.8817497
1635.586,1.8814125
1636.172,1.8810756
1636.758,1.8807387
1637.344,1.8804022
1637.93,1.8800657
1638.516,1.8797295
1639.102,1.8793935
1639.688,1.8790575
1640.274,1.8787218
1640.86,1.8783863
1641.446,1.8780509
1642.032,1.8777158
1642.618,1.8773808
1643.204,1.877046
1643.79,1.8767114
1644.376,1.876377
1644.962,1.8760426
1645.548,1.8757086
1646.134,1.8753747
1646.72,1.8750409
1647.306,1.8747073
1647.892,1.8743739
1648.478,1.8740407
1649.064,1.8737078
1649.65,1.8733749
1650.236,1.8730422
1650.822,1.8727098
1651.408,1.8723774
1651.994,1.8720453
1652.58,1.8717133
1653.166,1.8713815
1653.752,1.8710499
1654.338,1.8707185
1654.924,1.8703872
1655.51,1.8700562
1656.096,1.8697252
1656.682,1.8693945
1657.268,1.869064
1657.854,1.8687335
1658.44,1.8684033
1659.026,1.8680733
1659.612,1.8677435
1660.198,1.8674138
1660.784,1.8670843
1661.37,1.8667549
1661.956,1.8664258
1662.542,1.8660969
1663.128,1.865768
1663.714,1.8654394
1664.3,1.8651109
1664.886,1.8647826
1665.472,1.8644545
1666.058,1.8641266
1666.644,1.8637987
1667.23,1.8634712
1667.816,1.8631437
1668.402,1.8628165
1668.988,1.8624895
1669.574,1.8621625
1670.16,1.8618357
1670.746,1.8615092
1671.332,1.8611828
1671.918,1.8608567
1672.504,1.8605305
1673.09,1.8602047
1673.676,1.8598789
1674.262,1.8595535
1674.848,1.859228
1675.434,1.8589028
1676.02,1.8585778
1676.606,1.858253
1677.192,1.8579283
1677.778,1.8576038
1678.364,1.8572794
1678.95,1.8569553
1679.536,1.8566313
1680.122,1.8563074
1680.708,1.8559837
1681.294,1.8556603
1681.88,1.8553369
1682.466,1.8550137
1683.052,1.8546908
1683.638,1.854368
1684.224,1.8540453
1684.81,1.8537228
1685.396,1.8534005
1685.982,1.8530784
1686.568,1.8527564
1687.154,1.8524346
1687.74,1.8521129
1688.326,1.8517914
1688.912,1.8514701
1689.498,1.851149
1690.084,1.8508281
1690.67,1.8505073
1691.256,1.8501866
1691.842,1.849866
1692.428,1.8495457
1693.014,1.8492256
1693.6,1.8489057
1694.186,1.8485858
1694.772,1.8482661
1695.358,1.8479468
1695.944,1.8476274
1696.53,1.8473083
1697.116,1.8469893
1697.702,1.8466705
1698.288,1.8463517
1698.874,1.8460333
1699.46,1.845715
1700.046,1.8453969
1700.632,1.8450788
1701.218,1.844761
1701.804,1.8444433
1702.39,1.8441259
1702.976,1.8438085
1703.562,1.8434913
1704.148,1.8431743
1704.734,1.8428575
1705.32,1.8425409
1705.906,1.8422242
1706.492,1.8419079
1707.078,1.8415917
1707.664,1.8412757
1708.25,1.8409598
1708.836,1.8406441
1709.422,1.8403286
1710.008,1.8400131
1710.594,1.839698
1711.18,1.8393829
1711.766,1.8390681
1712.352,1.8387532
1712.938,1.8384386
1713.524,1.8381243
1714.11,1.83781
1714.696,1.8374959
1715.282,1.837182
1715.868,1.8368683
1716.454,1.8365546
1717.04,1.8362412
1717.626,1.8359278
1718.212,1.8356148
1718.798,1.8353019
1719.384,1.834989
1719.97,1.8346764
1720.556,1.8343639
1721.142,1.8340516
1721.728,1.8337394
1722.314,1.8334274
1722.9,1.8331156
1723.486,1.8328038
1724.072,1.8324924
1724.658,1.832181
1725.244,1.8318697
1725.83,1.8315587
1726.416,1.8312478
1727.002,1.830937
1727.588,1.8306265
1728.174,1.8303161
1728.76,1.8300058
1729.346,1.8296957
1729.932,1.8293858
1730.518,1.8290759
1731.104,1.8287663
1731.69,1.8284569
1732.276,1.8281475
1732.862,1.8278383
1733.448,1.8275293
1734.034,1.8272204
1734.62,1.8269118
1735.206,1.8266033
1735.792,1.8262949
1736.378,1.8259866
1736.964,1.8256786
1737.55,1.8253707
1738.136,1.825063
1738.722,1.8247553
1739.308,1.8244479
1739.894,1.8241407
1740.48,1.8238335
1741.066,1.8235265
1741.652,1.8232197
1742.238,1.8229131
1742.824,1.8226066
1743.41,1.8223001
1743.996,1.8219939
1744.582,1.8216879
1745.168,1.8213819
1745.754,1.8210763
1746.34,1.8207706
1746.926,1.8204652
1747.512,1.8201599
1748.098,1.8198549
1748.684,1.8195498
1749.27,1.819245
1749.856,1.8189404
1750.442,1.8186358
1751.028,1.8183315
1751.614,1.8180273
1752.2,1.8177232
1752.786,1.8174193
1753.372,1.8171155
1753.958,1.8168119
1754.544,1.8165085
1755.13,1.8162053
1755.716,1.8159021
1756.302,1.8155991
1756.888,1.8152963
1757.474,1.8149936
1758.06,1.8146911
1758.646,1.8143886
1759.232,1.8140864
1759.818,1.8137844
1760.404,1.8134824
1760.99,1.8131806
1761.576,1.8128791
1762.162,1.8125775
1762.748,1.8122762
1763.334,1.811975
1763.92,1.811674
1764.506,1.8113731
1765.092,1.8110723
1765.678,1.8107718
1766.264,1.8104714
1766.85,1.8101711
1767.436,1.809871
1768.022,1.809571
1768.608,1.8092712
1769.194,1.8089715
1769.78,1.808672
1770.366,1.8083726
1770.952,1.8080734
1771.538,1.8077742
1772.124,1.8074753
1772.71,1.8071765
1773.296,1.8068779
1773.882,1.8065794
1774.468,1.8062811
1775.054,1.8059828
1775.64,1.8056848
1776.226,1.8053869
1776.812,1.8050891
1777.398,1.8047916
1777.984,1.8044941
1778.57,1.8041967
1779.156,1.8038996
1779.742,1.8036026
1780.328,1.8033056
1780.914,1.8030089
1781.5,1.8027124
1782.086,1.802416
1782.672,1.8021196
1783.258,1.8018236
1783.844,1.8015275
1784.43,1.8012316
1785.016,1.800936
1785.602,1.8006405
1786.188,1.8003451
1786.774,1.8000498
1787.36,1.7997546
1787.946,1.7994597
1788.532,1.7991648
1789.118,1.7988702
1789.704,1.7985756
1790.29,1.7982812
1790.876,1.797987
1791.462,1.7976929
1792.048,1.7973989
1792.634,1.7971051
1793.22,1.7968115
1793.806,1.7965178
1794.392,1.7962245
1794.978,1.7959312
1795.564,1.7956382
1796.15,1.7953452
1796.736,1.7950524
1797.322,1.7947598
1797.908,1.7944672
1798.494,1.7941748
1799.08,1.7938826
1799.666,1.7935905
1800.252,1.7932985
1800.838,1.7930067
1801.424,1.7927151
1802.01,1.7924235
1802.596,1.7921321
1803.182,1.7918409
1803.768,1.7915498
1804.354,1.7912589
1804.94,1.7909681
1805.526,1.7906774
1806.112,1.7903868
1806.698,1.7900964
1807.284,1.7898062
1807.87,1.7895161
1808.456,1.7892262
1809.042,1.7889363
1809.628,1.7886467
1810.214,1.7883571
1810.8,1.7880677
1811.386,1.7877784
1811.972,1.7874893
1812.558,1.7872003
1813.144,1.7869115
1813.73,1.7866228
1814.316,1.7863342
1814.902,1.7860458
1815.488,1.7857575
1816.074,1.7854694
1816.66,1.7851814
1817.246,1.7848935
1817.832,1.7846059
1818.418,1.7843182
1819.004,1.7840308
1819.59,1.7837435
1820.176,1.7834563
1820.762,1.7831693
1821.348,1.7828825
1821.934,1.7825956
1822.52,1.7823091
1823.106,1.7820226
1823.692,1.7817363
1824.278,1.78145
1824.864,1.7811641
1825.45,1.7808781
1826.036,1.7805923
1826.622,1.7803067
1827.208,1.7800211
1827.794,1.7797358
1828.38,1.7794505
1828.966,1.7791655
1829.552,1.7788805
1830.138,1.7785957
1830.724,1.778311
1831.31,1.7780265
1831.896,1.777742
1832.482,1.7774577
1833.068,1.7771736
1833.654,1.7768897
1834.24,1.7766057
1834.826,1.776322
1835.412,1.7760384
1835.998,1.775755
1836.584,1.7754717
1837.17,1.7751886
1837.756,1.7749054
1838.342,1.7746226
1838.928,1.7743398
1839.514,1.7740571
1840.1,1.7737746
1840.686,1.7734922
1841.272,1.77321
1841.858,1.7729279
1842.444,1.772646
1843.03,1.7723641
1843.616,1.7720824
1844.202,1.7718009
1844.788,1.7715194
1845.374,1.7712382
1845.96,1.770957
1846.546,1.7706759
1847.132,1.770395
1847.718,1.7701143
1848.304,1.7698337
1848.89,1.7695532
1849.476,1.7692728
1850.062,1.7689927
1850.648,1.7687125
1851.234,1.7684326
1851.82,1.7681528
1852.406,1.767873
1852.992,1.7675935
1853.578,1.7673141
1854.164,1.7670348
1854.75,1.7667557
1855.336,1.7664766
1855.922,1.7661978
1856.508,1.765919
1857.094,1.7656404
1857.68,1.7653618
1858.266,1.7650834
1858.852,1.7648053
1859.438,1.7645272
1860.024,1.7642492
1860.61,1.7639713
1861.196,1.7636937
1861.782,1.7634161
1862.368,1.7631387
1862.954,1.7628614
1863.54,1.7625841
1864.126,1.762307
1864.712,1.7620301
1865.298,1.7617533
1865.884,1.7614768
1866.47,1.7612002
1867.056,1.7609237
1867.642,1.7606475
1868.228,1.7603713
1868.814,1.7600954
1869.4,1.7598195
1869.986,1.7595438
1870.572,1.7592682
1871.158,1.7589927
1871.744,1.7587173
1872.33,1.758442
1872.916,1.758167
1873.502,1.757892
1874.088,1.7576172
1874.674,1.7573425
1875.26,1.7570679
1875.846,1.7567934
1876.432,1.7565191
1877.018,1.7562449
1877.604,1.7559708
1878.19,1.7556969
1878.776,1.7554231
1879.362,1.7551495
1879.948,1.7548759
1880.534,1.7546024
1881.12,1.7543292
1881.706,1.754056
1882.292,1.753783
1882.878,1.7535101
1883.464,1.7532372
1884.05,1.7529646
1884.636,1.7526921
1885.222,1.7524197
1885.808,1.7521474
1886.394,1.7518753
1886.98,1.7516032
1887.566,1.7513313
1888.152,1.7510597
1888.738,1.750788
1889.324,1.7505164
1889.91,1.7502451
1890.496,1.7499738
1891.082,1.7497027
1891.668,1.7494316
1892.254,1.7491608
1892.84,1.74889
1893.426,1.7486194
1894.012,1.7483488
1894.598,1.7480786
1895.184,1.7478083
1895.77,1.7475381
1896.356,1.7472682
1896.942,1.7469983
1897.528,1.7467285
1898.114,1.7464589
1898.7,1.7461894
1899.286,1.7459201
1899.872,1.7456508
1900.458,1.7453817
1901.044,1.7451127
1901.63,1.7448438
1902.216,1.744575
1902.802,1.7443064
1903.388,1.744038
1903.974,1.7437695
1904.56,1.7435013
1905.146,1.7432332
1905.732,1.7429652
1906.318,1.7426974
1906.904,1.7424296
1907.49,1.742162
1908.076,1.7418945
1908.662,1.741627
1909.248,1.7413597
1909.834,1.7410927
1910.42,1.7408257
1911.006,1.7405587
1911.592,1.740292
1912.178,1.7400253
1912.764,1.7397588
1913.35,1.7394924
1913.936,1.7392261
1914.522,1.7389599
1915.108,1.738694
1915.694,1.7384281
1916.28,1.7381623
1916.866,1.7378966
1917.452,1.7376311
1918.038,1.7373656
1918.624,1.7371004
1919.21,1.7368351
1919.796,1.7365701
1920.382,1.7363052
1920.968,1.7360404
1921.554,1.7357757
1922.14,1.7355111
1922.726,1.7352467
1923.312,1.7349824
1923.898,1.7347182
1924.484,1.734454
1925.07,1.7341901
1925.656,1.7339263
1926.242,1.7336625
1926.828,1.7333989
1927.414,1.7331355
1928,1.7328721
1928.586,1.7326089
1929.172,1.7323458
1929.758,1.7320827
1930.344,1.7318199
1930.93,1.7315571
1931.516,1.7312945
1932.102,1.731032
1932.688,1.7307696
1933.274,1.7305073
1933.86,1.7302451
1934.446,1.7299831
1935.032,1.7297212
1935.618,1.7294594
1936.204,1.7291977
1936.79,1.7289362
1937.376,1.7286748
1937.962,1.7284133
1938.548,1.7281522
1939.134,1.7278911
1939.72,1.7276301
1940.306,1.7273692
1940.892,1.7271082
1941.478,1.7268475
1942.064,1.7265868
1942.65,1.7263263
1943.236,1.726066
1943.822,1.7258058
1944.408,1.7255455
1944.994,1.7252855
1945.58,1.7250257
1946.166,1.7247658
1946.752,1.7245061
1947.338,1.7242465
1947.924,1.7239871
1948.51,1.7237278
1949.096,1.7234685
1949.682,1.7232095
1950.268,1.7229505
1950.854,1.7226915
1951.44,1.7224329
1952.026,1.7221742
1952.612,1.7219157
1953.198,1.7216573
1953.784,1.7213991
1954.37,1.7211409
1954.956,1.7208828
1955.542,1.7206248
1956.128,1.7203671
1956.714,1.7201093
1957.3,1.7198517
1957.886,1.7195944
1958.472,1.719337
1959.058,1.7190797
1959.644,1.7188226
1960.23,1.7185656
1960.816,1.7183087
1961.402,1.7180519
1961.988,1.7177953
1962.574,1.7175387
1963.16,1.7172823
1963.746,1.717026
1964.332,1.7167697
1964.918,1.7165136
1965.504,1.7162577
1966.09,1.7160019
1966.676,1.7157462
1967.262,1.7154905
1967.848,1.715235
1968.434,1.7149795
1969.02,1.7147243
1969.606,1.7144692
1970.192,1.7142141
1970.778,1.7139591
1971.364,1.7137043
1971.95,1.7134496
1972.536,1.713195
1973.122,1.7129405
1973.708,1.7126862
1974.294,1.7124319
1974.88,1.7121778
1975.466,1.7119237
1976.052,1.7116698
1976.638,1.711416
1977.224,1.7111623
1977.81,1.7109088
1978.396,1.7106552
1978.982,1.7104019
1979.568,1.7101486
1980.154,1.7098955
1980.74,1.7096425
1981.326,1.7093896
1981.912,1.7091368
1982.498,1.7088841
1983.084,1.7086315
1983.67,1.7083791
1984.256,1.7081268
1984.842,1.7078745
1985.428,1.7076224
1986.014,1.7073704
1986.6,1.7071185
1987.186,1.7068667
1987.772,1.7066151
1988.358,1.7063636
1988.944,1.706112
1989.53,1.7058607
1990.116,1.7056096
1990.702,1.7053584
1991.288,1.7051073
1991.874,1.7048565
1992.46,1.7046057
1993.046,1.704355
1993.632,1.7041045
1994.218,1.7038541
1994.804,1.7036037
1995.39,1.7033535
1995.976,1.7031034
1996.562,1.7028534
1997.148,1.7026035
1997.734,1.7023537
1998.32,1.702104
1998.906,1.7018545
1999.492,1.701605
2000.078,1.7013557
2000.664,1.7011064
2001.25,1.7008573
2001.836,1.7006083
2002.422,1.7003593
2003.008,1.7001107
2003.594,1.6998619
2004.18,1.6996133
2004.766,1.6993649
2005.352,1.6991165
2005.938,1.6988683
2006.524,1.6986201
2007.11,1.6983721
2007.696,1.6981242
2008.282,1.6978763
2008.868,1.6976286
2009.454,1.6973811
2010.04,1.6971335
2010.626,1.6968862
2011.212,1.6966389
2011.798,1.6963918
2012.384,1.6961447
2012.97,1.6958978
2013.556,1.6956509
2014.142,1.6954042
2014.728,1.6951576
2015.314,1.6949111
2015.9,1.6946647
2016.486,1.6944184
2017.072,1.6941721
2017.658,1.6939261
2018.244,1.6936802
2018.83,1.6934342
2019.416,1.6931885
2020.002,1.6929429
2020.588,1.6926973
2021.174,1.6924518
2021.76,1.6922066
2022.346,1.6919613
2022.932,1.6917162
2023.518,1.6914712
2024.104,1.6912264
2024.69,1.6909815
2025.276,1.6907368
2025.862,1.6904923
2026.448,1.6902478
2027.034,1.6900034
2027.62,1.6897591
2028.206,1.689515
2028.792,1.689271
2029.378,1.689027
2029.964,1.6887832
2030.55,1.6885395
2031.136,1.6882958
2031.722,1.6880523
2032.308,1.6878089
2032.894,1.6875656
2033.48,1.6873224
2034.066,1.6870792
2034.652,1.6868362
2035.238,1.6865933
2035.824,1.6863506
2036.41,1.6861079
2036.996,1.6858653
2037.582,1.6856229
2038.168,1.6853805
2038.754,1.6851382
2039.34,1.6848961
2039.926,1.6846541
2040.512,1.6844121
2041.098,1.6841702
2041.684,1.6839285
2042.27,1.6836869
2042.856,1.6834455
2043.442,1.6832039
2044.028,1.6829627
2044.614,1.6827215
2045.2,1.6824803
2045.786,1.6822393
2046.372,1.6819984
2046.958,1.6817577
2047.544,1.681517
2048.13,1.6812763
2048.716,1.6810359
2049.302,1.6807956
2049.888,1.6805552
2050.474,1.680315
2051.06,1.6800749
2051.646,1.679835
2052.232,1.6795951
2052.818,1.6793554
2053.404,1.6791158
2053.99,1.6788762
2054.576,1.6786367
2055.162,1.6783974
2055.748,1.6781582
2056.334,1.677919
2056.92,1.6776799
2057.506,1.677441
2058.092,1.6772022
2058.678,1.6769634
2059.264,1.6767248
2059.85,1.6764863
2060.436,1.6762478
2061.022,1.6760095
2061.608,1.6757714
2062.194,1.6755332
2062.78,1.6752951
2063.366,1.6750573
2063.952,1.6748195
2064.538,1.6745818
2065.124,1.6743441
2065.71,1.6741066
2066.296,1.6738693
2066.882,1.6736319
2067.468,1.6733947
2068.054,1.6731576
2068.64,1.6729206
2069.226,1.6726837
2069.812,1.672447
2070.398,1.6722102
2070.984,1.6719736
2071.57,1.6717371
2072.156,1.6715007
2072.742,1.6712644
2073.328,1.6710283
2073.914,1.6707921
2074.5,1.6705562
2075.086,1.6703203
2075.672,1.6700845
2076.258,1.6698488
2076.844,1.6696131
2077.43,1.6693777
2078.016,1.6691422
2078.602,1.668907
2079.188,1.6686718
2079.774,1.6684368
2080.36,1.6682017
2080.946,1.6679668
2081.532,1.667732
2082.118,1.6674974
2082.704,1.6672628
2083.29,1.6670283
2083.876,1.6667938
2084.462,1.6665596
2085.048,1.6663254
2085.634,1.6660913
2086.22,1.6658573
2086.806,1.6656234
2087.392,1.6653897
2087.978,1.6651559
2088.564,1.6649224
2089.15,1.6646888
2089.736,1.6644554
2090.322,1.6642221
2090.908,1.6639889
2091.494,1.6637558
2092.08,1.6635228
2092.666,1.6632899
2093.252,1.6630571
2093.838,1.6628243
2094.424,1.6625917
2095.01,1.6623592
2095.596,1.6621268
2096.182,1.6618944
2096.768,1.6616622
2097.354,1.6614301
2097.94,1.661198
2098.526,1.6609662
2099.112,1.6607343
2099.698,1.6605026
2100.284,1.6602709
2100.87,1.6600394
2101.456,1.6598079
2102.042,1.6595767
2102.628,1.6593454
2103.214,1.6591142
2103.8,1.6588832
2104.386,1.6586522
2104.972,1.6584214
2105.558,1.6581906
2106.144,1.6579599
2106.73,1.6577294
2107.316,1.6574988
2107.902,1.6572685
2108.488,1.6570382
2109.074,1.6568081
2109.66,1.6565779
2110.246,1.656348
2110.832,1.6561182
2111.418,1.6558883
2112.004,1.6556586
2112.59,1.655429
2113.176,1.6551995
2113.762,1.65497
2114.348,1.6547407
2114.934,1.6545116
2115.52,1.6542825
2116.106,1.6540533
2116.692,1.6538244
2117.278,1.6535956
2117.864,1.6533669
2118.45,1.6531383
2119.036,1.6529098
2119.622,1.6526812
2120.208,1.6524528
2120.794,1.6522247
2121.38,1.6519965
2121.966,1.6517683
2122.552,1.6515404
2123.138,1.6513125
2123.724,1.6510848
2124.31,1.650857
2124.896,1.6506294
2125.482,1.6504019
2126.068,1.6501745
2126.654,1.6499472
2127.24,1.64972
2127.826,1.6494929
2128.412,1.6492658
2128.998,1.6490388
2129.584,1.6488121
2130.17,1.6485852
2130.756,1.6483586
2131.342,1.6481321
2131.928,1.6479056
2132.514,1.6476792
2133.1,1.647453
2133.686,1.6472268
2134.272,1.6470007
2134.858,1.6467746
2135.444,1.6465487
2136.03,1.646323
2136.616,1.6460972
2137.202,1.6458716
2137.788,1.6456461
2138.374,1.6454207
2138.96,1.6451954
2139.546,1.6449701
2140.132,1.6447449
2140.718,1.6445198
2141.304,1.6442949
2141.89,1.64407
2142.476,1.6438452
2143.062,1.6436205
2143.648,1.6433959
2144.234,1.6431714
2144.82,1.642947
2145.406,1.6427227
2145.992,1.6424984
2146.578,1.6422743
2147.164,1.6420503
2147.75,1.6418263
2148.336,1.6416024
2148.922,1.6413786
2149.508,1.641155
2150.094,1.6409315
2150.68,1.640708
2151.266,1.6404846
2151.852,1.6402612
2152.438,1.640038
2153.024,1.6398149
2153.61,1.6395918
2154.196,1.6393689
2154.782,1.6391461
2155.368,1.6389233
2155.954,1.6387006
2156.54,1.638478
2157.126,1.6382556
2157.712,1.638033
2158.298,1.6378105
2158.884,1.6375881
2159.47,1.6373658
2160.056,1.6371436
2160.642,1.6369214
2161.228,1.6366994
2161.814,1.6364775
2162.4,1.6362556
2162.986,1.6360339
2163.572,1.6358122
2164.158,1.6355906
2164.744,1.6353691
2165.33,1.6351477
2165.916,1.6349264
2166.502,1.6347052
2167.088,1.6344841
2167.674,1.634263
2168.26,1.634042
2168.846,1.6338212
2169.432,1.6336005
2170.018,1.6333798
2170.604,1.6331592
2171.19,1.6329387
2171.776,1.6327182
2172.362,1.632498
2172.948,1.6322777
2173.534,1.6320575
2174.12,1.6318376
2174.706,1.6316175
2175.292,1.6313977
2175.878,1.6311779
2176.464,1.6309582
2177.05,1.6307386
2177.636,1.6305192
2178.222,1.6302997
2178.808,1.6300803
2179.394,1.6298611
2179.98,1.6296419
2180.566,1.6294229
2181.152,1.6292039
2181.738,1.628985
2182.324,1.6287662
2182.91,1.6285475
2183.496,1.6283289
2184.082,1.6281103
2184.668,1.6278919
2185.254,1.6276735
2185.84,1.6274552
2186.426,1.6272371
2187.012,1.6270189
2187.598,1.6268009
2188.184,1.626583
2188.77,1.6263652
2189.356,1.6261474
2189.942,1.6259298
2190.528,1.6257123
2191.114,1.6254947
2191.7,1.6252774
2192.286,1.6250601
2192.872,1.6248428
2193.458,1.6246257
2194.044,1.6244087
2194.63,1.6241918
2195.216,1.6239749
2195.802,1.6237581
2196.388,1.6235414
2196.974,1.6233248
2197.56,1.6231083
2198.146,1.6228918
2198.732,1.6226754
2199.318,1.6224592
2199.904,1.622243
2200.49,1.6220269
2201.076,1.6218109
2201.662,1.621595
2202.248,1.6213793
2202.834,1.6211635
2203.42,1.6209478
2204.006,1.6207323
2204.592,1.6205168
2205.178,1.6203015
2205.764,1.6200861
2206.35,1.6198709
2206.936,1.6196557
2207.522,1.6194407
2208.108,1.6192257
2208.694,1.6190109
2209.28,1.6187961
2209.866,1.6185814
2210.452,1.6183668
2211.038,1.6181523
2211.624,1.6179378
2212.21,1.6177235
2212.796,1.6175092
2213.382,1.617295
2213.968,1.6170809
2214.554,1.6168669
2215.14,1.616653
2215.726,1.6164391
2216.312,1.6162254
2216.898,1.6160117
2217.484,1.6157981
2218.07,1.6155846
2218.656,1.6153712
2219.242,1.6151578
2219.828,1.6149446
2220.414,1.6147314
2221,1.6145184
2221.586,1.6143054
2222.172,1.6140925
2222.758,1.6138797
2223.344,1.6136669
2223.93,1.6134542
2224.516,1.6132417
2225.102,1.6130292
2225.688,1.6128168
2226.274,1.6126045
2226.86,1.6123923
2227.446,1.6121801
2228.032,1.611968
2228.618,1.6117561
2229.204,1.6115443
2229.79,1.6113324
2230.376,1.6111207
2230.962,1.610909
2231.548,1.6106975
2232.134,1.610486
2232.72,1.6102747
2233.306,1.6100633
2233.892,1.6098521
2234.478,1.609641
2235.064,1.60943
2235.65,1.609219
2236.236,1.6090081
2236.822,1.6087973
2237.408,1.6085865
2237.994,1.6083759
2238.58,1.6081654
2239.166,1.6079549
2239.752,1.6077445
2240.338,1.6075342
2240.924,1.607324
2241.51,1.6071138
2242.096,1.6069038
2242.682,1.6066939
2243.268,1.6064839
2243.854,1.6062741
2244.44,1.6060644
2245.026,1.6058547
2245.612,1.6056452
2246.198,1.6054357
2246.784,1.6052264
2247.37,1.6050171
2247.956,1.6048079
2248.542,1.6045986
2249.128,1.6043895
2249.714,1.6041807
2250.3,1.6039717
2250.886,1.603763
2251.472,1.6035541
2252.058,1.6033455
2252.644,1.603137
2253.23,1.6029285
2253.816,1.60272
2254.402,1.6025118
2254.988,1.6023035
2255.574,1.6020954
2256.16,1.6018873
2256.746,1.6016793
2257.332,1.6014714
2257.918,1.6012635
2258.504,1.6010559
2259.09,1.6008482
2259.676,1.6006405
2260.262,1.600433
2260.848,1.6002256
2261.434,1.6000183
2262.02,1.5998111
2262.606,1.5996039
2263.192,1.5993967
2263.778,1.5991898
2264.364,1.5989828
2264.95,1.5987759
2265.536,1.5985692
2266.122,1.5983624
2266.708,1.5981559
2267.294,1.5979494
2267.88,1.5977429
2268.466,1.5975364
2269.052,1.5973302
2269.638,1.597124
2270.224,1.5969179
2270.81,1.5967118
2271.396,1.5965059
2271.982,1.5962999
2272.568,1.5960941
2273.154,1.5958884
2273.74,1.5956827
2274.326,1.5954772
2274.912,1.5952717
2275.498,1.5950663
2276.084,1.594861
2276.67,1.5946558
2277.256,1.5944506
2277.842,1.5942454
2278.428,1.5940405
2279.014,1.5938356
2279.6,1.5936307
2280.186,1.593426
2280.772,1.5932213
2281.358,1.5930166
2281.944,1.5928121
2282.53,1.5926076
2283.116,1.5924033
2283.702,1.592199
2284.288,1.5919948
2284.874,1.5917907
2285.46,1.5915866
2286.046,1.5913826
2286.632,1.5911788
2287.218,1.5909749
2287.804,1.5907712
2288.39,1.5905676
2288.976,1.590364
2289.562,1.5901604
2290.148,1.589957
2290.734,1.5897537
2291.32,1.5895505
2291.906,1.5893472
2292.492,1.5891441
2293.078,1.5889411
2293.664,1.5887381
2294.25,1.5885353
2294.836,1.5883325
2295.422,1.5881298
2296.008,1.5879271
2296.594,1.5877246
2297.18,1.587522
2297.766,1.5873197
2298.352,1.5871174
2298.938,1.5869151
2299.524,1.586713
2300.11,1.5865109
2300.696,1.5863088
2301.282,1.5861069
2301.868,1.5859051
2302.454,1.5857034
2303.04,1.5855017
2303.626,1.5853
2304.212,1.5850985
2304.798,1.5848969
2305.384,1.5846956
2305.97,1.5844942
2306.556,1.584293
2307.142,1.5840919
2307.728,1.5838908
2308.314,1.5836898
2308.9,1.5834889
2309.486,1.5832881
2310.072,1.5830872
2310.658,1.5828866
2311.244,1.5826859
2311.83,1.5824854
2312.416,1.5822849
2313.002,1.5820845
2313.588,1.5818843
2314.174,1.5816841
2314.76,1.581484
2315.346,1.5812838
2315.932,1.5810838
2316.518,1.5808839
2317.104,1.5806841
2317.69,1.5804843
2318.276,1.5802846
2318.862,1.5800849
2319.448,1.5798855
2320.034,1.5796859
2320.62,1.5794866
2321.206,1.5792873
2321.792,1.579088
2322.378,1.5788889
2322.964,1.5786898
2323.55,1.5784907
2324.136,1.5782918
2324.722,1.5780929
2325.308,1.5778942
2325.894,1.5776955
2326.48,1.5774969
2327.066,1.5772983
2327.652,1.5770998
2328.238,1.5769014
2328.824,1.5767031
2329.41,1.5765048
2329.996,1.5763067
2330.582,1.5761086
2331.168,1.5759106
2331.754,1.5757126
2332.34,1.5755148
2332.926,1.575317
2333.512,1.5751193
2334.098,1.5749216
2334.684,1.5747241
2335.27,1.5745265
2335.856,1.5743291
2336.442,1.5741317
2337.028,1.5739346
2337.614,1.5737373
2338.2,1.5735402
2338.786,1.5733432
2339.372,1.5731461
2339.958,1.5729493
2340.544,1.5727525
2341.13,1.5725557
2341.716,1.5723587
2342.302,1.5721619
2342.888,1.5719651
2343.474,1.5717685
2344.06,1.5715719
2344.646,1.5713754
2345.232,1.5711789
2345.818,1.5709826
2346.404,1.5707862
2346.99,1.5705901
2347.576,1.5703939
2348.162,1.5701979
2348.748,1.5700018
2349.334,1.569806
2349.92,1.5696101
2350.506,1.5694144
2351.092,1.5692186
2351.678,1.569023
2352.264,1.5688275
2352.85,1.568632
2353.436,1.5684366
2354.022,1.5682412
2354.608,1.568046
2355.194,1.5678508
2355.78,1.5676557
2356.366,1.5674607
2356.952,1.5672657
2357.538,1.5670708
2358.124,1.5668759
2358.71,1.5666811
2359.296,1.5664866
2359.882,1.5662919
2360.468,1.5660974
2361.054,1.5659029
2361.64,1.5657086
2362.226,1.5655142
2362.812,1.56532
2363.398,1.5651259
2363.984,1.5649318
2364.57,1.5647378
2365.156,1.5645438
2365.742,1.5643499
2366.328,1.5641562
2366.914,1.5639625
2367.5,1.5637689
2368.086,1.5635751
2368.672,1.5633817
2369.258,1.5631883
2369.844,1.562995
2370.43,1.5628016
2371.016,1.5626084
2371.602,1.5624152
2372.188,1.5622222
2372.774,1.5620292
2373.36,1.5618362
2373.946,1.5616435
2374.532,1.5614506
2375.118,1.5612578
2375.704,1.5610653
2376.29,1.5608727
2376.876,1.5606803
2377.462,1.5604877
2378.048,1.5602955
2378.634,1.5601032
2379.22,1.5599109
2379.806,1.5597188
2380.392,1.5595268
2380.978,1.5593348
2381.564,1.5591428
2382.15,1.558951
2382.736,1.5587592
2383.322,1.5585675
2383.908,1.5583758
2384.494,1.5581843
2385.08,1.5579928
2385.666,1.5578014
2386.252,1.55761
2386.838,1.5574188
2387.424,1.5572275
2388.01,1.5570364
2388.596,1.5568453
2389.182,1.5566543
2389.768,1.5564634
2390.354,1.5562726
2390.94,1.5560818
2391.526,1.555891
2392.112,1.5557004
2392.698,1.5555098
2393.284,1.5553193
2393.87,1.5551289
2394.456,1.5549386
2395.042,1.5547483
2395.628,1.554558
2396.214,1.5543679
2396.8,1.5541779
2397.386,1.5539879
2397.972,1.553798
2398.558,1.5536081
2399.144,1.5534183
2399.73,1.5532285
2400.316,1.5530388
2400.902,1.5528493
2401.488,1.5526597
2402.074,1.5524703
2402.66,1.5522809
2403.246,1.5520917
2403.832,1.5519024
2404.418,1.5517132
2405.004,1.5515242
2405.59,1.5513351
2406.176,1.5511461
2406.762,1.5509573
2407.348,1.5507685
2407.934,1.5505798
2408.52,1.5503911
2409.106,1.5502025
2409.692,1.5500139
2410.278,1.5498254
2410.864,1.5496371
2411.45,1.5494487
2412.036,1.5492605
2412.622,1.5490723
2413.208,1.5488842
2413.794,1.548696
2414.38,1.5485082
2414.966,1.5483202
2415.552,1.5481324
2416.138,1.5479445
2416.724,1.5477569
2417.31,1.5475693
2417.896,1.5473818
2418.482,1.5471942
2419.068,1.5470067
2419.654,1.5468194
2420.24,1.5466322
2420.826,1.5464449
2421.412,1.5462577
2421.998,1.5460707
2422.584,1.5458837
2423.17,1.5456967
2423.756,1.5455098
2424.342,1.545323
2424.928,1.5451363
2425.514,1.5449497
2426.1,1.544763
2426.686,1.5445765
2427.272,1.54439
2427.858,1.5442036
2428.444,1.5440173
2429.03,1.543831
2429.616,1.5436448
2430.202,1.5434587
2430.788,1.5432726
2431.374,1.5430866
2431.96,1.5429007
2432.546,1.5427148
2433.132,1.5425291
2433.718,1.5423434
2434.304,1.5421578
2434.89,1.5419722
2435.476,1.5417866
2436.062,1.5416012
2436.648,1.5414157
2437.234,1.5412304
2437.82,1.5410452
2438.406,1.5408601
2438.992,1.5406749
2439.578,1.5404899
2440.164,1.5403049
2440.75,1.54012
2441.336,1.5399352
2441.922,1.5397503
2442.508,1.5395657
2443.094,1.539381
2443.68,1.5391965
2444.266,1.539012
2444.852,1.5388275
2445.438,1.5386431
2446.024,1.5384588
2446.61,1.5382746
2447.196,1.5380905
2447.782,1.5379064
2448.368,1.5377223
2448.954,1.5375383
2449.54,1.5373545
2450.126,1.5371706
2450.712,1.5369868
2451.298,1.5368031
2451.884,1.5366195
2452.47,1.536436
2453.056,1.5362524
2453.642,1.536069
2454.228,1.5358857
2454.814,1.5357023
2455.4,1.5355191
2455.986,1.5353359
2456.572,1.5351528
2457.158,1.5349698
2457.744,1.5347868
2458.33,1.534604
2458.916,1.5344211
2459.502,1.5342383
2460.088,1.5340556
2460.674,1.533873
2461.26,1.5336905
2461.846,1.5335079
2462.432,1.5333256
2463.018,1.533143
2463.604,1.5329608
2464.19,1.5327785
2464.776,1.5325963
2465.362,1.5324143
2465.948,1.5322323
2466.534,1.5320503
2467.12,1.5318683
2467.706,1.5316864
2468.292,1.5315048
2468.878,1.531323
2469.464,1.5311414
2470.05,1.5309597
2470.636,1.5307782
2471.222,1.5305967
2471.808,1.5304154
2472.394,1.5302341
2472.98,1.5300528
2473.566,1.5298716
2474.152,1.5296905
2474.738,1.5295094
2475.324,1.5293285
2475.91,1.5291475
2476.496,1.5289665
2477.082,1.5287858
2477.668,1.5286051
2478.254,1.5284244
2478.84,1.5282438
2479.426,1.5280633
2480.012,1.5278827
2480.598,1.5277023
2481.184,1.527522
2481.77,1.5273417
2482.356,1.5271615
2482.942,1.5269814
2483.528,1.5268012
2484.114,1.5266212
2484.7,1.5264413
2485.286,1.5262614
2485.872,1.5260816
2486.458,1.5259018
2487.044,1.525722
2487.63,1.5255424
2488.216,1.5253628
2488.802,1.5251833
2489.388,1.5250039
2489.974,1.5248245
2490.56,1.5246452
2491.146,1.5244659
2491.732,1.5242867
2492.318,1.5241076
2492.904,1.5239286
2493.49,1.5237496
2494.076,1.5235707
2494.662,1.5233918
2495.248,1.523213
2495.834,1.5230342
2496.42,1.5228556
2497.006,1.5226769
2497.592,1.5224984
2498.178,1.5223199
2498.764,1.5221415
2499.35,1.5219631
2499.936,1.5217848
2500.522,1.5216067
2501.108,1.5214285
2501.694,1.5212504
2502.28,1.5210723
2502.866,1.5208943
2503.452,1.5207164
2504.038,1.5205386
2504.624,1.5203608
2505.21,1.520183
2505.796,1.5200053
2506.382,1.5198277
2506.968,1.5196502
2507.554,1.5194727
2508.14,1.5192953
2508.726,1.5191181
2509.312,1.5189407
2509.898,1.5187635
2510.484,1.5185863
2511.07,1.5184093
2511.656,1.5182322
2512.242,1.5180551
2512.828,1.5178779
2513.414,1.5177008
2514,1.5175236
2514.586,1.5173466
2515.172,1.5171697
2515.758,1.5169928
2516.344,1.5168159
2516.93,1.5166391
2517.516,1.5164624
2518.102,1.5162858
2518.688,1.5161092
2519.274,1.5159327
2519.86,1.5157562
2520.446,1.5155799
2521.032,1.5154035
2521.618,1.5152273
2522.204,1.5150511
2522.79,1.5148749
2523.376,1.514699
2523.962,1.5145229
2524.548,1.514347
2525.134,1.5141711
2525.72,1.5139953
2526.306,1.5138196
2526.892,1.5136439
2527.478,1.5134683
2528.064,1.5132927
2528.65,1.5131172
2529.236,1.5129417
2529.822,1.5127664
2530.408,1.5125911
2530.994,1.5124158
2531.58,1.5122406
2532.166,1.5120655
2532.752,1.5118905
2533.338,1.5117155
2533.924,1.5115405
2534.51,1.5113657
2535.096,1.5111909
2535.682,1.5110161
2536.268,1.5108415
2536.854,1.5106668
2537.44,1.5104923
2538.026,1.5103178
2538.612,1.5101434
2539.198,1.509969
2539.784,1.5097947
2540.37,1.5096204
2540.956,1.5094463
2541.542,1.5092722
2542.128,1.5090982
2542.714,1.5089241
2543.3,1.5087502
2543.886,1.5085764
2544.472,1.5084026
2545.058,1.5082288
2545.644,1.5080552
2546.23,1.5078815
2546.816,1.507708
2547.402,1.5075345
2547.988,1.5073611
2548.574,1.5071877
2549.16,1.5070144
2549.746,1.5068411
2550.332,1.506668
2550.918,1.5064949
2551.504,1.5063218
2552.09,1.5061488
2552.676,1.5059758
2553.262,1.505803
2553.848,1.5056301
2554.434,1.5054574
2555.02,1.5052847
2555.606,1.5051121
2556.192,1.5049396
2556.778,1.5047669
2557.364,1.5045946
2557.95,1.5044222
2558.536,1.5042498
2559.122,1.5040776
2559.708,1.5039054
2560.294,1.5037333
2560.88,1.5035613
2561.466,1.5033891
2562.052,1.5032172
2562.638,1.5030453
2563.224,1.5028735
2563.81,1.5027018
2564.396,1.50253
2564.982,1.5023583
2565.568,1.5021868
2566.154,1.5020152
2566.74,1.5018438
2567.326,1.5016724
2567.912,1.501501
2568.498,1.5013297
2569.084,1.5011585
2569.67,1.5009873
2570.256,1.5008162
2570.842,1.5006452
2571.428,1.5004742
2572.014,1.5003033
2572.6,1.5001324
2573.186,1.4999616
2573.772,1.4997909
2574.358,1.4996202
2574.944,1.4994496
2575.53,1.499279
2576.116,1.4991086
2576.702,1.4989381
2577.288,1.4987677
2577.874,1.4985974
2578.46,1.4984272
2579.046,1.4982569
2579.632,1.4980868
2580.218,1.4979167
2580.804,1.4977467
2581.39,1.4975767
2581.976,1.4974068
2582.562,1.497237
2583.148,1.4970672
2583.734,1.4968975
2584.32,1.4967278
2584.906,1.4965582
2585.492,1.4963887
2586.078,1.4962192
2586.664,1.4960498
2587.25,1.4958804
2587.836,1.4957111
2588.422,1.4955418
2589.008,1.4953727
2589.594,1.4952035
2590.18,1.4950345
2590.766,1.4948654
2591.352,1.4946965
2591.938,1.4945276
2592.524,1.4943588
2593.11,1.49419
2593.696,1.4940213
2594.282,1.4938526
2594.868,1.4936841
2595.454,1.4935155
2596.04,1.493347
2596.626,1.4931786
2597.212,1.4930103
2597.798,1.492842
2598.384,1.4926736
2598.97,1.4925056
2599.556,1.4923373
2600.142,1.4921693
2600.728,1.4920013
2601.314,1.4918333
2601.9,1.4916655
2602.486,1.4914976
2603.072,1.4913299
2603.658,1.4911622
2604.244,1.4909945
2604.83,1.490827
2605.416,1.4906594
2606.002,1.4904919
2606.588,1.4903245
2607.174,1.4901571
2607.76,1.4899898
2608.346,1.4898225
2608.932,1.4896553
2609.518,1.4894882
2610.104,1.4893211
2610.69,1.4891541
2611.276,1.4889871
2611.862,1.4888202
2612.448,1.4886534
2613.034,1.4884866
2613.62,1.4883199
2614.206,1.4881532
2614.792,1.4879866
2615.378,1.48782
2615.964,1.4876536
2616.55,1.4874871
2617.136,1.4873208
2617.722,1.4871545
2618.308,1.4869882
2618.894,1.4868219
2619.48,1.4866558
2620.066,1.4864897
2620.652,1.4863234
2621.238,1.4861569
2621.824,1.4859908
2622.41,1.4858246
2622.996,1.4856584
2623.582,1.4854922
2624.168,1.4853263
2624.754,1.4851602
2625.34,1.4849943
2625.926,1.4848285
2626.512,1.4846627
2627.098,1.484497
2627.684,1.4843313
2628.27,1.4841657
2628.856,1.4840001
2629.442,1.4838345
2630.028,1.483669
2630.614,1.4835036
2631.2,1.4833384
2631.786,1.483173
2632.372,1.4830078
2632.958,1.4828426
2633.544,1.4826775
2634.13,1.4825124
2634.716,1.4823474
2635.302,1.4821824
2635.888,1.4820175
2636.474,1.4818527
2637.06,1.4816879
2637.646,1.4815232
2638.232,1.4813585
2638.818,1.4811939
2639.404,1.4810294
2639.99,1.4808648
2640.576,1.4807004
2641.162,1.480536
2641.748,1.4803717
2642.334,1.4802073
2642.92,1.4800432
2643.506,1.479879
2644.092,1.4797149
2644.678,1.4795508
2645.264,1.4793868
2645.85,1.4792229
2646.436,1.4790591
2647.022,1.4788952
2647.608,1.4787314
2648.194,1.4785677
2648.78,1.478404
2649.366,1.4782405
2649.952,1.4780769
2650.538,1.4779135
2651.124,1.4777499
2651.71,1.4775866
2652.296,1.4774233
2652.882,1.47726
2653.468,1.4770968
2654.054,1.4769336
2654.64,1.4767705
2655.226,1.4766076
2655.812,1.4764445
2656.398,1.4762815
2656.984,1.4761187
2657.57,1.4759558
2658.156,1.4757931
2658.742,1.4756304
2659.328,1.4754678
2659.914,1.4753052
2660.5,1.4751426
2661.086,1.4749801
2661.672,1.4748176
2662.258,1.4746553
2662.844,1.474493
2663.43,1.4743307
2664.016,1.4741685
2664.602,1.4740063
2665.188,1.4738443
2665.774,1.4736822
2666.36,1.4735202
2666.946,1.4733583
2667.532,1.4731964
2668.118,1.4730345
2668.704,1.4728727
2669.29,1.4727111
2669.876,1.4725494
2670.462,1.4723878
2671.048,1.4722263
2671.634,1.4720647
2672.22,1.4719033
2672.806,1.4717419
2673.392,1.4715805
2673.978,1.4714193
2674.564,1.471258
2675.15,1.4710969
2675.736,1.4709357
2676.322,1.4707747
2676.908,1.4706137
2677.494,1.4704527
2678.08,1.4702919
2678.666,1.4701309
2679.252,1.4699702
2679.838,1.4698094
2680.424,1.4696487
2681.01,1.4694881
2681.596,1.4693276
2682.182,1.469167
2682.768,1.4690065
2683.354,1.4688462
2683.94,1.4686857
2684.526,1.4685255
2685.112,1.4683652
2685.698,1.468205
2686.284,1.4680449
2686.87,1.4678848
2687.456,1.4677248
2688.042,1.4675648
2688.628,1.4674048
2689.214,1.467245
2689.8,1.4670851
2690.386,1.4669254
2690.972,1.4667658
2691.558,1.466606
2692.144,1.4664464
2692.73,1.4662869
2693.316,1.4661274
2693.902,1.4659679
2694.488,1.4658085
2695.074,1.4656492
2695.66,1.4654899
2696.246,1.4653306
2696.832,1.4651715
2697.418,1.4650123
2698.004,1.4648533
2698.59,1.4646943
2699.176,1.4645352
2699.762,1.4643763
2700.348,1.4642175
2700.934,1.4640586
2701.52,1.4639
2702.106,1.4637412
2702.692,1.4635826
2703.278,1.463424
2703.864,1.4632655
2704.45,1.463107
2705.036,1.4629486
2705.622,1.4627901
2706.208,1.4626318
2706.794,1.4624735
2707.38,1.4623153
2707.966,1.4621571
2708.552,1.4619991
2709.138,1.461841
2709.724,1.4616829
2710.31,1.461525
2710.896,1.4613671
2711.482,1.4612092
2712.068,1.4610515
2712.654,1.4608936
2713.24,1.460736
2713.826,1.4605783
2714.412,1.4604207
2714.998,1.4602633
2715.584,1.4601057
2716.17,1.4599483
2716.756,1.4597908
2717.342,1.4596336
2717.928,1.4594762
2718.514,1.459319
2719.1,1.4591619
2719.686,1.4590048
2720.272,1.4588476
2720.858,1.4586906
2721.444,1.4585336
2722.03,1.4583768
2722.616,1.4582199
2723.202,1.4580631
2723.788,1.4579064
2724.374,1.4577496
2724.96,1.457593
2725.546,1.4574363
2726.132,1.4572798
2726.718,1.4571233
2727.304,1.4569669
2727.89,1.4568105
2728.476,1.4566541
2729.062,1.4564979
2729.648,1.4563416
2730.234,1.4561853
2730.82,1.4560293
2731.406,1.4558733
2731.992,1.4557172
2732.578,1.4555612
2733.164,1.4554052
2733.75,1.4552493
2734.336,1.4550935
2734.922,1.4549377
2735.508,1.454782
2736.094,1.4546263
2736.68,1.4544708
2737.266,1.4543152
2737.852,1.4541596
2738.438,1.454004
2739.024,1.4538487
2739.61,1.4536933
2740.196,1.4535381
2740.782,1.4533827
2741.368,1.4532275
2741.954,1.4530724
2742.54,1.4529172
2743.126,1.4527622
2743.712,1.4526072
2744.298,1.4524523
2744.884,1.4522973
2745.47,1.4521425
2746.056,1.4519876
2746.642,1.4518329
2747.228,1.4516782
2747.814,1.4515233
2748.4,1.4513685
2748.986,1.4512136
2749.572,1.4510587
2750.158,1.4509041
2750.744,1.4507494
2751.33,1.4505947
2751.916,1.4504402
2752.502,1.4502856
2753.088,1.4501311
2753.674,1.4499767
2754.26,1.4498223
2754.846,1.4496679
2755.432,1.4495137
2756.018,1.4493593
2756.604,1.4492052
2757.19,1.449051
2757.776,1.4488969
2758.362,1.4487429
2758.948,1.4485888
2759.534,1.4484349
2760.12,1.448281
2760.706,1.4481272
2761.292,1.4479734
2761.878,1.4478197
2762.464,1.4476659
2763.05,1.4475124
2763.636,1.4473587
2764.222,1.4472052
2764.808,1.4470516
2765.394,1.4468982
2765.98,1.4467449
2766.566,1.4465915
2767.152,1.4464382
2767.738,1.446285
2768.324,1.4461318
2768.91,1.4459786
2769.496,1.4458256
2770.082,1.4456725
2770.668,1.4455196
2771.254,1.4453666
2771.84,1.4452137
2772.426,1.4450608
2773.012,1.444908
2773.598,1.4447553
2774.184,1.4446026
2774.77,1.44445
2775.356,1.4442974
2775.942,1.4441448
2776.528,1.4439924
2777.114,1.4438399
2777.7,1.4436876
2778.286,1.4435352
2778.872,1.4433829
2779.458,1.4432306
2780.044,1.4430784
2780.63,1.4429263
2781.216,1.4427742
2781.802,1.4426221
2782.388,1.4424701
2782.974,1.4423182
2783.56,1.4421662
2784.146,1.4420145
2784.732,1.4418626
2785.318,1.4417108
2785.904,1.4415592
2786.49,1.4414074
2787.076,1.4412559
2787.662,1.4411043
2788.248,1.4409528
2788.834,1.4408013
2789.42,1.4406499
2790.006,1.4404986
2790.592,1.4403472
2791.178,1.4401959
2791.764,1.4400448
2792.35,1.4398936
2792.936,1.4397424
2793.522,1.4395914
2794.108,1.4394404
2794.694,1.4392893
2795.28,1.4391384
2795.866,1.4389876
2796.452,1.4388368
2797.038,1.438686
2797.624,1.4385352
2798.21,1.4383845
2798.796,1.438234
2799.382,1.4380833
2799.968,1.4379328
2800.554,1.4377823
2801.14,1.4376318
2801.726,1.4374814
2802.312,1.4373311
2802.898,1.4371808
2803.484,1.4370306
2804.07,1.4368804
2804.656,1.4367303
2805.242,1.4365802
2805.828,1.43643
2806.414,1.43628
2807,1.43613
2807.586,1.4359802
2808.172,1.4358304
2808.758,1.4356805
2809.344,1.4355308
2809.93,1.4353809
2810.516,1.4352313
2811.102,1.4350817
2811.688,1.4349321
2812.274,1.4347826
2812.86,1.4346331
2813.446,1.4344836
2814.032,1.4343343
2814.618,1.4341849
2815.204,1.4340357
2815.79,1.4338864
2816.376,1.4337373
2816.962,1.433588
2817.548,1.433439
2818.134,1.4332899
2818.72,1.4331409
2819.306,1.432992
2819.892,1.4328431
2820.478,1.4326942
2821.064,1.4325453
2821.65,1.4323965
2822.236,1.4322479
2822.822,1.4320992
2823.408,1.4319506
2823.994,1.4318019
2824.58,1.4316535
2825.166,1.431505
2825.752,1.4313565
2826.338,1.4312081
2826.924,1.4310598
2827.51,1.4309115
2828.096,1.4307632
2828.682,1.4306151
2829.268,1.4304669
2829.854,1.4303188
2830.44,1.4301708
2831.026,1.4300227
2831.612,1.4298748
2832.198,1.4297268
2832.784,1.429579
2833.37,1.4294311
2833.956,1.4292833
2834.542,1.4291356
2835.128,1.428988
2835.714,1.4288403
2836.3,1.4286927
2836.886,1.4285451
2837.472,1.4283977
2838.058,1.4282502
2838.644,1.4281029
2839.23,1.4279555
2839.816,1.4278082
2840.402,1.4276608
2840.988,1.4275136
2841.574,1.4273665
2842.16,1.4272194
2842.746,1.4270723
2843.332,1.4269252
2843.918,1.4267782
2844.504,1.4266313
2845.09,1.4264845
2845.676,1.4263376
2846.262,1.4261907
2846.848,1.426044
2847.434,1.4258972
2848.02,1.4257506
2848.606,1.425604
2849.192,1.4254575
2849.778,1.425311
2850.364,1.4251645
2850.95,1.4250181
2851.536,1.4248717
2852.122,1.4247253
2852.708,1.424579
2853.294,1.4244328
2853.88,1.4242866
2854.466,1.4241405
2855.052,1.4239943
2855.638,1.4238483
2856.224,1.4237022
2856.81,1.4235562
2857.396,1.4234103
2857.982,1.4232644
2858.568,1.4231186
2859.154,1.4229728
2859.74,1.422827
2860.326,1.4226813
2860.912,1.4225358
2861.498,1.4223901
2862.084,1.4222445
2862.67,1.422099
2863.256,1.4219536
2863.842,1.4218081
2864.428,1.4216628
2865.014,1.4215175
2865.6,1.4213721
2866.186,1.4212269
2866.772,1.4210817
2867.358,1.4209366
2867.944,1.4207915
2868.53,1.4206464
2869.116,1.4205014
2869.702,1.4203564
2870.288,1.4202114
2870.874,1.4200666
2871.46,1.4199218
2872.046,1.4197769
2872.632,1.4196323
2873.218,1.4194875
2873.804,1.4193429
2874.39,1.4191983
2874.976,1.4190538
2875.562,1.4189092
2876.148,1.4187647
2876.734,1.4186203
2877.32,1.4184759
2877.906,1.4183316
2878.492,1.4181873
2879.078,1.418043
2879.664,1.4178989
2880.25,1.4177547
2880.836,1.4176105
2881.422,1.4174665
2882.008,1.4173224
2882.594,1.4171785
2883.18,1.4170345
2883.766,1.4168906
2884.352,1.4167469
2884.938,1.416603
2885.524,1.4164593
2886.11,1.4163156
2886.696,1.4161719
2887.282,1.4160283
2887.868,1.4158847
2888.454,1.4157412
2889.04,1.4155977
2889.626,1.4154543
2890.212,1.4153109
2890.798,1.4151675
2891.384,1.4150242
2891.97,1.4148809
2892.556,1.4147377
2893.142,1.4145945
2893.728,1.4144514
2894.314,1.4143083
2894.9,1.4141653
2895.486,1.4140222
2896.072,1.4138793
2896.658,1.4137363
2897.244,1.4135935
2897.83,1.4134507
2898.416,1.4133079
2899.002,1.4131652
2899.588,1.4130225
2900.174,1.4128798
2900.76,1.4127373
2901.346,1.4125947
2901.932,1.4124521
2902.518,1.4123096
2903.104,1.412167
2903.69,1.4120244
2904.276,1.4118818
2904.862,1.4117392
2905.448,1.4115967
2906.034,1.4114542
2906.62,1.4113119
2907.206,1.4111695
2907.792,1.4110272
2908.378,1.4108849
2908.964,1.4107426
2909.55,1.4106004
2910.136,1.4104583
2910.722,1.4103162
2911.308,1.4101743
2911.894,1.4100322
2912.48,1.4098902
2913.066,1.4097483
2913.652,1.4096063
2914.238,1.4094645
2914.824,1.4093227
2915.41,1.409181
2915.996,1.4090393
2916.582,1.4088976
2917.168,1.408756
2917.754,1.4086144
2918.34,1.4084729
2918.926,1.4083314
2919.512,1.4081899
2920.098,1.4080485
2920.684,1.4079072
2921.27,1.4077659
2921.856,1.4076246
2922.442,1.4074833
2923.028,1.4073422
2923.614,1.4072011
2924.2,1.4070599
2924.786,1.4069189
2925.372,1.4067779
2925.958,1.406637
2926.544,1.4064959
2927.13,1.406355
2927.716,1.4062142
2928.302,1.4060735
2928.888,1.4059327
2929.474,1.405792
2930.06,1.4056513
2930.646,1.4055107
2931.232,1.4053701
2931.818,1.4052296
2932.404,1.405089
2932.99,1.4049486
2933.576,1.4048082
2934.162,1.4046677
2934.748,1.4045275
2935.334,1.4043872
2935.92,1.4042469
2936.506,1.4041067
2937.092,1.4039665
2937.678,1.4038265
2938.264,1.4036864
2938.85,1.4035465
2939.436,1.4034064
2940.022,1.4032664
2940.608,1.4031266
2941.194,1.4029868
2941.78,1.4028469
2942.366,1.4027071
2942.952,1.4025674
2943.538,1.4024277
2944.124,1.4022881
2944.71,1.4021485
2945.296,1.4020089
2945.882,1.4018694
2946.468,1.4017299
2947.054,1.4015905
2947.64,1.4014511
2948.226,1.4013118
2948.812,1.4011724
2949.398,1.4010332
2949.984,1.4008939
2950.57,1.4007547
2951.156,1.4006157
2951.742,1.4004766
2952.328,1.4003375
2952.914,1.4001985
2953.5,1.4000595
2954.086,1.3999206
2954.672,1.3997817
2955.258,1.3996428
2955.844,1.3995041
2956.43,1.3993653
2957.016,1.3992265
2957.602,1.3990879
2958.188,1.3989493
2958.774,1.3988106
2959.36,1.3986721
2959.946,1.3985336
2960.532,1.3983952
2961.118,1.3982568
2961.704,1.3981184
2962.29,1.39798
2962.876,1.3978417
2963.462,1.3977035
2964.048,1.3975652
2964.634,1.3974271
2965.22,1.3972889
2965.806,1.3971509
2966.392,1.3970128
2966.978,1.3968748
2967.564,1.3967369
2968.15,1.3965989
2968.736,1.396461
2969.322,1.3963232
2969.908,1.3961854
2970.494,1.3960476
2971.08,1.39591
2971.666,1.3957722
2972.252,1.3956347
2972.838,1.3954971
2973.424,1.3953595
2974.01,1.3952219
2974.596,1.3950845
2975.182,1.3949472
2975.768,1.3948097
2976.354,1.3946724
2976.94,1.3945351
2977.526,1.3943979
2978.112,1.3942606
2978.698,1.3941234
2979.284,1.3939862
2979.87,1.3938491
2980.456,1.3937122
2981.042,1.3935751
2981.628,1.3934381
2982.214,1.3933012
2982.8,1.3931643
2983.386,1.3930274
2983.972,1.3928907
2984.558,1.392754
2985.144,1.3926172
2985.73,1.3924805
2986.316,1.3923439
2986.902,1.3922073
2987.488,1.3920707
2988.074,1.3919342
2988.66,1.3917977
2989.246,1.3916613
2989.832,1.3915248
2990.418,1.3913885
2991.004,1.3912522
2991.59,1.3911159
2992.176,1.3909796
2992.762,1.3908434
2993.348,1.3907074
2993.934,1.3905712
2994.52,1.3904351
2995.106,1.3902991
2995.692,1.3901631
2996.278,1.3900272
2996.864,1.3898911
2997.45,1.3897554
2998.036,1.3896195
2998.622,1.3894837
2999.208,1.389348
2999.794,1.3892123
3000.38,1.3890766
3000.966,1.3889409
3001.552,1.3888054
3002.138,1.3886698
3002.724,1.3885343
3003.31,1.3883989
3003.896,1.3882635
3004.482,1.388128
3005.068,1.3879927
3005.654,1.3878574
3006.24,1.3877221
3006.826,1.387587
3007.412,1.3874516
3007.998,1.3873166
3008.584,1.3871814
3009.17,1.3870463
3009.756,1.3869114
3010.342,1.3867764
3010.928,1.3866414
3011.514,1.3865066
3012.1,1.3863716
3012.686,1.3862369
3013.272,1.3861021
3013.858,1.3859674
3014.444,1.3858327
3015.03,1.385698
3015.616,1.3855634
3016.202,1.3854288
3016.788,1.3852942
3017.374,1.3851597
3017.96,1.3850253
3018.546,1.3848908
3019.132,1.3847564
3019.718,1.3846221
3020.304,1.3844877
3020.89,1.3843535
3021.476,1.3842193
3022.062,1.3840851
3022.648,1.3839509
3023.234,1.3838168
3023.82,1.3836827
3024.406,1.3835487
3024.992,1.3834147
3025.578,1.3832808
3026.164,1.3831469
3026.75,1.383013
3027.336,1.3828791
3027.922,1.3827454
3028.508,1.3826116
3029.094,1.3824779
3029.68,1.3823442
3030.266,1.3822106
3030.852,1.382077
3031.438,1.3819435
3032.024,1.3818099
3032.61,1.3816764
3033.196,1.381543
3033.782,1.3814096
3034.368,1.3812762
3034.954,1.3811429
3035.54,1.3810096
3036.126,1.3808764
3036.712,1.3807433
3037.298,1.3806101
3037.884,1.3804768
3038.47,1.3803438
3039.056,1.3802108
3039.642,1.3800777
3040.228,1.3799448
3040.814,1.3798119
3041.4,1.379679
3041.986,1.3795462
3042.572,1.3794134
3043.158,1.3792806
3043.744,1.3791478
3044.33,1.3790151
3044.916,1.3788824
3045.502,1.3787497
3046.088,1.3786173
3046.674,1.3784847
3047.26,1.3783522
3047.846,1.3782197
3048.432,1.3780873
3049.018,1.377955
3049.604,1.3778225
3050.19,1.3776902
3050.776,1.377558
3051.362,1.3774258
3051.948,1.3772936
3052.534,1.3771614
3053.12,1.3770293
3053.706,1.3768972
3054.292,1.3767651
3054.878,1.3766332
3055.464,1.3765012
3056.05,1.3763694
3056.636,1.3762374
3057.222,1.3761055
3057.808,1.3759737
3058.394,1.375842
3058.98,1.3757102
3059.566,1.3755785
3060.152,1.3754469
3060.738,1.3753153
3061.324,1.3751837
3061.91,1.3750522
3062.496,1.3749207
3063.082,1.3747892
3063.668,1.3746578
3064.254,1.3745264
3064.84,1.374395
3065.426,1.3742638
3066.012,1.3741325
3066.598,1.3740013
3067.184,1.37387
3067.77,1.3737389
3068.356,1.3736078
3068.942,1.3734766
3069.528,1.3733456
3070.114,1.3732146
3070.7,1.3730837
3071.286,1.3729527
3071.872,1.3728218
3072.458,1.372691
3073.044,1.3725601
3073.63,1.3724294
3074.216,1.3722987
3074.802,1.3721679
3075.388,1.3720373
3075.974,1.3719066
3076.56,1.3717761
3077.146,1.3716456
3077.732,1.371515
3078.318,1.3713845
3078.904,1.3712541
3079.49,1.3711237
3080.076,1.3709934
3080.662,1.3708631
3081.248,1.3707328
3081.834,1.3706025
3082.42,1.3704723
3083.006,1.3703421
3083.592,1.370212
3084.178,1.3700819
3084.764,1.3699518
3085.35,1.3698218
3085.936,1.3696918
3086.522,1.3695619
3087.108,1.369432
3087.694,1.369302
3088.28,1.3691722
3088.866,1.3690425
3089.452,1.3689127
3090.038,1.368783
3090.624,1.3686533
3091.21,1.3685236
3091.796,1.368394
3092.382,1.3682644
3092.968,1.3681349
3093.554,1.3680054
3094.14,1.3678759
3094.726,1.3677465
3095.312,1.3676171
3095.898,1.3674878
3096.484,1.3673584
3097.07,1.3672292
3097.656,1.3670999
3098.242,1.3669708
3098.828,1.3668416
3099.414,1.3667125
3100,1.3665833
