170,5.8928089
170.586,5.8826742
171.172,5.872592
171.758,5.8625612
172.344,5.852582
172.93,5.8426533
173.516,5.8327751
174.102,5.822947
174.688,5.813168
175.274,5.8034387
175.86,5.7937579
176.446,5.7841249
177.032,5.7745395
177.618,5.7650018
178.204,5.7555108
178.79,5.746067
179.376,5.7366695
179.962,5.7273178
180.548,5.7180119
181.134,5.7087512
181.72,5.6995358
182.306,5.6903644
182.892,5.6812377
183.478,5.6721544
184.064,5.6631145
184.65,5.6541176
185.236,5.645164
185.822,5.6362524
186.408,5.6273832
186.994,5.6185555
187.58,5.6097693
188.166,5.6010242
188.752,5.5923195
189.338,5.5836554
189.924,5.5750313
190.51,5.5664468
191.096,5.5579023
191.682,5.5493965
192.268,5.5409298
192.854,5.5325022
193.44,5.5241127
194.026,5.5157609
194.612,5.5074472
195.198,5.4991708
195.784,5.490932
196.37,5.4827299
196.956,5.4745646
197.542,5.466435
198.128,5.4583421
198.714,5.450285
199.3,5.4422636
199.886,5.4342775
200.472,5.4263263
201.058,5.4184098
201.644,5.4105282
202.23,5.4026804
202.816,5.3948669
203.402,5.3870873
203.988,5.3793411
204.574,5.3716288
205.16,5.3639488
205.746,5.3563023
206.332,5.3486876
206.918,5.3411059
207.504,5.3335562
208.09,5.3260388
208.676,5.3185525
209.262,5.3110981
209.848,5.3036752
210.434,5.2962828
211.02,5.2889214
211.606,5.2815905
212.192,5.2742901
212.778,5.2670202
213.364,5.2597799
213.95,5.2525692
214.536,5.245388
215.122,5.238236
215.708,5.2311134
216.294,5.22402
216.88,5.2169552
217.466,5.209919
218.052,5.2029109
218.638,5.1959314
219.224,5.1889796
219.81,5.182056
220.396,5.1751599
220.982,5.1682911
221.568,5.1614499
222.154,5.1546354
222.74,5.1478481
223.326,5.141088
223.912,5.1343536
224.498,5.1276464
225.084,5.120965
225.67,5.1143098
226.256,5.1076808
226.842,5.1010771
227.428,5.0944991
228.014,5.0879469
228.6,5.0814195
229.186,5.0749173
229.772,5.06844
230.358,5.0619869
230.944,5.0555582
231.53,5.0491543
232.116,5.0427742
232.702,5.0364184
233.288,5.030087
233.874,5.0237789
234.46,5.0174952
235.046,5.0112343
235.632,5.0049973
236.218,4.9987831
236.804,4.9925923
237.39,4.9864249
237.976,4.9802799
238.562,4.9741573
239.148,4.9680576
239.734,4.9619803
240.32,4.9559255
240.906,4.9498925
241.492,4.9438815
242.078,4.9378924
242.664,4.9319253
243.25,4.9259791
243.836,4.9200549
244.422,4.9141521
245.008,4.9082704
245.594,4.9024096
246.18,4.8965693
246.766,4.8907499
247.352,4.8849511
247.938,4.8791728
248.524,4.8734155
249.11,4.8676782
249.696,4.8619614
250.282,4.8562641
250.868,4.8505874
251.454,4.8449302
252.04,4.839293
252.626,4.8336754
253.212,4.8280773
253.798,4.8224988
254.384,4.8169394
254.97,4.811399
255.556,4.8058777
256.142,4.8003755
256.728,4.7948923
257.314,4.7894278
257.9,4.7839818
258.486,4.7785544
259.072,4.7731457
259.658,4.767755
260.244,4.7623825
260.83,4.7570281
261.416,4.7516918
262.002,4.7463737
262.588,4.7410731
263.174,4.7357903
263.76,4.730525
264.346,4.7252774
264.932,4.720047
265.518,4.7148342
266.104,4.7096386
266.69,4.7044601
267.276,4.6992989
267.862,4.6941543
268.448,4.6890264
269.034,4.6839156
269.62,4.6788216
270.206,4.6737437
270.792,4.6686826
271.378,4.6636381
271.964,4.6586094
272.55,4.6535974
273.136,4.6486015
273.722,4.6436214
274.308,4.6386576
274.894,4.6337094
275.48,4.628777
276.066,4.6238604
276.652,4.6189594
277.238,4.6140738
277.824,4.6092038
278.41,4.6043496
278.996,4.5995102
279.582,4.594686
280.168,4.5898771
280.754,4.5850835
281.34,4.5803046
281.926,4.575541
282.512,4.5707917
283.098,4.5660577
283.684,4.5613379
284.27,4.556633
284.856,4.5519428
285.442,4.547267
286.028,4.5426054
286.614,4.5379581
287.2,4.5333247
287.786,4.5287061
288.372,4.5241013
288.958,4.5195107
289.544,4.5149341
290.13,4.5103712
290.716,4.5058217
291.302,4.5012865
291.888,4.4967647
292.474,4.4922562
293.06,4.4877615
293.646,4.4832797
294.232,4.4788117
294.818,4.4743571
295.404,4.4699159
295.99,4.4654875
296.576,4.4610724
297.162,4.4566708
297.748,4.4522815
298.334,4.4479055
298.92,4.4435425
299.506,4.4391923
300.092,4.4348545
300.678,4.4305296
301.264,4.4262176
301.85,4.4219179
302.436,4.4176307
303.022,4.4133563
303.608,4.4090939
304.194,4.4048443
304.78,4.4006066
305.366,4.3963809
305.952,4.3921676
306.538,4.3879666
307.124,4.3837776
307.71,4.3796005
308.296,4.3754354
308.882,4.3712821
309.468,4.3671408
310.054,4.3630114
310.64,4.3588929
311.226,4.3547869
311.812,4.3506923
312.398,4.3466091
312.984,4.3425374
313.57,4.3384767
314.156,4.3344274
314.742,4.330389
315.328,4.3263626
315.914,4.3223467
316.5,4.3183422
317.086,4.3143492
317.672,4.3103666
318.258,4.3063955
318.844,4.3024354
319.43,4.2984862
320.016,4.294548
320.602,4.2906203
321.188,4.2867036
321.774,4.2827973
322.36,4.2789021
322.946,4.2750173
323.532,4.2711434
324.118,4.2672796
324.704,4.2634263
325.29,4.259584
325.876,4.2557516
326.462,4.2519293
327.048,4.2481179
327.634,4.2443166
328.22,4.2405252
328.806,4.2367439
329.392,4.2329731
329.978,4.2292123
330.564,4.2254615
331.15,4.2217202
331.736,4.2179894
332.322,4.2142682
332.908,4.210557
333.494,4.2068548
334.08,4.2031627
334.666,4.1994801
335.252,4.1958075
335.838,4.1921444
336.424,4.1884904
337.01,4.1848464
337.596,4.1812119
338.182,4.1775866
338.768,4.1739712
339.354,4.1703649
339.94,4.1667681
340.526,4.1631804
341.112,4.1596022
341.698,4.1560326
342.284,4.152473
342.87,4.148922
343.456,4.14538
344.042,4.1418476
344.628,4.1383238
345.214,4.1348095
345.8,4.1313033
346.386,4.1278067
346.972,4.1243186
347.558,4.1208396
348.144,4.1173692
348.73,4.1139078
349.316,4.110455
349.902,4.1070108
350.488,4.1035752
351.074,4.1001482
351.66,4.0967302
352.246,4.0933204
352.832,4.0899191
353.418,4.0865259
354.004,4.0831418
354.59,4.0797658
355.176,4.0763979
355.762,4.0730386
356.348,4.0696878
356.934,4.0663447
357.52,4.0630102
358.106,4.0596843
358.692,4.056366
359.278,4.0530558
359.864,4.0497537
360.45,4.0464602
361.036,4.0431738
361.622,4.039896
362.208,4.0366263
362.794,4.0333643
363.38,4.0301099
363.966,4.0268636
364.552,4.0236254
365.138,4.0203948
365.724,4.0171719
366.31,4.0139565
366.896,4.0107493
367.482,4.0075498
368.068,4.0043573
368.654,4.001173
369.24,3.9979961
369.826,3.9948268
370.412,3.9916649
370.998,3.9885106
371.584,3.985364
372.17,3.9822242
372.756,3.9790921
373.342,3.9759676
373.928,3.9728503
374.514,3.9697404
375.1,3.9666376
375.686,3.9635422
376.272,3.960454
376.858,3.9573731
377.444,3.9542994
378.03,3.9512327
378.616,3.948173
379.202,3.9451206
379.788,3.9420753
380.374,3.9390371
380.96,3.9360056
381.546,3.9329815
382.132,3.9299641
382.718,3.9269536
383.304,3.92395
383.89,3.9209533
384.476,3.9179635
385.062,3.9149806
385.648,3.9120045
386.234,3.9090352
386.82,3.9060724
387.406,3.9031165
387.992,3.9001675
388.578,3.8972249
389.164,3.894289
389.75,3.8913596
390.336,3.888437
390.922,3.8855209
391.508,3.8826115
392.094,3.8797085
392.68,3.876812
393.266,3.8739219
393.852,3.8710384
394.438,3.8681612
395.024,3.8652904
395.61,3.8624263
396.196,3.8595681
396.782,3.8567166
397.368,3.8538713
397.954,3.8510323
398.54,3.8481994
399.126,3.8453729
399.712,3.8425527
400.298,3.8397384
400.884,3.8369305
401.47,3.8341289
402.056,3.8313332
402.642,3.8285434
403.228,3.8257601
403.814,3.8229828
404.4,3.8202114
404.986,3.817446
405.572,3.8146868
406.158,3.8119335
406.744,3.809186
407.33,3.8064446
407.916,3.803709
408.502,3.8009794
409.088,3.7982557
409.674,3.7955377
410.26,3.7928257
410.846,3.7901194
411.432,3.7874188
412.018,3.7847242
412.604,3.7820354
413.19,3.7793519
413.776,3.7766745
414.362,3.7740026
414.948,3.7713366
415.534,3.768676
416.12,3.766021
416.706,3.7633719
417.292,3.7607281
417.878,3.7580903
418.464,3.7554576
419.05,3.7528305
419.636,3.7502091
420.222,3.7475929
420.808,3.7449822
421.394,3.7423768
421.98,3.7397768
422.566,3.7371821
423.152,3.7345929
423.738,3.7320092
424.324,3.7294307
424.91,3.7268574
425.496,3.7242897
426.082,3.7217271
426.668,3.7191699
427.254,3.7166181
427.84,3.7140713
428.426,3.7115297
429.012,3.7089934
429.598,3.7064624
430.184,3.7039366
430.77,3.7014158
431.356,3.6989002
431.942,3.6963899
432.528,3.6938846
433.114,3.6913843
433.7,3.688889
434.286,3.686399
434.872,3.6839139
435.458,3.6814339
436.044,3.6789589
436.63,3.6764889
437.216,3.6740239
437.802,3.6715639
438.388,3.6691086
438.974,3.6666584
439.56,3.6642132
440.146,3.6617727
440.732,3.6593373
441.318,3.6569066
441.904,3.6544809
442.49,3.6520598
443.076,3.6496437
443.662,3.6472323
444.248,3.6448259
444.834,3.6424241
445.42,3.640027
446.006,3.6376345
446.592,3.635247
447.178,3.6328642
447.764,3.630486
448.35,3.6281126
448.936,3.6257436
449.522,3.6233795
450.108,3.6210201
450.694,3.618665
451.28,3.6163144
451.866,3.6139681
452.452,3.6116264
453.038,3.6092892
453.624,3.6069565
454.21,3.6046283
454.796,3.6023047
455.382,3.5999856
455.968,3.597671
456.554,3.595361
457.14,3.5930552
457.726,3.5907538
458.312,3.5884571
458.898,3.5861647
459.484,3.5838768
460.07,3.5815933
460.656,3.579314
461.242,3.577039
461.828,3.5747685
462.414,3.5725024
463,3.5702405
463.586,3.5679829
464.172,3.5657299
464.758,3.5634806
465.344,3.5612359
465.93,3.5589955
466.516,3.5567594
467.102,3.5545273
467.688,3.5522995
468.274,3.5500758
468.86,3.5478563
469.446,3.5456412
470.032,3.5434299
470.618,3.541223
471.204,3.5390201
471.79,3.5368214
472.376,3.5346267
472.962,3.5324361
473.548,3.5302498
474.134,3.5280674
474.72,3.5258892
475.306,3.5237148
475.892,3.5215445
476.478,3.5193782
477.064,3.517216
477.65,3.5150573
478.236,3.5129025
478.822,3.5107517
479.408,3.508605
479.994,3.5064619
480.58,3.504323
481.166,3.502188
481.752,3.5000567
482.338,3.4979296
482.924,3.4958062
483.51,3.4936867
484.096,3.4915709
484.682,3.4894593
485.268,3.4873512
485.854,3.4852471
486.44,3.4831469
487.026,3.4810503
487.612,3.4789574
488.198,3.4768684
488.784,3.4747832
489.37,3.4727018
489.956,3.4706242
490.542,3.4685502
491.128,3.4664798
491.714,3.4644134
492.3,3.4623504
492.886,3.4602914
493.472,3.4582357
494.058,3.4561839
494.644,3.4541357
495.23,3.4520912
495.816,3.4500504
496.402,3.4480131
496.988,3.4459794
497.574,3.4439492
498.16,3.4419227
498.746,3.4398999
499.332,3.4378805
499.918,3.4358647
500.504,3.4338524
501.09,3.4318438
501.676,3.4298384
502.262,3.4278369
502.848,3.4258387
503.434,3.4238441
504.02,3.4218528
504.606,3.4198651
505.192,3.4178808
505.778,3.4159
506.364,3.4139225
506.95,3.4119487
507.536,3.4099782
508.122,3.4080112
508.708,3.4060473
509.294,3.4040871
509.88,3.4021301
510.466,3.4001765
511.052,3.3982265
511.638,3.3962796
512.224,3.394336
512.81,3.392396
513.396,3.3904591
513.982,3.3885255
514.568,3.3865952
515.154,3.3846684
515.74,3.3827448
516.326,3.3808243
516.912,3.3789074
517.498,3.3769937
518.084,3.375083
518.67,3.3731756
519.256,3.3712714
519.842,3.3693707
520.428,3.3674729
521.014,3.3655784
521.6,3.3636873
522.186,3.361799
522.772,3.3599143
523.358,3.3580325
523.944,3.3561537
524.53,3.3542783
525.116,3.352406
525.702,3.3505371
526.288,3.3486707
526.874,3.346808
527.46,3.3449481
528.046,3.3430912
528.632,3.3412378
529.218,3.3393872
529.804,3.3375397
530.39,3.3356953
530.976,3.3338537
531.562,3.3320155
532.148,3.3301802
532.734,3.3283479
533.32,3.3265185
533.906,3.324692
534.492,3.3228688
535.078,3.3210485
535.664,3.319231
536.25,3.3174167
536.836,3.3156054
537.422,3.3137968
538.008,3.3119915
538.594,3.3101888
539.18,3.3083892
539.766,3.3065927
540.352,3.3047988
540.938,3.3030081
541.524,3.3012202
542.11,3.2994351
542.696,3.297653
543.282,3.2958739
543.868,3.2940974
544.454,3.2923241
545.04,3.2905533
545.626,3.2887857
546.212,3.2870207
546.798,3.2852588
547.384,3.2834995
547.97,3.281743
548.556,3.2799895
549.142,3.2782385
549.728,3.2764907
550.314,3.2747455
550.9,3.2730031
551.486,3.2712634
552.072,3.2695267
552.658,3.2677925
553.244,3.2660611
553.83,3.2643325
554.416,3.2626066
555.002,3.2608838
555.588,3.2591634
556.174,3.2574456
556.76,3.2557306
557.346,3.2540185
557.932,3.2523088
558.518,3.250602
559.104,3.248898
559.69,3.2471964
560.276,3.2454977
560.862,3.2438016
561.448,3.2421081
562.034,3.2404172
562.62,3.238729
563.206,3.2370434
563.792,3.2353606
564.378,3.2336802
564.964,3.2320025
565.55,3.2303276
566.136,3.2286551
566.722,3.2269852
567.308,3.225318
567.894,3.2236533
568.48,3.2219911
569.066,3.2203317
569.652,3.2186747
570.238,3.2170203
570.824,3.2153683
571.41,3.2137189
571.996,3.2120721
572.582,3.210428
573.168,3.2087862
573.754,3.2071469
574.34,3.2055101
574.926,3.203876
575.512,3.2022443
576.098,3.2006149
576.684,3.1989882
577.27,3.1973639
577.856,3.1957421
578.442,3.1941228
579.028,3.1925061
579.614,3.1908917
580.2,3.1892798
580.786,3.18767
581.372,3.1860631
581.958,3.1844585
582.544,3.1828563
583.13,3.1812565
583.716,3.1796591
584.302,3.1780639
584.888,3.1764712
585.474,3.1748807
586.06,3.1732929
586.646,3.1717074
587.232,3.1701241
587.818,3.1685433
588.404,3.166965
588.99,3.1653888
589.576,3.163815
590.162,3.1622436
590.748,3.1606746
591.334,3.1591079
591.92,3.1575434
592.506,3.1559815
593.092,3.1544218
593.678,3.1528642
594.264,3.151309
594.85,3.1497562
595.436,3.1482058
596.022,3.1466575
596.608,3.1451116
597.194,3.1435678
597.78,3.1420262
598.366,3.1404872
598.952,3.1389501
599.538,3.1374156
600.124,3.1358831
600.71,3.1343529
601.296,3.1328249
601.882,3.1312993
602.468,3.1297758
603.054,3.1282547
603.64,3.1267354
604.226,3.1252186
604.812,3.1237042
605.398,3.1221917
605.984,3.1206815
606.57,3.1191733
607.156,3.1176677
607.742,3.116164
608.328,3.1146624
608.914,3.1131632
609.5,3.111666
610.086,3.1101708
610.672,3.1086781
611.258,3.1071873
611.844,3.1056988
612.43,3.1042125
613.016,3.1027281
613.602,3.1012461
614.188,3.099766
614.774,3.0982881
615.36,3.0968122
615.946,3.0953386
616.532,3.0938671
617.118,3.0923975
617.704,3.09093
618.29,3.0894647
618.876,3.0880015
619.462,3.0865402
620.048,3.0850813
620.634,3.0836244
621.22,3.0821693
621.806,3.0807164
622.392,3.0792656
622.978,3.0778167
623.564,3.0763702
624.15,3.0749254
624.736,3.0734828
625.322,3.0720422
625.908,3.0706036
626.494,3.0691669
627.08,3.0677323
627.666,3.0662997
628.252,3.0648692
628.838,3.0634408
629.424,3.0620141
630.01,3.0605896
630.596,3.0591671
631.182,3.0577464
631.768,3.0563278
632.354,3.0549111
632.94,3.0534966
633.526,3.052084
634.112,3.0506732
634.698,3.0492644
635.284,3.0478575
635.87,3.0464528
636.456,3.0450499
637.042,3.0436487
637.628,3.0422497
638.214,3.0408525
638.8,3.0394573
639.386,3.0380642
639.972,3.0366728
640.558,3.0352833
641.144,3.033896
641.73,3.0325103
642.316,3.0311265
642.902,3.0297446
643.488,3.0283647
644.074,3.0269866
644.66,3.0256104
645.246,3.0242362
645.832,3.0228639
646.418,3.0214932
647.004,3.0201244
647.59,3.0187578
648.176,3.0173926
648.762,3.0160296
649.348,3.0146685
649.934,3.013309
650.52,3.0119514
651.106,3.0105958
651.692,3.0092418
652.278,3.0078897
652.864,3.0065396
653.45,3.0051911
654.036,3.0038445
654.622,3.0024998
655.208,3.0011568
655.794,2.9998157
656.38,2.9984763
656.966,2.9971385
657.552,2.9958029
658.138,2.9944687
658.724,2.9931364
659.31,2.9918058
659.896,2.9904766
660.482,2.9891496
661.068,2.987824
661.654,2.9865003
662.24,2.9851785
662.826,2.9838583
663.412,2.9825399
663.998,2.9812231
664.584,2.9799082
665.17,2.978595
665.756,2.9772835
666.342,2.9759738
666.928,2.9746659
667.514,2.9733596
668.1,2.9720552
668.686,2.9707522
669.272,2.9694512
669.858,2.9681518
670.444,2.9668541
671.03,2.9655581
671.616,2.9642639
672.202,2.9629712
672.788,2.9616804
673.374,2.960391
673.96,2.9591036
674.546,2.9578178
675.132,2.9565337
675.718,2.9552512
676.304,2.9539704
676.89,2.9526913
677.476,2.9514139
678.062,2.9501381
678.648,2.9488637
679.234,2.9475915
679.82,2.9463205
680.406,2.9450514
680.992,2.9437838
681.578,2.942518
682.164,2.9412534
682.75,2.939991
683.336,2.93873
683.922,2.9374704
684.508,2.9362128
685.094,2.9349566
685.68,2.933702
686.266,2.9324491
686.852,2.9311979
687.438,2.9299481
688.024,2.9287
688.61,2.9274535
689.196,2.9262087
689.782,2.9249654
690.368,2.9237237
690.954,2.9224834
691.54,2.9212449
692.126,2.9200079
692.712,2.9187727
693.298,2.9175386
693.884,2.9163065
694.47,2.9150758
695.056,2.9138467
695.642,2.9126191
696.228,2.9113932
696.814,2.9101686
697.4,2.9089458
697.986,2.9077244
698.572,2.9065046
699.158,2.9052863
699.744,2.9040697
700.33,2.9028542
700.916,2.9016407
701.502,2.9004285
702.088,2.8992181
702.674,2.8980088
703.26,2.8968012
703.846,2.8955953
704.432,2.8943906
705.018,2.8931875
705.604,2.8919857
706.19,2.8907852
706.776,2.889586
707.362,2.8883886
707.948,2.8871925
708.534,2.885998
709.12,2.884805
709.706,2.8836133
710.292,2.8824232
710.878,2.8812346
711.464,2.8800476
712.05,2.8788619
712.636,2.8776779
713.222,2.8764951
713.808,2.8753138
714.394,2.8741341
714.98,2.8729558
715.566,2.871779
716.152,2.8706036
716.738,2.8694296
717.324,2.868257
717.91,2.8670859
718.496,2.8659165
719.082,2.8647482
719.668,2.8635814
720.254,2.8624163
720.84,2.8612523
721.426,2.86009
722.012,2.8589289
722.598,2.8577693
723.184,2.856611
723.77,2.8554542
724.356,2.8542991
724.942,2.8531451
725.528,2.8519926
726.114,2.8508413
726.7,2.8496916
727.286,2.8485434
727.872,2.8473964
728.458,2.8462508
729.044,2.8451066
729.63,2.8439639
730.216,2.8428226
730.802,2.8416824
731.388,2.8405437
731.974,2.8394065
732.56,2.8382704
733.146,2.837136
733.732,2.8360028
734.318,2.8348711
734.904,2.8337407
735.49,2.8326116
736.076,2.8314838
736.662,2.8303576
737.248,2.8292325
737.834,2.8281088
738.42,2.8269863
739.006,2.8258655
739.592,2.8247457
740.178,2.8236275
740.764,2.8225105
741.35,2.8213947
741.936,2.8202803
742.522,2.8191674
743.108,2.8180556
743.694,2.8169451
744.28,2.8158355
744.866,2.8147273
745.452,2.8136206
746.038,2.812515
746.624,2.8114109
747.21,2.810308
747.796,2.8092062
748.382,2.8081059
748.968,2.8070071
749.554,2.8059092
750.14,2.8048127
750.726,2.8037176
751.312,2.8026237
751.898,2.8015311
752.484,2.8004398
753.07,2.7993498
753.656,2.7982612
754.242,2.7971737
754.828,2.7960875
755.414,2.7950025
756,2.7939188
756.586,2.7928364
757.172,2.7917554
757.758,2.7906756
758.344,2.7895968
758.93,2.7885196
759.516,2.7874434
760.102,2.7863686
760.688,2.7852948
761.274,2.7842226
761.86,2.7831514
762.446,2.7820816
763.032,2.7810128
763.618,2.7799456
764.204,2.7788794
764.79,2.7778144
765.376,2.7767506
765.962,2.7756882
766.548,2.7746267
767.134,2.7735667
767.72,2.7725079
768.306,2.7714503
768.892,2.7703938
769.478,2.7693386
770.064,2.7682848
770.65,2.7672319
771.236,2.7661803
771.822,2.7651298
772.408,2.7640808
772.994,2.7630327
773.58,2.761986
774.166,2.7609403
774.752,2.759896
775.338,2.7588527
775.924,2.7578106
776.51,2.7567699
777.096,2.7557302
777.682,2.7546916
778.268,2.7536542
778.854,2.7526181
779.44,2.7515833
780.026,2.7505493
780.612,2.7495167
781.198,2.7484853
781.784,2.7474551
782.37,2.7464259
782.956,2.7453978
783.542,2.7443709
784.128,2.7433453
784.714,2.7423208
785.3,2.7412975
785.886,2.7402751
786.472,2.7392542
787.058,2.7382343
787.644,2.7372153
788.23,2.7361977
788.816,2.7351811
789.402,2.7341657
789.988,2.7331514
790.574,2.7321384
791.16,2.7311263
791.746,2.7301154
792.332,2.7291057
792.918,2.7280972
793.504,2.7270896
794.09,2.7260833
794.676,2.7250779
795.262,2.7240736
795.848,2.7230706
796.434,2.7220688
797.02,2.7210679
797.606,2.7200682
798.192,2.7190695
798.778,2.7180719
799.364,2.7170756
799.95,2.7160802
800.536,2.715086
801.122,2.7140927
801.708,2.7131004
802.294,2.7121093
802.88,2.7111192
803.466,2.7101302
804.052,2.7091422
804.638,2.7081554
805.224,2.7071695
805.81,2.7061846
806.396,2.7052011
806.982,2.7042186
807.568,2.7032371
808.154,2.7022567
808.74,2.7012773
809.326,2.7002988
809.912,2.6993217
810.498,2.6983454
811.084,2.6973703
811.67,2.6963964
812.256,2.6954234
812.842,2.6944513
813.428,2.6934805
814.014,2.6925106
814.6,2.6915419
815.186,2.6905742
815.772,2.6896074
816.358,2.6886415
816.944,2.6876771
817.53,2.6867135
818.116,2.685751
818.702,2.6847894
819.288,2.6838291
819.874,2.6828694
820.46,2.681911
821.046,2.6809537
821.632,2.6799974
822.218,2.6790421
822.804,2.6780877
823.39,2.6771345
823.976,2.676182
824.562,2.675231
825.148,2.6742806
825.734,2.6733315
826.32,2.6723833
826.906,2.6714361
827.492,2.6704898
828.078,2.6695447
828.664,2.6686003
829.25,2.6676571
829.836,2.6667149
830.422,2.6657739
831.008,2.6648335
831.594,2.6638944
832.18,2.6629562
832.766,2.662019
833.352,2.6610827
833.938,2.6601474
834.524,2.6592133
835.11,2.6582801
835.696,2.6573479
836.282,2.6564164
836.868,2.6554861
837.454,2.6545568
838.04,2.6536283
838.626,2.6527011
839.212,2.6517746
839.798,2.6508491
840.384,2.6499248
840.97,2.6490011
841.556,2.6480787
842.142,2.647157
842.728,2.6462364
843.314,2.6453168
843.9,2.6443982
844.486,2.6434803
845.072,2.6425636
845.658,2.6416478
846.244,2.6407328
846.83,2.6398189
847.416,2.638906
848.002,2.6379938
848.588,2.6370828
849.174,2.6361728
849.76,2.6352634
850.346,2.6343553
850.932,2.6334479
851.518,2.6325414
852.104,2.6316359
852.69,2.6307316
853.276,2.629828
853.862,2.6289253
854.448,2.6280236
855.034,2.6271226
855.62,2.6262228
856.206,2.625324
856.792,2.6244259
857.378,2.6235287
857.964,2.6226325
858.55,2.6217375
859.136,2.6208429
859.722,2.6199496
860.308,2.6190569
860.894,2.6181655
861.48,2.6172748
862.066,2.616385
862.652,2.6154962
863.238,2.614608
863.824,2.6137211
864.41,2.6128349
864.996,2.6119497
865.582,2.6110651
866.168,2.6101818
866.754,2.6092992
867.34,2.6084175
867.926,2.6075368
868.512,2.6066568
869.098,2.6057777
869.684,2.6048996
870.27,2.6040225
870.856,2.6031461
871.442,2.6022708
872.028,2.6013961
872.614,2.6005225
873.2,2.5996497
873.786,2.5987778
874.372,2.5979066
874.958,2.5970364
875.544,2.5961671
876.13,2.5952988
876.716,2.5944312
877.302,2.5935645
877.888,2.5926986
878.474,2.5918336
879.06,2.5909696
879.646,2.5901062
880.232,2.5892439
880.818,2.5883825
881.404,2.5875218
881.99,2.5866621
882.576,2.585803
883.162,2.584945
883.748,2.5840878
884.334,2.5832314
884.92,2.5823758
885.506,2.5815213
886.092,2.5806673
886.678,2.5798144
887.264,2.5789623
887.85,2.5781109
888.436,2.5772605
889.022,2.576411
889.608,2.5755622
890.194,2.5747142
890.78,2.5738671
891.366,2.5730209
891.952,2.5721755
892.538,2.5713308
893.124,2.570487
893.71,2.5696442
894.296,2.5688021
894.882,2.5679607
895.468,2.5671203
896.054,2.5662808
896.64,2.5654421
897.226,2.564604
897.812,2.5637667
898.398,2.5629303
898.984,2.5620949
899.57,2.5612602
900.156,2.5604265
900.742,2.5595932
901.328,2.5587611
901.914,2.5579295
902.5,2.5570989
903.086,2.5562692
903.672,2.5554402
904.258,2.5546119
904.844,2.5537844
905.43,2.5529578
906.016,2.5521321
906.602,2.551307
907.188,2.5504827
907.774,2.5496595
908.36,2.5488367
908.946,2.5480149
909.532,2.547194
910.118,2.5463738
910.704,2.5455544
911.29,2.5447357
911.876,2.5439177
912.462,2.5431006
913.048,2.5422845
913.634,2.5414689
914.22,2.5406542
914.806,2.5398402
915.392,2.5390272
915.978,2.5382147
916.564,2.5374031
917.15,2.5365922
917.736,2.5357823
918.322,2.5349729
918.908,2.5341647
919.494,2.5333569
920.08,2.5325499
920.666,2.5317438
921.252,2.5309384
921.838,2.5301337
922.424,2.5293298
923.01,2.5285268
923.596,2.5277245
924.182,2.5269227
924.768,2.5261219
925.354,2.525322
925.94,2.5245225
926.526,2.5237241
927.112,2.5229263
927.698,2.5221293
928.284,2.521333
928.87,2.5205376
929.456,2.5197427
930.042,2.5189488
930.628,2.5181556
931.214,2.5173631
931.8,2.5165713
932.386,2.5157802
932.972,2.5149899
933.558,2.5142004
934.144,2.5134115
934.73,2.5126235
935.316,2.5118363
935.902,2.5110497
936.488,2.5102639
937.074,2.5094788
937.66,2.5086944
938.246,2.5079107
938.832,2.507128
939.418,2.5063457
940.004,2.5055645
940.59,2.5047836
941.176,2.5040038
941.762,2.5032246
942.348,2.5024459
942.934,2.5016682
943.52,2.5008912
944.106,2.5001149
944.692,2.4993391
945.278,2.4985642
945.864,2.4977901
946.45,2.4970167
947.036,2.496244
947.622,2.495472
948.208,2.4947007
948.794,2.4939301
949.38,2.4931602
949.966,2.4923911
950.552,2.4916227
951.138,2.4908547
951.724,2.4900877
952.31,2.4893215
952.896,2.4885559
953.482,2.4877911
954.068,2.4870267
954.654,2.4862633
955.24,2.4855006
955.826,2.4847383
956.412,2.4839771
956.998,2.4832163
957.584,2.4824564
958.17,2.4816971
958.756,2.4809384
959.342,2.4801805
959.928,2.4794233
960.514,2.4786668
961.1,2.477911
961.686,2.4771559
962.272,2.4764013
962.858,2.4756477
963.444,2.4748945
964.03,2.4741423
964.616,2.4733906
965.202,2.4726396
965.788,2.4718893
966.374,2.4711394
966.96,2.4703906
967.546,2.4696422
968.132,2.4688947
968.718,2.4681478
969.304,2.4674015
969.89,2.466656
970.476,2.4659109
971.062,2.4651668
971.648,2.4644232
972.234,2.4636803
972.82,2.4629381
973.406,2.4621966
973.992,2.4614558
974.578,2.4607155
975.164,2.459976
975.75,2.4592371
976.336,2.458499
976.922,2.4577615
977.508,2.4570246
978.094,2.4562883
978.68,2.4555528
979.266,2.454818
979.852,2.4540837
980.438,2.4533501
981.024,2.4526174
981.61,2.451885
982.196,2.4511535
982.782,2.4504225
983.368,2.4496922
983.954,2.4489625
984.54,2.4482336
985.126,2.4475052
985.712,2.4467776
986.298,2.4460504
986.884,2.4453242
987.47,2.4445984
988.056,2.4438734
988.642,2.4431489
989.228,2.442425
989.814,2.4417019
990.4,2.4409795
990.986,2.4402575
991.572,2.4395363
992.158,2.4388156
992.744,2.4380958
993.33,2.4373763
993.916,2.4366577
994.502,2.4359398
995.088,2.4352224
995.674,2.4345055
996.26,2.4337893
996.846,2.4330738
997.432,2.432359
998.018,2.4316447
998.604,2.4309311
999.19,2.430218
999.776,2.4295056
1000.362,2.4287939
1000.948,2.4280827
1001.534,2.4273725
1002.12,2.4266624
1002.706,2.4259531
1003.292,2.4252446
1003.878,2.4245365
1004.464,2.4238293
1005.05,2.4231224
1005.636,2.4224162
1006.222,2.4217107
1006.808,2.421006
1007.394,2.4203014
1007.98,2.4195979
1008.566,2.4188948
1009.152,2.4181924
1009.738,2.4174905
1010.324,2.4167893
1010.91,2.4160886
1011.496,2.4153886
1012.082,2.4146893
1012.668,2.4139905
1013.254,2.4132922
1013.84,2.4125946
1014.426,2.4118977
1015.012,2.4112012
1015.598,2.4105055
1016.184,2.4098103
1016.77,2.4091158
1017.356,2.4084218
1017.942,2.4077284
1018.528,2.4070358
1019.114,2.4063437
1019.7,2.405652
1020.286,2.4049611
1020.872,2.4042706
1021.458,2.4035809
1022.044,2.4028916
1022.63,2.4022031
1023.216,2.401515
1023.802,2.4008276
1024.388,2.400141
1024.974,2.3994546
1025.56,2.3987689
1026.146,2.3980839
1026.732,2.3973994
1027.318,2.3967156
1027.904,2.3960323
1028.49,2.3953495
1029.076,2.3946674
1029.662,2.393986
1030.248,2.3933051
1030.834,2.3926246
1031.42,2.3919449
1032.006,2.3912656
1032.592,2.3905869
1033.178,2.3899088
1033.764,2.3892314
1034.35,2.3885546
1034.936,2.3878782
1035.522,2.3872025
1036.108,2.3865271
1036.694,2.3858526
1037.28,2.3851786
1037.866,2.384505
1038.452,2.3838322
1039.038,2.3831599
1039.624,2.382488
1040.21,2.3818169
1040.796,2.3811464
1041.382,2.3804762
1041.968,2.3798068
1042.554,2.3791378
1043.14,2.3784695
1043.726,2.3778017
1044.312,2.3771346
1044.898,2.3764677
1045.484,2.3758018
1046.07,2.3751361
1046.656,2.3744712
1047.242,2.3738067
1047.828,2.373143
1048.414,2.3724797
1049,2.3718169
1049.586,2.3711548
1050.172,2.3704929
1050.758,2.369832
1051.344,2.3691714
1051.93,2.3685114
1052.516,2.367852
1053.102,2.3671932
1053.688,2.3665349
1054.274,2.3658772
1054.86,2.3652198
1055.446,2.3645632
1056.032,2.3639071
1056.618,2.3632514
1057.204,2.3625965
1057.79,2.3619421
1058.376,2.3612881
1058.962,2.3606346
1059.548,2.3599818
1060.134,2.3593295
1060.72,2.3586776
1061.306,2.3580265
1061.892,2.3573759
1062.478,2.3567257
1063.064,2.356076
1063.65,2.3554268
1064.236,2.3547783
1064.822,2.3541303
1065.408,2.353483
1065.994,2.3528359
1066.58,2.3521895
1067.166,2.3515437
1067.752,2.3508985
1068.338,2.3502536
1068.924,2.3496094
1069.51,2.3489656
1070.096,2.3483224
1070.682,2.3476796
1071.268,2.3470371
1071.854,2.3463955
1072.44,2.3457541
1073.026,2.3451133
1073.612,2.3444731
1074.198,2.3438334
1074.784,2.3431942
1075.37,2.3425555
1075.956,2.3419175
1076.542,2.3412797
1077.128,2.3406427
1077.714,2.3400061
1078.3,2.33937
1078.886,2.3387346
1079.472,2.3380995
1080.058,2.337465
1080.644,2.3368311
1081.23,2.3361976
1081.816,2.3355646
1082.402,2.3349323
1082.988,2.3343003
1083.574,2.3336689
1084.16,2.3330381
1084.746,2.3324077
1085.332,2.3317778
1085.918,2.3311484
1086.504,2.3305197
1087.09,2.3298912
1087.676,2.3292634
1088.262,2.3286362
1088.848,2.3280094
1089.434,2.327383
1090.02,2.3267572
1090.606,2.3261318
1091.192,2.3255069
1091.778,2.3248827
1092.364,2.324259
1092.95,2.3236356
1093.536,2.3230128
1094.122,2.3223906
1094.708,2.3217688
1095.294,2.3211477
1095.88,2.3205268
1096.466,2.3199065
1097.052,2.3192868
1097.638,2.3186674
1098.224,2.3180487
1098.81,2.3174303
1099.396,2.3168125
1099.982,2.3161952
1100.568,2.3155785
1101.154,2.3149621
1101.74,2.3143463
1102.326,2.313731
1102.912,2.3131161
1103.498,2.3125019
1104.084,2.311888
1104.67,2.3112745
1105.256,2.3106618
1105.842,2.3100493
1106.428,2.3094375
1107.014,2.308826
1107.6,2.3082151
1108.186,2.3076046
1108.772,2.3069947
1109.358,2.3063853
1109.944,2.3057764
1110.53,2.3051677
1111.116,2.3045597
1111.702,2.3039522
1112.288,2.303345
1112.874,2.3027384
1113.46,2.3021324
1114.046,2.3015268
1114.632,2.3009217
1115.218,2.300317
1115.804,2.2997129
1116.39,2.2991092
1116.976,2.2985058
1117.562,2.2979031
1118.148,2.2973008
1118.734,2.296699
1119.32,2.2960978
1119.906,2.2954969
1120.492,2.2948964
1121.078,2.2942965
1121.664,2.2936971
1122.25,2.2930982
1122.836,2.2924995
1123.422,2.2919016
1124.008,2.2913041
1124.594,2.2907069
1125.18,2.2901103
1125.766,2.2895141
1126.352,2.2889185
1126.938,2.2883232
1127.524,2.2877285
1128.11,2.2871342
1128.696,2.2865405
1129.282,2.2859471
1129.868,2.2853541
1130.454,2.2847617
1131.04,2.2841697
1131.626,2.2835782
1132.212,2.2829871
1132.798,2.2823966
1133.384,2.2818065
1133.97,2.2812166
1134.556,2.2806275
1135.142,2.2800388
1135.728,2.2794504
1136.314,2.2788625
1136.9,2.2782753
1137.486,2.2776883
1138.072,2.2771018
1138.658,2.2765157
1139.244,2.2759302
1139.83,2.2753451
1140.416,2.2747605
1141.002,2.2741761
1141.588,2.2735925
1142.174,2.2730091
1142.76,2.2724264
1143.346,2.2718439
1143.932,2.2712619
1144.518,2.2706804
1145.104,2.2700994
1145.69,2.2695186
1146.276,2.2689385
1146.862,2.2683589
1147.448,2.2677796
1148.034,2.2672007
1148.62,2.2666223
1149.206,2.2660444
1149.792,2.2654669
1150.378,2.26489
1150.964,2.2643132
1151.55,2.263737
1152.136,2.2631614
1152.722,2.2625861
1153.308,2.2620113
1153.894,2.2614369
1154.48,2.2608628
1155.066,2.2602892
1155.652,2.2597163
1156.238,2.2591436
1156.824,2.2585714
1157.41,2.2579997
1157.996,2.2574282
1158.582,2.2568574
1159.168,2.2562869
1159.754,2.2557168
1160.34,2.2551472
1160.926,2.2545781
1161.512,2.2540092
1162.098,2.2534411
1162.684,2.2528732
1163.27,2.2523057
1163.856,2.2517388
1164.442,2.2511721
1165.028,2.2506058
1165.614,2.2500401
1166.2,2.249475
1166.786,2.24891
1167.372,2.2483456
1167.958,2.2477815
1168.544,2.2472179
1169.13,2.246655
1169.716,2.2460921
1170.302,2.2455299
1170.888,2.2449679
1171.474,2.2444062
1172.06,2.243845
1172.646,2.243284
1173.232,2.2427237
1173.818,2.2421637
1174.404,2.2416041
1174.99,2.2410448
1175.576,2.2404859
1176.162,2.2399275
1176.748,2.2393696
1177.334,2.2388122
1177.92,2.238255
1178.506,2.2376983
1179.092,2.2371421
1179.678,2.2365861
1180.264,2.2360308
1180.85,2.2354758
1181.436,2.234921
1182.022,2.2343669
1182.608,2.233813
1183.194,2.2332597
1183.78,2.2327068
1184.366,2.2321541
1184.952,2.231602
1185.538,2.2310503
1186.124,2.230499
1186.71,2.229948
1187.296,2.2293975
1187.882,2.2288475
1188.468,2.2282977
1189.054,2.2277486
1189.64,2.2271998
1190.226,2.2266512
1190.812,2.2261033
1191.398,2.2255557
1191.984,2.2250082
1192.57,2.2244613
1193.156,2.2239151
1193.742,2.2233689
1194.328,2.2228234
1194.914,2.2222781
1195.5,2.2217333
1196.086,2.221189
1196.672,2.220645
1197.258,2.2201014
1197.844,2.219558
1198.43,2.2190154
1199.016,2.218473
1199.602,2.2179308
1200.188,2.2173893
1200.774,2.2168481
1201.36,2.2163072
1201.946,2.2157669
1202.532,2.2152269
1203.118,2.2146871
1203.704,2.2141478
1204.29,2.2136092
1204.876,2.2130706
1205.462,2.2125325
1206.048,2.2119949
1206.634,2.2114577
1207.22,2.2109208
1207.806,2.2103844
1208.392,2.2098484
1208.978,2.2093127
1209.564,2.2087774
1210.15,2.2082424
1210.736,2.2077081
1211.322,2.2071738
1211.908,2.20664
1212.494,2.2061067
1213.08,2.2055738
1213.666,2.2050412
1214.252,2.204509
1214.838,2.2039773
1215.424,2.2034459
1216.01,2.202915
1216.596,2.2023842
1217.182,2.201854
1217.768,2.2013242
1218.354,2.2007947
1218.94,2.2002656
1219.526,2.1997368
1220.112,2.1992085
1220.698,2.1986806
1221.284,2.198153
1221.87,2.1976259
1222.456,2.197099
1223.042,2.1965728
1223.628,2.1960466
1224.214,2.1955209
1224.8,2.1949956
1225.386,2.1944709
1225.972,2.1939464
1226.558,2.1934221
1227.144,2.1928985
1227.73,2.1923749
1228.316,2.1918521
1228.902,2.1913292
1229.488,2.1908071
1230.074,2.1902852
1230.66,2.1897638
1231.246,2.1892426
1231.832,2.1887219
1232.418,2.1882014
1233.004,2.1876814
1233.59,2.1871619
1234.176,2.1866426
1234.762,2.1861236
1235.348,2.1856053
1235.934,2.185087
1236.52,2.1845694
1237.106,2.1840518
1237.692,2.1835349
1238.278,2.1830182
1238.864,2.1825018
1239.45,2.1819859
1240.036,2.1814704
1240.622,2.1809552
1241.208,2.1804404
1241.794,2.1799259
1242.38,2.1794119
1242.966,2.1788981
1243.552,2.1783848
1244.138,2.1778717
1244.724,2.1773591
1245.31,2.176847
1245.896,2.1763349
1246.482,2.1758235
1247.068,2.1753123
1247.654,2.1748013
1248.24,2.1742909
1248.826,2.1737809
1249.412,2.1732712
1249.998,2.1727617
1250.584,2.1722529
1251.17,2.1717441
1251.756,2.1712358
1252.342,2.170728
1252.928,2.1702204
1253.514,2.1697133
1254.1,2.1692061
1254.686,2.1686993
1255.272,2.1681929
1255.858,2.1676867
1256.444,2.1671808
1257.03,2.1666753
1257.616,2.1661704
1258.202,2.1656656
1258.788,2.1651611
1259.374,2.1646574
1259.96,2.1641536
1260.546,2.1636503
1261.132,2.1631474
1261.718,2.1626449
1262.304,2.1621425
1262.89,2.1616406
1263.476,2.1611392
1264.062,2.1606381
1264.648,2.1601372
1265.234,2.1596367
1265.82,2.1591365
1266.406,2.1586368
1266.992,2.1581376
1267.578,2.1576383
1268.164,2.1571398
1268.75,2.1566412
1269.336,2.1561434
1269.922,2.1556456
1270.508,2.1551483
1271.094,2.1546514
1271.68,2.1541548
1272.266,2.1536586
1272.852,2.1531627
1273.438,2.152667
1274.024,2.1521719
1274.61,2.1516769
1275.196,2.1511824
1275.782,2.1506882
1276.368,2.1501944
1276.954,2.1497009
1277.54,2.1492078
1278.126,2.148715
1278.712,2.1482224
1279.298,2.1477304
1279.884,2.1472385
1280.47,2.1467471
1281.056,2.146256
1281.642,2.1457653
1282.228,2.1452749
1282.814,2.1447847
1283.4,2.144295
1283.986,2.1438055
1284.572,2.1433165
1285.158,2.1428277
1285.744,2.1423395
1286.33,2.1418514
1286.916,2.1413636
1287.502,2.1408763
1288.088,2.1403892
1288.674,2.1399026
1289.26,2.1394162
1289.846,2.1389301
1290.432,2.1384444
1291.018,2.137959
1291.604,2.1374741
1292.19,2.1369894
1292.776,2.1365049
1293.362,2.1360209
1293.948,2.1355371
1294.534,2.1350539
1295.12,2.1345708
1295.706,2.1340883
1296.292,2.1336057
1296.878,2.1331239
1297.464,2.132642
1298.05,2.1321607
1298.636,2.1316795
1299.222,2.1311989
1299.808,2.1307185
1300.394,2.1302385
1300.98,2.1297586
1301.566,2.1292794
1302.152,2.1288002
1302.738,2.1283214
1303.324,2.1278429
1303.91,2.1273649
1304.496,2.1268871
1305.082,2.1264098
1305.668,2.1259325
1306.254,2.1254559
1306.84,2.1249793
1307.426,2.1245031
1308.012,2.1240273
1308.598,2.1235518
1309.184,2.1230767
1309.77,2.1226017
1310.356,2.1221271
1310.942,2.1216531
1311.528,2.1211791
1312.114,2.1207054
1312.7,2.1202321
1313.286,2.1197593
1313.872,2.1192865
1314.458,2.1188142
1315.044,2.1183424
1315.63,2.1178708
1316.216,2.1173992
1316.802,2.1169279
1317.388,2.1164567
1317.974,2.1159861
1318.56,2.1155155
1319.146,2.1150453
1319.732,2.1145756
1320.318,2.1141062
1320.904,2.113637
1321.49,2.113168
1322.076,2.1126995
1322.662,2.1122313
1323.248,2.1117635
1323.834,2.1112957
1324.42,2.1108284
1325.006,2.1103613
1325.592,2.1098948
1326.178,2.1094284
1326.764,2.1089623
1327.35,2.1084967
1327.936,2.1080313
1328.522,2.1075661
1329.108,2.1071012
1329.694,2.1066368
1330.28,2.1061726
1330.866,2.1057086
1331.452,2.1052451
1332.038,2.1047819
1332.624,2.1043189
1333.21,2.1038563
1333.796,2.103394
1334.382,2.102932
1334.968,2.1024704
1335.554,2.1020088
1336.14,2.1015477
1336.726,2.1010871
1337.312,2.1006265
1337.898,2.1001663
1338.484,2.0997064
1339.07,2.099247
1339.656,2.0987875
1340.242,2.0983286
1340.828,2.0978699
1341.414,2.0974116
1342,2.0969534
1342.586,2.0964959
1343.172,2.0960383
1343.758,2.0955813
1344.344,2.0951242
1344.93,2.0946677
1345.516,2.0942116
1346.102,2.0937555
1346.688,2.0932999
1347.274,2.0928445
1347.86,2.0923896
1348.446,2.0919347
1349.032,2.0914803
1349.618,2.0910263
1350.204,2.0905724
1350.79,2.0901186
1351.376,2.0896654
1351.962,2.0892127
1352.548,2.0887599
1353.134,2.0883076
1353.72,2.0878556
1354.306,2.0874038
1354.892,2.0869522
1355.478,2.0865011
1356.064,2.08605
1356.65,2.0855994
1357.236,2.0851493
1357.822,2.0846992
1358.408,2.0842495
1358.994,2.0838001
1359.58,2.0833509
1360.166,2.0829022
1360.752,2.0824535
1361.338,2.0820053
1361.924,2.0815575
1362.51,2.0811098
1363.096,2.0806623
1363.682,2.0802152
1364.268,2.0797684
1364.854,2.0793221
1365.44,2.0788758
1366.026,2.0784297
1366.612,2.0779841
1367.198,2.0775387
1367.784,2.0770938
1368.37,2.076649
1368.956,2.0762045
1369.542,2.0757604
1370.128,2.0753164
1370.714,2.0748727
1371.3,2.0744295
1371.886,2.0739863
1372.472,2.0735435
1373.058,2.073101
1373.644,2.072659
1374.23,2.072217
1374.816,2.0717754
1375.402,2.0713339
1375.988,2.070893
1376.574,2.0704522
1377.16,2.0700119
1377.746,2.0695715
1378.332,2.0691316
1378.918,2.068692
1379.504,2.0682526
1380.09,2.0678134
1380.676,2.0673747
1381.262,2.0669363
1381.848,2.066498
1382.434,2.0660601
1383.02,2.0656223
1383.606,2.0651848
1384.192,2.0647478
1384.778,2.064311
1385.364,2.0638745
1385.95,2.0634382
1386.536,2.0630021
1387.122,2.0625665
1387.708,2.0621309
1388.294,2.0616958
1388.88,2.0612609
1389.466,2.0608263
1390.052,2.0603919
1390.638,2.0599577
1391.224,2.0595241
1391.81,2.0590906
1392.396,2.0586574
1392.982,2.0582244
1393.568,2.0577917
1394.154,2.0573592
1394.74,2.0569272
1395.326,2.0564954
1395.912,2.0560637
1396.498,2.0556324
1397.084,2.0552013
1397.67,2.0547705
1398.256,2.0543396
1398.842,2.0539093
1399.428,2.053479
1400.014,2.0530488
1400.6,2.0526192
1401.186,2.0521898
1401.772,2.0517607
1402.358,2.0513318
1402.944,2.0509033
1403.53,2.0504749
1404.116,2.0500469
1404.702,2.0496192
1405.288,2.0491915
1405.874,2.0487642
1406.46,2.0483372
1407.046,2.0479107
1407.632,2.0474842
1408.218,2.0470579
1408.804,2.0466321
1409.39,2.0462065
1409.976,2.0457811
1410.562,2.045356
1411.148,2.0449312
1411.734,2.0445065
1412.32,2.0440822
1412.906,2.0436583
1413.492,2.0432343
1414.078,2.0428109
1414.664,2.0423877
1415.25,2.0419645
1415.836,2.0415418
1416.422,2.0411196
1417.008,2.0406973
1417.594,2.0402753
1418.18,2.0398536
1418.766,2.0394323
1419.352,2.039011
1419.938,2.0385902
1420.524,2.0381696
1421.11,2.0377493
1421.696,2.0373292
1422.282,2.0369093
1422.868,2.0364897
1423.454,2.0360703
1424.04,2.0356514
1424.626,2.0352325
1425.212,2.0348141
1425.798,2.0343957
1426.384,2.0339777
1426.97,2.03356
1427.556,2.0331426
1428.142,2.0327253
1428.728,2.0323083
1429.314,2.0318916
1429.9,2.0314751
1430.486,2.0310588
1431.072,2.030643
1431.658,2.0302272
1432.244,2.0298119
1432.83,2.0293965
1433.416,2.0289817
1434.002,2.0285671
1434.588,2.0281527
1435.174,2.0277386
1435.76,2.0273244
1436.346,2.0269108
1436.932,2.0264976
1437.518,2.0260844
1438.104,2.0256715
1438.69,2.0252588
1439.276,2.0248466
1439.862,2.0244343
1440.448,2.0240223
1441.034,2.0236108
1441.62,2.0231996
1442.206,2.0227883
1442.792,2.0223775
1443.378,2.0219669
1443.964,2.0215564
1444.55,2.0211463
1445.136,2.0207365
1445.722,2.0203269
1446.308,2.0199175
1446.894,2.0195084
1447.48,2.0190997
1448.066,2.0186911
1448.652,2.0182827
1449.238,2.0178745
1449.824,2.0174665
1450.41,2.0170591
1450.996,2.0166516
1451.582,2.0162444
1452.168,2.0158377
1452.754,2.0154309
1453.34,2.0150247
1453.926,2.0146186
1454.512,2.0142126
1455.098,2.0138071
1455.684,2.0134015
1456.27,2.0129964
1456.856,2.0125916
1457.442,2.0121868
1458.028,2.0117824
1458.614,2.0113783
1459.2,2.0109744
1459.786,2.0105708
1460.372,2.0101674
1460.958,2.0097642
1461.544,2.009361
1462.13,2.0089583
1462.716,2.0085559
1463.302,2.0081537
1463.888,2.0077517
1464.474,2.00735
1465.06,2.0069485
1465.646,2.0065472
1466.232,2.0061462
1466.818,2.0057454
1467.404,2.0053451
1467.99,2.0049448
1468.576,2.0045447
1469.162,2.0041449
1469.748,2.0037453
1470.334,2.003346
1470.92,2.0029469
1471.506,2.002548
1472.092,2.0021493
1472.678,2.0017512
1473.264,2.001353
1473.85,2.0009551
1474.436,2.0005574
1475.022,2.00016
1475.608,1.9997628
1476.194,1.9993658
1476.78,1.9989691
1477.366,1.9985727
1477.952,1.9981765
1478.538,1.9977804
1479.124,1.9973847
1479.71,1.9969891
1480.296,1.9965938
1480.882,1.9961989
1481.468,1.995804
1482.054,1.9954094
1482.64,1.995015
1483.226,1.9946209
1483.812,1.9942271
1484.398,1.9938335
1484.984,1.99344
1485.57,1.9930469
1486.156,1.992654
1486.742,1.9922613
1487.328,1.9918687
1487.914,1.9914764
1488.5,1.9910846
1489.086,1.9906927
1489.672,1.9903011
1490.258,1.9899099
1490.844,1.9895188
1491.43,1.9891279
1492.016,1.9887372
1492.602,1.9883468
1493.188,1.9879568
1493.774,1.9875668
1494.36,1.9871771
1494.946,1.9867876
1495.532,1.9863983
1496.118,1.9860094
1496.704,1.9856206
1497.29,1.985232
1497.876,1.9848437
1498.462,1.9844557
1499.048,1.9840678
1499.634,1.9836801
1500.22,1.9832927
1500.806,1.9829055
1501.392,1.9825186
1501.978,1.9821318
1502.564,1.9817454
1503.15,1.981359
1503.736,1.980973
1504.322,1.9805872
1504.908,1.9802016
1505.494,1.9798162
1506.08,1.9794312
1506.666,1.9790461
1507.252,1.9786615
1507.838,1.978277
1508.424,1.9778928
1509.01,1.9775088
1509.596,1.9771249
1510.182,1.9767413
1510.768,1.9763581
1511.354,1.9759749
1511.94,1.975592
1512.526,1.9752094
1513.112,1.9748268
1513.698,1.9744445
1514.284,1.9740626
1514.87,1.9736807
1515.456,1.9732993
1516.042,1.9729179
1516.628,1.9725367
1517.214,1.9721558
1517.8,1.9717752
1518.386,1.9713947
1518.972,1.9710145
1519.558,1.9706345
1520.144,1.9702545
1520.73,1.969875
1521.316,1.9694955
1521.902,1.9691162
1522.488,1.9687371
1523.074,1.9683583
1523.66,1.9679797
1524.246,1.9676012
1524.832,1.9672229
1525.418,1.9668449
1526.004,1.9664673
1526.59,1.9660896
1527.176,1.9657123
1527.762,1.9653352
1528.348,1.9649583
1528.934,1.9645816
1529.52,1.9642051
1530.106,1.9638289
1530.692,1.9634528
1531.278,1.9630771
1531.864,1.9627014
1532.45,1.962326
1533.036,1.9619509
1533.622,1.9615759
1534.208,1.9612012
1534.794,1.9608266
1535.38,1.9604523
1535.966,1.9600782
1536.552,1.9597044
1537.138,1.9593307
1537.724,1.9589573
1538.31,1.958584
1538.896,1.9582111
1539.482,1.9578382
1540.068,1.9574656
1540.654,1.9570932
1541.24,1.9567211
1541.826,1.9563491
1542.412,1.9559773
1542.998,1.9556059
1543.584,1.9552345
1544.17,1.9548634
1544.756,1.9544924
1545.342,1.9541218
1545.928,1.9537513
1546.514,1.9533811
1547.1,1.953011
1547.686,1.9526412
1548.272,1.9522716
1548.858,1.9519022
1549.444,1.951533
1550.03,1.9511639
1550.616,1.9507952
1551.202,1.9504266
1551.788,1.9500582
1552.374,1.9496901
1552.96,1.9493221
1553.546,1.9489543
1554.132,1.9485868
1554.718,1.9482195
1555.304,1.9478524
1555.89,1.9474854
1556.476,1.9471188
1557.062,1.9467523
1557.648,1.946386
1558.234,1.9460199
1558.82,1.945654
1559.406,1.9452884
1559.992,1.9449229
1560.578,1.9445577
1561.164,1.9441926
1561.75,1.9438277
1562.336,1.9434632
1562.922,1.9430987
1563.508,1.9427345
1564.094,1.9423704
1564.68,1.9420067
1565.266,1.9416431
1565.852,1.9412796
1566.438,1.9409164
1567.024,1.9405534
1567.61,1.9401907
1568.196,1.939828
1568.782,1.9394656
1569.368,1.9391035
1569.954,1.9387416
1570.54,1.9383798
1571.126,1.9380182
1571.712,1.9376568
1572.298,1.9372957
1572.884,1.9369347
1573.47,1.9365739
1574.056,1.9362134
1574.642,1.935853
1575.228,1.9354929
1575.814,1.9351329
1576.4,1.9347731
1576.986,1.9344136
1577.572,1.9340543
1578.158,1.9336951
1578.744,1.9333361
1579.33,1.9329773
1579.916,1.9326189
1580.502,1.9322605
1581.088,1.9319023
1581.674,1.9315443
1582.26,1.9311866
1582.846,1.930829
1583.432,1.9304717
1584.018,1.9301145
1584.604,1.9297576
1585.19,1.9294008
1585.776,1.9290442
1586.362,1.9286879
1586.948,1.9283317
1587.534,1.9279758
1588.12,1.9276199
1588.706,1.9272645
1589.292,1.9269091
1589.878,1.9265538
1590.464,1.9261988
1591.05,1.9258441
1591.636,1.9254895
1592.222,1.9251351
1592.808,1.9247808
1593.394,1.9244269
1593.98,1.9240731
1594.566,1.9237195
1595.152,1.9233661
1595.738,1.9230129
1596.324,1.9226598
1596.91,1.922307
1597.496,1.9219543
1598.082,1.9216019
1598.668,1.9212496
1599.254,1.9208976
1599.84,1.9205457
1600.426,1.920194
1601.012,1.9198426
1601.598,1.9194913
1602.184,1.9191402
1602.77,1.9187893
1603.356,1.9184386
1603.942,1.9180881
1604.528,1.9177377
1605.114,1.9173876
1605.7,1.9170377
1606.286,1.916688
1606.872,1.9163384
1607.458,1.915989
1608.044,1.9156399
1608.63,1.915291
1609.216,1.9149421
1609.802,1.9145936
1610.388,1.9142451
1610.974,1.9138969
1611.56,1.9135488
1612.146,1.9132011
1612.732,1.9128534
1613.318,1.912506
1613.904,1.9121586
1614.49,1.9118116
1615.076,1.9114647
1615.662,1.911118
1616.248,1.9107715
1616.834,1.9104252
1617.42,1.910079
1618.006,1.9097332
1618.592,1.9093874
1619.178,1.9090418
1619.764,1.9086964
1620.35,1.9083512
1620.936,1.9080062
1621.522,1.9076614
1622.108,1.9073168
1622.694,1.9069723
1623.28,1.906628
1623.866,1.906284
1624.452,1.9059401
1625.038,1.9055964
1625.624,1.9052529
1626.21,1.9049095
1626.796,1.9045664
1627.382,1.9042234
1627.968,1.9038807
1628.554,1.9035381
1629.14,1.9031957
1629.726,1.9028535
1630.312,1.9025115
1630.898,1.9021696
1631.484,1.9018279
1632.07,1.9014865
1632.656,1.9011452
1633.242,1.900804
1633.828,1.9004632
1634.414,1.9001224
1635,1.8997818
1635.586,1.8994415
1636.172,1.8991013
1636.758,1.8987613
1637.344,1.8984214
1637.93,1.8980818
1638.516,1.8977424
1639.102,1.8974031
1639.688,1.897064
1640.274,1.8967251
1640.86,1.8963863
1641.446,1.8960477
1642.032,1.8957094
1642.618,1.8953712
1643.204,1.8950332
1643.79,1.8946954
1644.376,1.8943577
1644.962,1.8940202
1645.548,1.893683
1646.134,1.8933458
1646.72,1.8930089
1647.306,1.8926722
1647.892,1.8923357
1648.478,1.8919992
1649.064,1.8916631
1649.65,1.891327
1650.236,1.8909912
1650.822,1.8906555
1651.408,1.8903201
1651.994,1.8899847
1652.58,1.8896495
1653.166,1.8893147
1653.752,1.8889798
1654.338,1.8886452
1654.924,1.8883108
1655.51,1.8879765
1656.096,1.8876425
1656.682,1.8873086
1657.268,1.8869749
1657.854,1.8866414
1658.44,1.886308
1659.026,1.8859749
1659.612,1.8856418
1660.198,1.885309
1660.784,1.8849764
1661.37,1.8846438
1661.956,1.8843116
1662.542,1.8839794
1663.128,1.8836476
1663.714,1.8833157
1664.3,1.8829842
1664.886,1.8826528
1665.472,1.8823215
1666.058,1.8819903
1666.644,1.8816595
1667.23,1.8813288
1667.816,1.8809983
1668.402,1.8806678
1668.988,1.8803376
1669.574,1.8800076
1670.16,1.8796778
1670.746,1.879348
1671.332,1.8790185
1671.918,1.8786893
1672.504,1.87836
1673.09,1.8780311
1673.676,1.8777024
1674.262,1.8773737
1674.848,1.8770452
1675.434,1.8767169
1676.02,1.8763888
1676.606,1.8760608
1677.192,1.875733
1677.778,1.8754054
1678.364,1.875078
1678.95,1.8747507
1679.536,1.8744236
1680.122,1.8740968
1680.708,1.87377
1681.294,1.8734434
1681.88,1.873117
1682.466,1.8727907
1683.052,1.8724647
1683.638,1.8721387
1684.224,1.8718131
1684.81,1.8714875
1685.396,1.8711621
1685.982,1.8708369
1686.568,1.8705119
1687.154,1.8701869
1687.74,1.8698622
1688.326,1.8695377
1688.912,1.8692133
1689.498,1.8688891
1690.084,1.8685651
1690.67,1.8682412
1691.256,1.8679175
1691.842,1.867594
1692.428,1.8672706
1693.014,1.8669474
1693.6,1.8666245
1694.186,1.8663015
1694.772,1.8659788
1695.358,1.8656564
1695.944,1.865334
1696.53,1.8650118
1697.116,1.8646898
1697.702,1.864368
1698.288,1.8640462
1698.874,1.8637247
1699.46,1.8634034
1700.046,1.8630822
1700.632,1.8627611
1701.218,1.8624403
1701.804,1.8621197
1702.39,1.8617991
1702.976,1.8614787
1703.562,1.8611585
1704.148,1.8608385
1704.734,1.8605186
1705.32,1.860199
1705.906,1.8598794
1706.492,1.85956
1707.078,1.8592409
1707.664,1.8589218
1708.25,1.8586029
1708.836,1.8582842
1709.422,1.8579657
1710.008,1.8576473
1710.594,1.857329
1711.18,1.857011
1711.766,1.856693
1712.352,1.8563753
1712.938,1.8560578
1713.524,1.8557403
1714.11,1.8554231
1714.696,1.855106
1715.282,1.8547891
1715.868,1.8544724
1716.454,1.8541558
1717.04,1.8538394
1717.626,1.853523
1718.212,1.853207
1718.798,1.852891
1719.384,1.8525752
1719.97,1.8522596
1720.556,1.8519442
1721.142,1.8516289
1721.728,1.8513137
1722.314,1.8509988
1722.9,1.8506839
1723.486,1.8503692
1724.072,1.8500547
1724.658,1.8497404
1725.244,1.8494263
1725.83,1.8491123
1726.416,1.8487984
1727.002,1.8484846
1727.588,1.8481711
1728.174,1.8478577
1728.76,1.8475446
1729.346,1.8472315
1729.932,1.8469186
1730.518,1.8466059
1731.104,1.8462932
1731.69,1.8459808
1732.276,1.8456686
1732.862,1.8453565
1733.448,1.8450445
1734.034,1.8447328
1734.62,1.844421
1735.206,1.8441095
1735.792,1.8437983
1736.378,1.8434871
1736.964,1.8431761
1737.55,1.8428652
1738.136,1.8425546
1738.722,1.842244
1739.308,1.8419336
1739.894,1.8416234
1740.48,1.8413134
1741.066,1.8410035
1741.652,1.8406937
1742.238,1.8403841
1742.824,1.8400747
1743.41,1.8397654
1743.996,1.8394563
1744.582,1.8391473
1745.168,1.8388386
1745.754,1.8385298
1746.34,1.8382214
1746.926,1.837913
1747.512,1.8376048
1748.098,1.8372968
1748.684,1.8369889
1749.27,1.8366811
1749.856,1.8363736
1750.442,1.8360662
1751.028,1.8357589
1751.614,1.8354518
1752.2,1.8351449
1752.786,1.834838
1753.372,1.8345314
1753.958,1.8342249
1754.544,1.8339186
1755.13,1.8336124
1755.716,1.8333063
1756.302,1.8330005
1756.888,1.8326948
1757.474,1.8323892
1758.06,1.8320838
1758.646,1.8317785
1759.232,1.8314734
1759.818,1.8311684
1760.404,1.8308636
1760.99,1.8305589
1761.576,1.8302544
1762.162,1.8299501
1762.748,1.8296459
1763.334,1.8293418
1763.92,1.8290379
1764.506,1.8287342
1765.092,1.8284305
1765.678,1.8281271
1766.264,1.8278238
1766.85,1.8275206
1767.436,1.8272177
1768.022,1.8269148
1768.608,1.8266121
1769.194,1.8263096
1769.78,1.8260071
1770.366,1.8257049
1770.952,1.8254029
1771.538,1.8251009
1772.124,1.8247992
1772.71,1.8244975
1773.296,1.824196
1773.882,1.8238946
1774.468,1.8235935
1775.054,1.8232924
1775.64,1.8229915
1776.226,1.8226907
1776.812,1.8223902
1777.398,1.8220897
1777.984,1.8217894
1778.57,1.8214892
1779.156,1.8211893
1779.742,1.8208894
1780.328,1.8205897
1780.914,1.8202901
1781.5,1.8199906
1782.086,1.8196914
1782.672,1.8193923
1783.258,1.8190933
1783.844,1.8187945
1784.43,1.8184959
1785.016,1.8181973
1785.602,1.8178989
1786.188,1.8176006
1786.774,1.8173026
1787.36,1.8170046
1787.946,1.8167068
1788.532,1.8164092
1789.118,1.8161117
1789.704,1.8158144
1790.29,1.8155171
1790.876,1.81522
1791.462,1.814923
1792.048,1.8146263
1792.634,1.8143297
1793.22,1.8140333
1793.806,1.8137369
1794.392,1.8134407
1794.978,1.8131446
1795.564,1.8128487
1796.15,1.8125529
1796.736,1.8122573
1797.322,1.8119619
1797.908,1.8116666
1798.494,1.8113713
1799.08,1.8110763
1799.666,1.8107815
1800.252,1.8104867
1800.838,1.8101921
1801.424,1.8098977
1802.01,1.8096033
1802.596,1.8093091
1803.182,1.809015
1803.768,1.8087212
1804.354,1.8084275
1804.94,1.8081338
1805.526,1.8078403
1806.112,1.8075471
1806.698,1.807254
1807.284,1.8069608
1807.87,1.8066679
1808.456,1.8063753
1809.042,1.8060826
1809.628,1.8057902
1810.214,1.8054979
1810.8,1.8052056
1811.386,1.8049136
1811.972,1.8046217
1812.558,1.80433
1813.144,1.8040384
1813.73,1.8037468
1814.316,1.8034556
1814.902,1.8031644
1815.488,1.8028734
1816.074,1.8025824
1816.66,1.8022916
1817.246,1.802001
1817.832,1.8017105
1818.418,1.8014202
1819.004,1.8011299
1819.59,1.8008399
1820.176,1.80055
1820.762,1.8002602
1821.348,1.7999705
1821.934,1.7996811
1822.52,1.7993916
1823.106,1.7991024
1823.692,1.7988133
1824.278,1.7985244
1824.864,1.7982357
1825.45,1.7979469
1826.036,1.7976584
1826.622,1.79737
1827.208,1.7970817
1827.794,1.7967937
1828.38,1.7965057
1828.966,1.7962178
1829.552,1.7959301
1830.138,1.7956425
1830.724,1.7953551
1831.31,1.7950679
1831.896,1.7947807
1832.482,1.7944937
1833.068,1.7942067
1833.654,1.79392
1834.24,1.7936335
1834.826,1.793347
1835.412,1.7930607
1835.998,1.7927746
1836.584,1.7924885
1837.17,1.7922026
1837.756,1.7919167
1838.342,1.7916311
1838.928,1.7913456
1839.514,1.7910602
1840.1,1.7907751
1840.686,1.7904899
1841.272,1.790205
1841.858,1.7899202
1842.444,1.7896354
1843.03,1.7893509
1843.616,1.7890666
1844.202,1.7887822
1844.788,1.788498
1845.374,1.7882141
1845.96,1.7879301
1846.546,1.7876464
1847.132,1.7873628
1847.718,1.7870795
1848.304,1.7867961
1848.89,1.7865129
1849.476,1.7862297
1850.062,1.7859468
1850.648,1.7856641
1851.234,1.7853814
1851.82,1.7850989
1852.406,1.7848165
1852.992,1.7845342
1853.578,1.7842522
1854.164,1.7839701
1854.75,1.7836883
1855.336,1.7834065
1855.922,1.7831249
1856.508,1.7828435
1857.094,1.7825621
1857.68,1.7822809
1858.266,1.7819999
1858.852,1.781719
1859.438,1.7814382
1860.024,1.7811575
1860.61,1.780877
1861.196,1.7805966
1861.782,1.7803164
1862.368,1.7800362
1862.954,1.7797562
1863.54,1.7794764
1864.126,1.7791966
1864.712,1.778917
1865.298,1.7786375
1865.884,1.7783582
1866.47,1.7780789
1867.056,1.7777998
1867.642,1.777521
1868.228,1.7772421
1868.814,1.7769635
1869.4,1.7766849
1869.986,1.7764065
1870.572,1.7761282
1871.158,1.7758501
1871.744,1.7755719
1872.33,1.7752941
1872.916,1.7750163
1873.502,1.7747387
1874.088,1.7744612
1874.674,1.7741838
1875.26,1.7739066
1875.846,1.7736294
1876.432,1.7733525
1877.018,1.7730756
1877.604,1.7727989
1878.19,1.7725223
1878.776,1.7722458
1879.362,1.7719694
1879.948,1.7716932
1880.534,1.7714171
1881.12,1.7711412
1881.706,1.7708654
1882.292,1.7705897
1882.878,1.7703141
1883.464,1.7700387
1884.05,1.7697634
1884.636,1.7694882
1885.222,1.7692132
1885.808,1.7689382
1886.394,1.7686634
1886.98,1.7683887
1887.566,1.7681142
1888.152,1.7678398
1888.738,1.7675655
1889.324,1.7672913
1889.91,1.7670174
1890.496,1.7667434
1891.082,1.7664697
1891.668,1.766196
1892.254,1.7659225
1892.84,1.7656491
1893.426,1.7653757
1894.012,1.7651027
1894.598,1.7648296
1895.184,1.7645568
1895.77,1.764284
1896.356,1.7640114
1896.942,1.7637389
1897.528,1.7634665
1898.114,1.7631942
1898.7,1.762922
1899.286,1.7626501
1899.872,1.7623782
1900.458,1.7621064
1901.044,1.7618349
1901.63,1.7615633
1902.216,1.761292
1902.802,1.7610208
1903.388,1.7607496
1903.974,1.7604786
1904.56,1.7602078
1905.146,1.7599369
1905.732,1.7596663
1906.318,1.7593958
1906.904,1.7591255
1907.49,1.7588552
1908.076,1.7585851
1908.662,1.7583151
1909.248,1.7580452
1909.834,1.7577754
1910.42,1.7575059
1911.006,1.7572364
1911.592,1.7569669
1912.178,1.7566977
1912.764,1.7564286
1913.35,1.7561595
1913.936,1.7558907
1914.522,1.7556219
1915.108,1.7553533
1915.694,1.7550848
1916.28,1.7548164
1916.866,1.7545481
1917.452,1.75428
1918.038,1.7540119
1918.624,1.753744
1919.21,1.7534763
1919.796,1.7532086
1920.382,1.752941
1920.968,1.7526736
1921.554,1.7524064
1922.14,1.7521392
1922.726,1.7518722
1923.312,1.7516053
1923.898,1.7513384
1924.484,1.7510718
1925.07,1.7508051
1925.656,1.7505387
1926.242,1.7502724
1926.828,1.7500062
1927.414,1.7497401
1928,1.7494742
1928.586,1.7492083
1929.172,1.7489426
1929.758,1.7486771
1930.344,1.7484117
1930.93,1.7481463
1931.516,1.7478811
1932.102,1.7476159
1932.688,1.7473509
1933.274,1.7470862
1933.86,1.7468214
1934.446,1.7465568
1935.032,1.7462922
1935.618,1.7460279
1936.204,1.7457637
1936.79,1.7454995
1937.376,1.7452354
1937.962,1.7449715
1938.548,1.7447078
1939.134,1.7444441
1939.72,1.7441806
1940.306,1.7439171
1940.892,1.7436539
1941.478,1.7433907
1942.064,1.7431276
1942.65,1.7428647
1943.236,1.7426019
1943.822,1.7423391
1944.408,1.7420765
1944.994,1.741814
1945.58,1.7415518
1946.166,1.7412895
1946.752,1.7410274
1947.338,1.7407653
1947.924,1.7405035
1948.51,1.7402418
1949.096,1.7399801
1949.682,1.7397186
1950.268,1.7394571
1950.854,1.7391958
1951.44,1.7389346
1952.026,1.7386736
1952.612,1.7384127
1953.198,1.7381519
1953.784,1.7378912
1954.37,1.7376306
1954.956,1.7373701
1955.542,1.7371098
1956.128,1.7368495
1956.714,1.7365894
1957.3,1.7363294
1957.886,1.7360696
1958.472,1.7358098
1959.058,1.7355502
1959.644,1.7352906
1960.23,1.7350312
1960.816,1.7347718
1961.402,1.7345127
1961.988,1.7342536
1962.574,1.7339947
1963.16,1.7337359
1963.746,1.7334771
1964.332,1.7332186
1964.918,1.7329601
1965.504,1.7327018
1966.09,1.7324435
1966.676,1.7321854
1967.262,1.7319273
1967.848,1.7316694
1968.434,1.7314116
1969.02,1.7311538
1969.606,1.7308964
1970.192,1.7306389
1970.778,1.7303816
1971.364,1.7301244
1971.95,1.7298672
1972.536,1.7296102
1973.122,1.7293534
1973.708,1.7290967
1974.294,1.72884
1974.88,1.7285835
1975.466,1.728327
1976.052,1.7280707
1976.638,1.7278146
1977.224,1.7275585
1977.81,1.7273024
1978.396,1.7270466
1978.982,1.7267909
1979.568,1.7265353
1980.154,1.7262799
1980.74,1.7260244
1981.326,1.7257692
1981.912,1.7255139
1982.498,1.7252589
1983.084,1.725004
1983.67,1.7247491
1984.256,1.7244943
1984.842,1.7242398
1985.428,1.7239853
1986.014,1.7237309
1986.6,1.7234766
1987.186,1.7232225
1987.772,1.7229685
1988.358,1.7227145
1988.944,1.7224607
1989.53,1.7222071
1990.116,1.7219535
1990.702,1.7217
1991.288,1.7214466
1991.874,1.7211934
1992.46,1.7209402
1993.046,1.7206872
1993.632,1.7204343
1994.218,1.7201815
1994.804,1.7199287
1995.39,1.7196763
1995.976,1.7194238
1996.562,1.7191713
1997.148,1.718919
1997.734,1.7186669
1998.32,1.7184149
1998.906,1.718163
1999.492,1.7179112
2000.078,1.7176595
2000.664,1.7174079
2001.25,1.7171565
2001.836,1.7169051
2002.422,1.7166538
2003.008,1.7164026
2003.594,1.7161517
2004.18,1.7159008
2004.766,1.71565
2005.352,1.7153993
2005.938,1.7151487
2006.524,1.7148982
2007.11,1.7146478
2007.696,1.7143975
2008.282,1.7141473
2008.868,1.7138973
2009.454,1.7136474
2010.04,1.7133976
2010.626,1.7131479
2011.212,1.7128983
2011.798,1.7126487
2012.384,1.7123994
2012.97,1.7121501
2013.556,1.7119009
2014.142,1.7116518
2014.728,1.7114029
2015.314,1.7111541
2015.9,1.7109053
2016.486,1.7106568
2017.072,1.7104082
2017.658,1.7101598
2018.244,1.7099115
2018.83,1.7096633
2019.416,1.7094152
2020.002,1.7091672
2020.588,1.7089194
2021.174,1.7086716
2021.76,1.708424
2022.346,1.7081764
2022.932,1.707929
2023.518,1.7076817
2024.104,1.7074344
2024.69,1.7071873
2025.276,1.7069403
2025.862,1.7066934
2026.448,1.7064466
2027.034,1.7061999
2027.62,1.7059534
2028.206,1.7057068
2028.792,1.7054604
2029.378,1.7052143
2029.964,1.7049681
2030.55,1.704722
2031.136,1.7044761
2031.722,1.7042303
2032.308,1.7039846
2032.894,1.7037389
2033.48,1.7034934
2034.066,1.703248
2034.652,1.7030027
2035.238,1.7027575
2035.824,1.7025124
2036.41,1.7022674
2036.996,1.7020226
2037.582,1.7017778
2038.168,1.7015331
2038.754,1.7012886
2039.34,1.7010441
2039.926,1.7007998
2040.512,1.7005556
2041.098,1.7003114
2041.684,1.7000674
2042.27,1.6998234
2042.856,1.6995796
2043.442,1.6993359
2044.028,1.6990923
2044.614,1.6988488
2045.2,1.6986054
2045.786,1.6983621
2046.372,1.6981189
2046.958,1.6978759
2047.544,1.6976328
2048.13,1.69739
2048.716,1.6971471
2049.302,1.6969045
2049.888,1.6966619
2050.474,1.6964195
2051.06,1.6961771
2051.646,1.6959349
2052.232,1.6956928
2052.818,1.6954507
2053.404,1.6952087
2053.99,1.6949669
2054.576,1.6947252
2055.162,1.6944835
2055.748,1.694242
2056.334,1.6940006
2056.92,1.6937592
2057.506,1.693518
2058.092,1.6932769
2058.678,1.693036
2059.264,1.692795
2059.85,1.6925542
2060.436,1.6923136
2061.022,1.6920729
2061.608,1.6918324
2062.194,1.691592
2062.78,1.6913517
2063.366,1.6911116
2063.952,1.6908715
2064.538,1.6906315
2065.124,1.6903915
2065.71,1.6901518
2066.296,1.6899121
2066.882,1.6896726
2067.468,1.6894331
2068.054,1.6891937
2068.64,1.6889545
2069.226,1.6887152
2069.812,1.6884762
2070.398,1.6882373
2070.984,1.6879984
2071.57,1.6877596
2072.156,1.687521
2072.742,1.6872824
2073.328,1.6870439
2073.914,1.6868056
2074.5,1.6865673
2075.086,1.6863292
2075.672,1.6860912
2076.258,1.6858531
2076.844,1.6856153
2077.43,1.6853776
2078.016,1.6851399
2078.602,1.6849023
2079.188,1.684665
2079.774,1.6844276
2080.36,1.6841903
2080.946,1.6839532
2081.532,1.6837162
2082.118,1.6834792
2082.704,1.6832424
2083.29,1.6830056
2083.876,1.6827689
2084.462,1.6825324
2085.048,1.682296
2085.634,1.6820596
2086.22,1.6818234
2086.806,1.6815872
2087.392,1.6813512
2087.978,1.6811153
2088.564,1.6808795
2089.15,1.6806437
2089.736,1.680408
2090.322,1.6801724
2090.908,1.679937
2091.494,1.6797017
2092.08,1.6794664
2092.666,1.6792313
2093.252,1.6789962
2093.838,1.6787612
2094.424,1.6785264
2095.01,1.6782917
2095.596,1.678057
2096.182,1.6778224
2096.768,1.677588
2097.354,1.6773536
2097.94,1.6771194
2098.526,1.6768852
2099.112,1.6766511
2099.698,1.6764171
2100.284,1.6761832
2100.87,1.6759495
2101.456,1.6757158
2102.042,1.6754823
2102.628,1.6752487
2103.214,1.6750153
2103.8,1.674782
2104.386,1.6745489
2104.972,1.6743158
2105.558,1.6740829
2106.144,1.6738499
2106.73,1.6736171
2107.316,1.6733844
2107.902,1.6731519
2108.488,1.6729194
2109.074,1.6726869
2109.66,1.6724546
2110.246,1.6722224
2110.832,1.6719903
2111.418,1.6717583
2112.004,1.6715263
2112.59,1.6712946
2113.176,1.6710628
2113.762,1.6708312
2114.348,1.6705997
2114.934,1.6703682
2115.52,1.6701368
2116.106,1.6699057
2116.692,1.6696745
2117.278,1.6694434
2117.864,1.6692125
2118.45,1.6689816
2119.036,1.6687508
2119.622,1.6685201
2120.208,1.6682895
2120.794,1.6680591
2121.38,1.6678287
2121.966,1.6675985
2122.552,1.6673683
2123.138,1.6671381
2123.724,1.6669081
2124.31,1.6666783
2124.896,1.6664485
2125.482,1.6662188
2126.068,1.6659892
2126.654,1.6657597
2127.24,1.6655302
2127.826,1.6653008
2128.412,1.6650716
2128.998,1.6648425
2129.584,1.6646134
2130.17,1.6643845
2130.756,1.6641556
2131.342,1.6639268
2131.928,1.6636981
2132.514,1.6634696
2133.1,1.6632411
2133.686,1.6630127
2134.272,1.6627845
2134.858,1.6625562
2135.444,1.6623281
2136.03,1.6621001
2136.616,1.6618721
2137.202,1.6616443
2137.788,1.6614166
2138.374,1.6611891
2138.96,1.6609615
2139.546,1.6607341
2140.132,1.6605067
2140.718,1.6602794
2141.304,1.6600523
2141.89,1.6598252
2142.476,1.6595982
2143.062,1.6593714
2143.648,1.6591445
2144.234,1.6589179
2144.82,1.6586912
2145.406,1.6584647
2145.992,1.6582383
2146.578,1.658012
2147.164,1.6577858
2147.75,1.6575596
2148.336,1.6573336
2148.922,1.6571076
2149.508,1.6568818
2150.094,1.656656
2150.68,1.6564302
2151.266,1.6562047
2151.852,1.6559793
2152.438,1.6557539
2153.024,1.6555285
2153.61,1.6553034
2154.196,1.6550782
2154.782,1.6548532
2155.368,1.6546283
2155.954,1.6544034
2156.54,1.6541786
2157.126,1.6539539
2157.712,1.6537293
2158.298,1.653505
2158.884,1.6532806
2159.47,1.6530563
2160.056,1.652832
2160.642,1.6526079
2161.228,1.6523839
2161.814,1.65216
2162.4,1.6519362
2162.986,1.6517124
2163.572,1.6514888
2164.158,1.6512651
2164.744,1.6510417
2165.33,1.6508183
2165.916,1.6505951
2166.502,1.6503719
2167.088,1.6501487
2167.674,1.6499257
2168.26,1.6497028
2168.846,1.6494799
2169.432,1.6492572
2170.018,1.6490346
2170.604,1.6488119
2171.19,1.6485895
2171.776,1.6483672
2172.362,1.6481448
2172.948,1.6479226
2173.534,1.6477005
2174.12,1.6474785
2174.706,1.6472566
2175.292,1.6470348
2175.878,1.646813
2176.464,1.6465913
2177.05,1.6463697
2177.636,1.6461482
2178.222,1.6459268
2178.808,1.6457056
2179.394,1.6454842
2179.98,1.645263
2180.566,1.6450418
2181.152,1.6448207
2181.738,1.6445998
2182.324,1.6443789
2182.91,1.644158
2183.496,1.6439373
2184.082,1.6437167
2184.668,1.6434963
2185.254,1.6432759
2185.84,1.6430554
2186.426,1.6428351
2187.012,1.642615
2187.598,1.6423949
2188.184,1.642175
2188.77,1.641955
2189.356,1.6417352
2189.942,1.6415155
2190.528,1.6412959
2191.114,1.6410763
2191.7,1.6408569
2192.286,1.6406374
2192.872,1.6404182
2193.458,1.6401989
2194.044,1.6399798
2194.63,1.6397609
2195.216,1.6395419
2195.802,1.639323
2196.388,1.6391042
2196.974,1.6388856
2197.56,1.638667
2198.146,1.6384485
2198.732,1.6382301
2199.318,1.6380118
2199.904,1.6377935
2200.49,1.6375754
2201.076,1.6373574
2201.662,1.6371393
2202.248,1.6369214
2202.834,1.6367036
2203.42,1.6364859
2204.006,1.6362684
2204.592,1.6360508
2205.178,1.6358333
2205.764,1.6356159
2206.35,1.6353987
2206.936,1.6351814
2207.522,1.6349643
2208.108,1.6347474
2208.694,1.6345304
2209.28,1.6343136
2209.866,1.6340969
2210.452,1.6338801
2211.038,1.6336635
2211.624,1.6334471
2212.21,1.6332307
2212.796,1.6330143
2213.382,1.6327981
2213.968,1.6325819
2214.554,1.6323659
2215.14,1.6321499
2215.726,1.6319339
2216.312,1.6317182
2216.898,1.6315025
2217.484,1.6312869
2218.07,1.6310712
2218.656,1.6308558
2219.242,1.6306404
2219.828,1.6304251
2220.414,1.6302098
2221,1.6299948
2221.586,1.6297797
2222.172,1.6295648
2222.758,1.6293498
2223.344,1.6291351
2223.93,1.6289204
2224.516,1.6287057
2225.102,1.6284913
2225.688,1.6282768
2226.274,1.6280625
2226.86,1.6278481
2227.446,1.627634
2228.032,1.6274198
2228.618,1.6272058
2229.204,1.6269919
2229.79,1.626778
2230.376,1.6265643
2230.962,1.6263506
2231.548,1.626137
2232.134,1.6259235
2232.72,1.62571
2233.306,1.6254966
2233.892,1.6252835
2234.478,1.6250702
2235.064,1.6248572
2235.65,1.6246442
2236.236,1.6244313
2236.822,1.6242183
2237.408,1.6240057
2237.994,1.623793
2238.58,1.6235803
2239.166,1.6233679
2239.752,1.6231555
2240.338,1.6229432
2240.924,1.6227309
2241.51,1.6225187
2242.096,1.6223066
2242.682,1.6220946
2243.268,1.6218827
2243.854,1.6216708
2244.44,1.621459
2245.026,1.6212474
2245.612,1.6210358
2246.198,1.6208242
2246.784,1.6206129
2247.37,1.6204015
2247.956,1.6201903
2248.542,1.6199791
2249.128,1.619768
2249.714,1.619557
2250.3,1.619346
2250.886,1.6191353
2251.472,1.6189245
2252.058,1.6187137
2252.644,1.6185032
2253.23,1.6182927
2253.816,1.6180823
2254.402,1.6178719
2254.988,1.6176616
2255.574,1.6174514
2256.16,1.6172414
2256.746,1.6170313
2257.332,1.6168214
2257.918,1.6166115
2258.504,1.6164018
2259.09,1.616192
2259.676,1.6159824
2260.262,1.6157728
2260.848,1.6155634
2261.434,1.6153541
2262.02,1.6151448
2262.606,1.6149356
2263.192,1.6147265
2263.778,1.6145175
2264.364,1.6143085
2264.95,1.6140996
2265.536,1.6138908
2266.122,1.6136822
2266.708,1.6134735
2267.294,1.6132649
2267.88,1.6130564
2268.466,1.612848
2269.052,1.6126398
2269.638,1.6124315
2270.224,1.6122234
2270.81,1.6120154
2271.396,1.6118073
2271.982,1.6115994
2272.568,1.6113915
2273.154,1.6111839
2273.74,1.6109762
2274.326,1.6107686
2274.912,1.6105611
2275.498,1.6103537
2276.084,1.6101464
2276.67,1.6099391
2277.256,1.6097319
2277.842,1.6095248
2278.428,1.6093178
2279.014,1.6091108
2279.6,1.608904
2280.186,1.6086972
2280.772,1.6084905
2281.358,1.6082839
2281.944,1.6080774
2282.53,1.6078709
2283.116,1.6076645
2283.702,1.6074582
2284.288,1.607252
2284.874,1.6070459
2285.46,1.6068398
2286.046,1.6066338
2286.632,1.6064279
2287.218,1.6062222
2287.804,1.6060163
2288.39,1.6058106
2288.976,1.6056051
2289.562,1.6053996
2290.148,1.6051942
2290.734,1.6049888
2291.32,1.6047835
2291.906,1.6045784
2292.492,1.6043732
2293.078,1.6041682
2293.664,1.6039633
2294.25,1.6037583
2294.836,1.6035537
2295.422,1.6033489
2296.008,1.6031443
2296.594,1.6029397
2297.18,1.6027353
2297.766,1.6025308
2298.352,1.6023265
2298.938,1.6021222
2299.524,1.6019181
2300.11,1.601714
2300.696,1.6015099
2301.282,1.6013061
2301.868,1.6011022
2302.454,1.6008984
2303.04,1.6006948
2303.626,1.600491
2304.212,1.6002876
2304.798,1.6000841
2305.384,1.5998807
2305.97,1.5996774
2306.556,1.5994742
2307.142,1.5992711
2307.728,1.5990679
2308.314,1.598865
2308.9,1.598662
2309.486,1.5984592
2310.072,1.5982565
2310.658,1.5980538
2311.244,1.5978512
2311.83,1.5976486
2312.416,1.5974462
2313.002,1.5972438
2313.588,1.5970415
2314.174,1.5968393
2314.76,1.5966371
2315.346,1.5964351
2315.932,1.5962331
2316.518,1.5960312
2317.104,1.5958294
2317.69,1.5956275
2318.276,1.595426
2318.862,1.5952243
2319.448,1.5950228
2320.034,1.5948213
2320.62,1.5946199
2321.206,1.5944186
2321.792,1.5942174
2322.378,1.5940163
2322.964,1.5938152
2323.55,1.5936142
2324.136,1.5934132
2324.722,1.5932125
2325.308,1.5930117
2325.894,1.592811
2326.48,1.5926105
2327.066,1.5924098
2327.652,1.5922093
2328.238,1.5920091
2328.824,1.5918087
2329.41,1.5916085
2329.996,1.5914084
2330.582,1.5912082
2331.168,1.5910083
2331.754,1.5908084
2332.34,1.5906085
2332.926,1.5904087
2333.512,1.590209
2334.098,1.5900093
2334.684,1.5898098
2335.27,1.5896103
2335.856,1.5894109
2336.442,1.5892116
2337.028,1.5890124
2337.614,1.5888132
2338.2,1.5886141
2338.786,1.588415
2339.372,1.5882162
2339.958,1.5880172
2340.544,1.5878185
2341.13,1.5876198
2341.716,1.5874212
2342.302,1.5872226
2342.888,1.5870241
2343.474,1.5868256
2344.06,1.5866272
2344.646,1.586429
2345.232,1.5862308
2345.818,1.5860327
2346.404,1.5858346
2346.99,1.5856366
2347.576,1.5854387
2348.162,1.585241
2348.748,1.5850432
2349.334,1.5848455
2349.92,1.5846479
2350.506,1.5844504
2351.092,1.584253
2351.678,1.5840555
2352.264,1.5838583
2352.85,1.5836611
2353.436,1.5834639
2354.022,1.5832667
2354.608,1.5830698
2355.194,1.5828729
2355.78,1.5826759
2356.366,1.5824792
2356.952,1.5822825
2357.538,1.5820858
2358.124,1.5818893
2358.71,1.5816928
2359.296,1.5814964
2359.882,1.5813
2360.468,1.5811038
2361.054,1.5809076
2361.64,1.5807115
2362.226,1.5805154
2362.812,1.5803194
2363.398,1.5801235
2363.984,1.5799277
2364.57,1.5797319
2365.156,1.5795362
2365.742,1.5793406
2366.328,1.5791451
2366.914,1.5789497
2367.5,1.5787543
2368.086,1.5785589
2368.672,1.5783637
2369.258,1.5781685
2369.844,1.5779734
2370.43,1.5777785
2371.016,1.5775834
2371.602,1.5773885
2372.188,1.5771937
2372.774,1.5769989
2373.36,1.5768044
2373.946,1.5766097
2374.532,1.5764153
2375.118,1.5762208
2375.704,1.5760264
2376.29,1.5758321
2376.876,1.5756379
2377.462,1.5754437
2378.048,1.5752497
2378.634,1.5750557
2379.22,1.5748618
2379.806,1.5746678
2380.392,1.574474
2380.978,1.5742803
2381.564,1.5740867
2382.15,1.5738931
2382.736,1.5736996
2383.322,1.5735061
2383.908,1.5733128
2384.494,1.5731195
2385.08,1.5729263
2385.666,1.572733
2386.252,1.57254
2386.838,1.572347
2387.424,1.572154
2388.01,1.5719613
2388.596,1.5717684
2389.182,1.5715758
2389.768,1.571383
2390.354,1.5711905
2390.94,1.570998
2391.526,1.5708055
2392.112,1.5706131
2392.698,1.5704209
2393.284,1.5702286
2393.87,1.5700365
2394.456,1.5698444
2395.042,1.5696524
2395.628,1.5694605
2396.214,1.5692686
2396.8,1.5690768
2397.386,1.5688851
2397.972,1.5686934
2398.558,1.5685018
2399.144,1.5683103
2399.73,1.5681189
2400.316,1.5679275
2400.902,1.5677363
2401.488,1.5675449
2402.074,1.5673538
2402.66,1.5671628
2403.246,1.5669718
2403.832,1.5667808
2404.418,1.56659
2405.004,1.5663991
2405.59,1.5662084
2406.176,1.5660176
2406.762,1.5658271
2407.348,1.5656365
2407.934,1.5654461
2408.52,1.5652556
2409.106,1.5650654
2409.692,1.5648751
2410.278,1.564685
2410.864,1.5644948
2411.45,1.5643048
2412.036,1.5641148
2412.622,1.5639249
2413.208,1.5637351
2413.794,1.5635453
2414.38,1.5633557
2414.966,1.563166
2415.552,1.5629765
2416.138,1.5627871
2416.724,1.5625976
2417.31,1.5624082
2417.896,1.5622189
2418.482,1.5620297
2419.068,1.5618407
2419.654,1.5616516
2420.24,1.5614625
2420.826,1.5612737
2421.412,1.5610847
2421.998,1.560896
2422.584,1.5607072
2423.17,1.5605186
2423.756,1.5603298
2424.342,1.5601411
2424.928,1.5599525
2425.514,1.559764
2426.1,1.5595756
2426.686,1.5593871
2427.272,1.5591987
2427.858,1.5590105
2428.444,1.5588224
2429.03,1.5586342
2429.616,1.5584462
2430.202,1.5582582
2430.788,1.5580702
2431.374,1.5578824
2431.96,1.5576947
2432.546,1.5575069
2433.132,1.5573193
2433.718,1.5571316
2434.304,1.5569441
2434.89,1.5567567
2435.476,1.5565693
2436.062,1.5563821
2436.648,1.5561948
2437.234,1.5560076
2437.82,1.5558205
2438.406,1.5556334
2438.992,1.5554465
2439.578,1.5552597
2440.164,1.5550728
2440.75,1.5548861
2441.336,1.5546993
2441.922,1.5545127
2442.508,1.5543262
2443.094,1.5541396
2443.68,1.5539533
2444.266,1.5537668
2444.852,1.5535805
2445.438,1.5533943
2446.024,1.5532081
2446.61,1.553022
2447.196,1.5528361
2447.782,1.5526501
2448.368,1.5524642
2448.954,1.5522784
2449.54,1.5520927
2450.126,1.5519069
2450.712,1.5517213
2451.298,1.5515358
2451.884,1.5513502
2452.47,1.5511649
2453.056,1.5509795
2453.642,1.5507942
2454.228,1.550609
2454.814,1.5504239
2455.4,1.5502388
2455.986,1.5500537
2456.572,1.5498688
2457.158,1.5496839
2457.744,1.5494992
2458.33,1.5493144
2458.916,1.5491297
2459.502,1.5489451
2460.088,1.5487605
2460.674,1.548576
2461.26,1.5483916
2461.846,1.5482073
2462.432,1.548023
2463.018,1.5478387
2463.604,1.5476546
2464.19,1.5474706
2464.776,1.5472865
2465.362,1.5471025
2465.948,1.5469186
2466.534,1.5467348
2467.12,1.546551
2467.706,1.5463673
2468.292,1.5461837
2468.878,1.5460001
2469.464,1.5458167
2470.05,1.5456332
2470.636,1.5454499
2471.222,1.5452665
2471.808,1.5450833
2472.394,1.5449002
2472.98,1.5447171
2473.566,1.544534
2474.152,1.5443511
2474.738,1.5441681
2475.324,1.5439854
2475.91,1.5438025
2476.496,1.5436198
2477.082,1.5434371
2477.668,1.5432546
2478.254,1.5430721
2478.84,1.5428896
2479.426,1.5427072
2480.012,1.5425249
2480.598,1.5423427
2481.184,1.5421605
2481.77,1.5419784
2482.356,1.5417963
2482.942,1.5416143
2483.528,1.5414324
2484.114,1.5412505
2484.7,1.5410687
2485.286,1.540887
2485.872,1.5407053
2486.458,1.5405236
2487.044,1.5403422
2487.63,1.5401607
2488.216,1.5399792
2488.802,1.5397979
2489.388,1.5396166
2489.974,1.5394354
2490.56,1.5392542
2491.146,1.5390731
2491.732,1.5388921
2492.318,1.5387112
2492.904,1.5385303
2493.49,1.5383495
2494.076,1.5381687
2494.662,1.5379879
2495.248,1.5378073
2495.834,1.5376267
2496.42,1.5374463
2497.006,1.5372658
2497.592,1.5370854
2498.178,1.5369051
2498.764,1.5367248
2499.35,1.5365447
2499.936,1.5363646
2500.522,1.5361844
2501.108,1.5360044
2501.694,1.5358245
2502.28,1.5356447
2502.866,1.5354648
2503.452,1.5352851
2504.038,1.5351053
2504.624,1.5349258
2505.21,1.5347463
2505.796,1.5345668
2506.382,1.5343874
2506.968,1.5342079
2507.554,1.5340286
2508.14,1.5338494
2508.726,1.5336702
2509.312,1.5334911
2509.898,1.5333121
2510.484,1.533133
2511.07,1.5329541
2511.656,1.5327753
2512.242,1.5325965
2512.828,1.5324178
2513.414,1.5322391
2514,1.5320604
2514.586,1.5318819
2515.172,1.5317035
2515.758,1.531525
2516.344,1.5313467
2516.93,1.5311683
2517.516,1.5309901
2518.102,1.5308119
2518.688,1.5306339
2519.274,1.5304558
2519.86,1.5302778
2520.446,1.5300999
2521.032,1.529922
2521.618,1.5297443
2522.204,1.5295665
2522.79,1.5293889
2523.376,1.5292113
2523.962,1.5290338
2524.548,1.5288562
2525.134,1.5286788
2525.72,1.5285014
2526.306,1.5283241
2526.892,1.528147
2527.478,1.5279697
2528.064,1.5277927
2528.65,1.5276157
2529.236,1.5274386
2529.822,1.5272617
2530.408,1.5270848
2530.994,1.526908
2531.58,1.5267314
2532.166,1.5265546
2532.752,1.526378
2533.338,1.5262015
2533.924,1.5260251
2534.51,1.5258486
2535.096,1.5256722
2535.682,1.5254959
2536.268,1.5253197
2536.854,1.5251435
2537.44,1.5249673
2538.026,1.5247914
2538.612,1.5246153
2539.198,1.5244393
2539.784,1.5242635
2540.37,1.5240877
2540.956,1.523912
2541.542,1.5237362
2542.128,1.5235606
2542.714,1.523385
2543.3,1.5232096
2543.886,1.5230341
2544.472,1.5228587
2545.058,1.5226834
2545.644,1.5225081
2546.23,1.5223329
2546.816,1.5221578
2547.402,1.5219827
2547.988,1.5218077
2548.574,1.5216328
2549.16,1.5214578
2549.746,1.521283
2550.332,1.5211083
2550.918,1.5209335
2551.504,1.5207589
2552.09,1.5205842
2552.676,1.5204097
2553.262,1.5202353
2553.848,1.5200609
2554.434,1.5198865
2555.02,1.5197122
2555.606,1.519538
2556.192,1.5193639
2556.778,1.5191897
2557.364,1.5190157
2557.95,1.5188416
2558.536,1.5186677
2559.122,1.5184939
2559.708,1.5183201
2560.294,1.5181464
2560.88,1.5179726
2561.466,1.517799
2562.052,1.5176255
2562.638,1.5174519
2563.224,1.5172784
2563.81,1.5171051
2564.396,1.5169318
2564.982,1.5167586
2565.568,1.5165854
2566.154,1.5164121
2566.74,1.516239
2567.326,1.5160661
2567.912,1.5158931
2568.498,1.5157202
2569.084,1.5155474
2569.67,1.5153745
2570.256,1.5152018
2570.842,1.5150292
2571.428,1.5148566
2572.014,1.5146841
2572.6,1.5145116
2573.186,1.5143391
2573.772,1.5141667
2574.358,1.5139943
2574.944,1.5138222
2575.53,1.5136499
2576.116,1.5134778
2576.702,1.5133058
2577.288,1.5131338
2577.874,1.5129619
2578.46,1.5127898
2579.046,1.5126181
2579.632,1.5124463
2580.218,1.5122746
2580.804,1.5121028
2581.39,1.5119313
2581.976,1.5117598
2582.562,1.5115883
2583.148,1.5114168
2583.734,1.5112455
2584.32,1.5110742
2584.906,1.5109029
2585.492,1.5107317
2586.078,1.5105606
2586.664,1.5103896
2587.25,1.5102185
2587.836,1.5100476
2588.422,1.5098767
2589.008,1.5097058
2589.594,1.5095351
2590.18,1.5093644
2590.766,1.5091937
2591.352,1.5090231
2591.938,1.5088525
2592.524,1.5086821
2593.11,1.5085117
2593.696,1.5083413
2594.282,1.508171
2594.868,1.5080007
2595.454,1.5078305
2596.04,1.5076604
2596.626,1.5074903
2597.212,1.5073203
2597.798,1.5071503
2598.384,1.5069804
2598.97,1.5068105
2599.556,1.5066408
2600.142,1.506471
2600.728,1.5063014
2601.314,1.5061318
2601.9,1.5059623
2602.486,1.5057927
2603.072,1.5056233
2603.658,1.5054539
2604.244,1.5052845
2604.83,1.5051153
2605.416,1.5049461
2606.002,1.504777
2606.588,1.5046078
2607.174,1.5044388
2607.76,1.5042698
2608.346,1.5041009
2608.932,1.503932
2609.518,1.5037632
2610.104,1.5035945
2610.69,1.5034258
2611.276,1.5032572
2611.862,1.5030886
2612.448,1.50292
2613.034,1.5027516
2613.62,1.5025833
2614.206,1.5024148
2614.792,1.5022466
2615.378,1.5020783
2615.964,1.5019101
2616.55,1.501742
2617.136,1.501574
2617.722,1.501406
2618.308,1.501238
2618.894,1.5010701
2619.48,1.5009023
2620.066,1.5007346
2620.652,1.5005667
2621.238,1.5003991
2621.824,1.5002315
2622.41,1.5000639
2622.996,1.4998965
2623.582,1.499729
2624.168,1.4995617
2624.754,1.4993943
2625.34,1.499227
2625.926,1.4990598
2626.512,1.4988927
2627.098,1.4987257
2627.684,1.4985585
2628.27,1.4983916
2628.856,1.4982247
2629.442,1.4980577
2630.028,1.4978908
2630.614,1.4977239
2631.2,1.497557
2631.786,1.4973902
2632.372,1.4972234
2632.958,1.4970567
2633.544,1.4968901
2634.13,1.4967234
2634.716,1.4965569
2635.302,1.4963903
2635.888,1.4962239
2636.474,1.4960575
2637.06,1.4958913
2637.646,1.495725
2638.232,1.4955587
2638.818,1.4953927
2639.404,1.4952265
2639.99,1.4950604
2640.576,1.4948945
2641.162,1.4947286
2641.748,1.4945626
2642.334,1.4943968
2642.92,1.4942311
2643.506,1.4940653
2644.092,1.4938997
2644.678,1.4937341
2645.264,1.4935685
2645.85,1.4934031
2646.436,1.4932376
2647.022,1.4930723
2647.608,1.4929069
2648.194,1.4927416
2648.78,1.4925765
2649.366,1.4924113
2649.952,1.4922462
2650.538,1.4920812
2651.124,1.4919162
2651.71,1.4917512
2652.296,1.4915863
2652.882,1.4914215
2653.468,1.4912567
2654.054,1.4910921
2654.64,1.4909273
2655.226,1.4907628
2655.812,1.4905982
2656.398,1.4904337
2656.984,1.4902693
2657.57,1.4901049
2658.156,1.4899405
2658.742,1.4897763
2659.328,1.4896121
2659.914,1.489448
2660.5,1.4892838
2661.086,1.4891198
2661.672,1.4889557
2662.258,1.4887917
2662.844,1.4886279
2663.43,1.488464
2664.016,1.4883002
2664.602,1.4881365
2665.188,1.4879729
2665.774,1.4878093
2666.36,1.4876456
2666.946,1.4874822
2667.532,1.4873188
2668.118,1.4871553
2668.704,1.486992
2669.29,1.4868287
2669.876,1.4866655
2670.462,1.4865023
2671.048,1.4863391
2671.634,1.486176
2672.22,1.4860131
2672.806,1.48585
2673.392,1.4856871
2673.978,1.4855243
2674.564,1.4853615
2675.15,1.4851987
2675.736,1.485036
2676.322,1.4848734
2676.908,1.4847108
2677.494,1.4845482
2678.08,1.4843857
2678.666,1.4842234
2679.252,1.484061
2679.838,1.4838986
2680.424,1.4837364
2681.01,1.4835742
2681.596,1.483412
2682.182,1.4832499
2682.768,1.4830879
2683.354,1.4829259
2683.94,1.4827639
2684.526,1.482602
2685.112,1.4824401
2685.698,1.4822785
2686.284,1.4821167
2686.87,1.4819551
2687.456,1.4817934
2688.042,1.4816318
2688.628,1.4814703
2689.214,1.4813088
2689.8,1.4811474
2690.386,1.480986
2690.972,1.4808247
2691.558,1.4806635
2692.144,1.4805022
2692.73,1.4803412
2693.316,1.48018
2693.902,1.4800191
2694.488,1.479858
2695.074,1.4796971
2695.66,1.4795362
2696.246,1.4793754
2696.832,1.4792147
2697.418,1.4790539
2698.004,1.4788933
2698.59,1.4787327
2699.176,1.478572
2699.762,1.4784116
2700.348,1.4782511
2700.934,1.4780906
2701.52,1.4779303
2702.106,1.4777701
2702.692,1.4776098
2703.278,1.4774497
2703.864,1.4772894
2704.45,1.4771293
2705.036,1.4769694
2705.622,1.4768094
2706.208,1.4766495
2706.794,1.4764895
2707.38,1.4763298
2707.966,1.4761699
2708.552,1.4760102
2709.138,1.4758506
2709.724,1.475691
2710.31,1.4755315
2710.896,1.4753718
2711.482,1.4752125
2712.068,1.4750531
2712.654,1.4748937
2713.24,1.4747344
2713.826,1.4745752
2714.412,1.4744159
2714.998,1.4742569
2715.584,1.4740977
2716.17,1.4739387
2716.756,1.4737797
2717.342,1.4736208
2717.928,1.4734619
2718.514,1.4733031
2719.1,1.4731443
2719.686,1.4729855
2720.272,1.4728268
2720.858,1.4726683
2721.444,1.4725096
2722.03,1.4723512
2722.616,1.4721926
2723.202,1.4720342
2723.788,1.4718759
2724.374,1.4717176
2724.96,1.4715593
2725.546,1.4714011
2726.132,1.4712429
2726.718,1.4710848
2727.304,1.4709268
2727.89,1.4707688
2728.476,1.4706109
2729.062,1.4704529
2729.648,1.4702951
2730.234,1.4701372
2730.82,1.4699795
2731.406,1.4698218
2731.992,1.4696642
2732.578,1.4695066
2733.164,1.469349
2733.75,1.4691916
2734.336,1.4690341
2734.922,1.4688767
2735.508,1.4687194
2736.094,1.4685621
2736.68,1.4684049
2737.266,1.4682477
2737.852,1.4680905
2738.438,1.4679334
2739.024,1.4677764
2739.61,1.4676194
2740.196,1.4674625
2740.782,1.4673057
2741.368,1.4671488
2741.954,1.466992
2742.54,1.4668354
2743.126,1.4666786
2743.712,1.4665221
2744.298,1.4663655
2744.884,1.4662089
2745.47,1.4660524
2746.056,1.465896
2746.642,1.4657396
2747.228,1.4655833
2747.814,1.465427
2748.4,1.4652709
2748.986,1.4651147
2749.572,1.4649585
2750.158,1.4648025
2750.744,1.4646465
2751.33,1.4644905
2751.916,1.4643346
2752.502,1.4641788
2753.088,1.464023
2753.674,1.4638672
2754.26,1.4637115
2754.846,1.4635558
2755.432,1.4634002
2756.018,1.4632446
2756.604,1.4630891
2757.19,1.4629337
2757.776,1.4627782
2758.362,1.4626229
2758.948,1.4624676
2759.534,1.4623123
2760.12,1.4621571
2760.706,1.4620019
2761.292,1.4618468
2761.878,1.4616917
2762.464,1.4615368
2763.05,1.4613818
2763.636,1.4612268
2764.222,1.4610721
2764.808,1.4609172
2765.394,1.4607625
2765.98,1.4606078
2766.566,1.460453
2767.152,1.4602984
2767.738,1.4601439
2768.324,1.4599894
2768.91,1.4598349
2769.496,1.4596806
2770.082,1.4595262
2770.668,1.4593718
2771.254,1.4592175
2771.84,1.4590633
2772.426,1.4589092
2773.012,1.458755
2773.598,1.458601
2774.184,1.458447
2774.77,1.458293
2775.356,1.4581392
2775.942,1.4579853
2776.528,1.4578314
2777.114,1.4576776
2777.7,1.4575239
2778.286,1.4573703
2778.872,1.4572166
2779.458,1.4570631
2780.044,1.4569095
2780.63,1.456756
2781.216,1.4566027
2781.802,1.4564493
2782.388,1.456296
2782.974,1.4561427
2783.56,1.4559894
2784.146,1.4558363
2784.732,1.4556831
2785.318,1.45553
2785.904,1.455377
2786.49,1.455224
2787.076,1.4550711
2787.662,1.4549181
2788.248,1.4547653
2788.834,1.4546126
2789.42,1.4544598
2790.006,1.4543071
2790.592,1.4541545
2791.178,1.4540019
2791.764,1.4538493
2792.35,1.4536968
2792.936,1.4535444
2793.522,1.453392
2794.108,1.4532397
2794.694,1.4530873
2795.28,1.4529351
2795.866,1.4527829
2796.452,1.4526308
2797.038,1.4524786
2797.624,1.4523265
2798.21,1.4521745
2798.796,1.4520226
2799.382,1.4518707
2799.968,1.4517188
2800.554,1.4515671
2801.14,1.4514152
2801.726,1.4512635
2802.312,1.4511118
2802.898,1.4509602
2803.484,1.4508086
2804.07,1.4506571
2804.656,1.4505056
2805.242,1.4503542
2805.828,1.4502028
2806.414,1.4500515
2807,1.4499002
2807.586,1.4497489
2808.172,1.4495977
2808.758,1.4494466
2809.344,1.4492955
2809.93,1.4491445
2810.516,1.4489934
2811.102,1.4488425
2811.688,1.4486916
2812.274,1.4485408
2812.86,1.44839
2813.446,1.4482391
2814.032,1.4480885
2814.618,1.4479378
2815.204,1.4477872
2815.79,1.4476366
2816.376,1.4474862
2816.962,1.4473356
2817.548,1.4471853
2818.134,1.4470348
2818.72,1.4468844
2819.306,1.4467342
2819.892,1.4465839
2820.478,1.4464338
2821.064,1.4462836
2821.65,1.4461336
2822.236,1.4459832
2822.822,1.445833
2823.408,1.4456828
2823.994,1.4455326
2824.58,1.4453825
2825.166,1.4452324
2825.752,1.4450824
2826.338,1.4449323
2826.924,1.4447825
2827.51,1.4446326
2828.096,1.4444828
2828.682,1.444333
2829.268,1.4441832
2829.854,1.4440335
2830.44,1.4438839
2831.026,1.4437344
2831.612,1.4435848
2832.198,1.4434353
2832.784,1.4432858
2833.37,1.4431366
2833.956,1.4429871
2834.542,1.4428378
2835.128,1.4426886
2835.714,1.4425393
2836.3,1.4423902
2836.886,1.4422412
2837.472,1.4420921
2838.058,1.441943
2838.644,1.441794
2839.23,1.4416451
2839.816,1.4414964
2840.402,1.4413475
2840.988,1.4411987
2841.574,1.4410499
2842.16,1.4409013
2842.746,1.4407526
2843.332,1.4406041
2843.918,1.4404556
2844.504,1.440307
2845.09,1.4401586
2845.676,1.4400103
2846.262,1.4398619
2846.848,1.4397136
2847.434,1.4395654
2848.02,1.4394172
2848.606,1.4392691
2849.192,1.4391209
2849.778,1.4389728
2850.364,1.4388248
2850.95,1.4386768
2851.536,1.4385289
2852.122,1.4383811
2852.708,1.4382333
2853.294,1.4380856
2853.88,1.4379377
2854.466,1.43779
2855.052,1.4376425
2855.638,1.4374949
2856.224,1.4373473
2856.81,1.4371998
2857.396,1.4370524
2857.982,1.4369049
2858.568,1.4367577
2859.154,1.4366102
2859.74,1.436463
2860.326,1.4363158
2860.912,1.4361687
2861.498,1.4360216
2862.084,1.4358745
2862.67,1.4357275
2863.256,1.4355805
2863.842,1.4354335
2864.428,1.4352866
2865.014,1.4351398
2865.6,1.434993
2866.186,1.4348463
2866.772,1.4346995
2867.358,1.4345529
2867.944,1.4344063
2868.53,1.4342598
2869.116,1.4341133
2869.702,1.4339669
2870.288,1.4338204
2870.874,1.433674
2871.46,1.4335277
2872.046,1.4333814
2872.632,1.4332352
2873.218,1.433089
2873.804,1.4329429
2874.39,1.4327967
2874.976,1.4326507
2875.562,1.4325047
2876.148,1.4323587
2876.734,1.4322128
2877.32,1.432067
2877.906,1.4319211
2878.492,1.4317755
2879.078,1.4316297
2879.664,1.4314839
2880.25,1.4313383
2880.836,1.4311928
2881.422,1.4310472
2882.008,1.4309016
2882.594,1.4307562
2883.18,1.4306109
2883.766,1.4304655
2884.352,1.4303201
2884.938,1.4301748
2885.524,1.4300296
2886.11,1.4298844
2886.696,1.4297394
2887.282,1.4295943
2887.868,1.4294492
2888.454,1.4293042
2889.04,1.4291593
2889.626,1.4290144
2890.212,1.4288695
2890.798,1.4287248
2891.384,1.42858
2891.97,1.4284352
2892.556,1.4282906
2893.142,1.428146
2893.728,1.4280013
2894.314,1.4278568
2894.9,1.4277123
2895.486,1.4275678
2896.072,1.4274235
2896.658,1.4272791
2897.244,1.4271348
2897.83,1.4269905
2898.416,1.4268464
2899.002,1.4267021
2899.588,1.426558
2900.174,1.4264139
2900.76,1.4262699
2901.346,1.4261259
2901.932,1.4259819
2902.518,1.425838
2903.104,1.4256941
2903.69,1.4255503
2904.276,1.4254066
2904.862,1.4252629
2905.448,1.4251192
2906.034,1.4249755
2906.62,1.424832
2907.206,1.4246885
2907.792,1.4245449
2908.378,1.4244014
2908.964,1.424258
2909.55,1.4241147
2910.136,1.4239713
2910.722,1.423828
2911.308,1.4236848
2911.894,1.4235417
2912.48,1.4233985
2913.066,1.4232554
2913.652,1.4231124
2914.238,1.4229693
2914.824,1.4228263
2915.41,1.4226835
2915.996,1.4225405
2916.582,1.4223977
2917.168,1.4222549
2917.754,1.4221122
2918.34,1.4219695
2918.926,1.4218268
2919.512,1.4216843
2920.098,1.4215417
2920.684,1.4213991
2921.27,1.4212567
2921.856,1.4211142
2922.442,1.4209719
2923.028,1.4208295
2923.614,1.4206872
2924.2,1.4205449
2924.786,1.4204028
2925.372,1.4202605
2925.958,1.4201185
2926.544,1.4199764
2927.13,1.4198344
2927.716,1.4196924
2928.302,1.4195504
2928.888,1.4194084
2929.474,1.4192667
2930.06,1.4191248
2930.646,1.418983
2931.232,1.4188414
2931.818,1.4186996
2932.404,1.418558
2932.99,1.4184164
2933.576,1.4182749
2934.162,1.4181334
2934.748,1.4179919
2935.334,1.4178504
2935.92,1.4177091
2936.506,1.4175677
2937.092,1.4174265
2937.678,1.4172852
2938.264,1.4171439
2938.85,1.4170028
2939.436,1.4168617
2940.022,1.4167206
2940.608,1.4165796
2941.194,1.4164386
2941.78,1.4162977
2942.366,1.4161568
2942.952,1.4160159
2943.538,1.415875
2944.124,1.4157338
2944.71,1.4155929
2945.296,1.4154519
2945.882,1.415311
2946.468,1.4151701
2947.054,1.4150292
2947.64,1.4148884
2948.226,1.4147476
2948.812,1.4146069
2949.398,1.4144661
2949.984,1.4143256
2950.57,1.414185
2951.156,1.4140445
2951.742,1.413904
2952.328,1.4137635
2952.914,1.4136231
2953.5,1.4134828
2954.086,1.4133425
2954.672,1.4132022
2955.258,1.4130619
2955.844,1.4129217
2956.43,1.4127815
2957.016,1.4126414
2957.602,1.4125013
2958.188,1.4123613
2958.774,1.4122213
2959.36,1.4120814
2959.946,1.4119415
2960.532,1.4118017
2961.118,1.4116619
2961.704,1.411522
2962.29,1.4113823
2962.876,1.4112426
2963.462,1.411103
2964.048,1.4109634
2964.634,1.4108238
2965.22,1.4106843
2965.806,1.4105449
2966.392,1.4104054
2966.978,1.410266
2967.564,1.4101267
2968.15,1.4099874
2968.736,1.4098481
2969.322,1.4097089
2969.908,1.4095697
2970.494,1.4094306
2971.08,1.4092915
2971.666,1.4091524
2972.252,1.4090135
2972.838,1.4088745
2973.424,1.4087355
2974.01,1.4085966
2974.596,1.4084579
2975.182,1.4083191
2975.768,1.4081804
2976.354,1.4080416
2976.94,1.407903
2977.526,1.4077643
2978.112,1.4076258
2978.698,1.4074873
2979.284,1.4073488
2979.87,1.4072102
2980.456,1.4070718
2981.042,1.4069334
2981.628,1.4067951
2982.214,1.4066569
2982.8,1.4065186
2983.386,1.4063804
2983.972,1.4062423
2984.558,1.4061041
2985.144,1.405966
2985.73,1.405828
2986.316,1.40569
2986.902,1.405552
2987.488,1.4054141
2988.074,1.4052763
2988.66,1.4051384
2989.246,1.4050007
2989.832,1.4048629
2990.418,1.4047252
2991.004,1.4045875
2991.59,1.4044499
2992.176,1.4043124
2992.762,1.4041748
2993.348,1.4040374
2993.934,1.4038999
2994.52,1.4037625
2995.106,1.403625
2995.692,1.4034878
2996.278,1.4033505
2996.864,1.4032133
2997.45,1.4030761
2998.036,1.4029388
2998.622,1.4028018
2999.208,1.4026647
2999.794,1.4025276
3000.38,1.4023906
3000.966,1.4022536
3001.552,1.4021168
3002.138,1.4019799
3002.724,1.4018431
3003.31,1.4017063
3003.896,1.4015695
3004.482,1.4014329
3005.068,1.4012961
3005.654,1.4011595
3006.24,1.4010229
3006.826,1.4008864
3007.412,1.4007499
3007.998,1.4006134
3008.584,1.4004771
3009.17,1.4003406
3009.756,1.4002043
3010.342,1.4000679
3010.928,1.3999318
3011.514,1.3997955
3012.1,1.3996593
3012.686,1.3995233
3013.272,1.3993871
3013.858,1.3992511
3014.444,1.3991151
3015.03,1.3989791
3015.616,1.3988432
3016.202,1.3987073
3016.788,1.3985714
3017.374,1.3984356
3017.96,1.3982998
3018.546,1.3981642
3019.132,1.3980285
3019.718,1.3978927
3020.304,1.3977572
3020.89,1.3976216
3021.476,1.3974861
3022.062,1.3973507
3022.648,1.3972151
3023.234,1.3970797
3023.82,1.3969444
3024.406,1.3968091
3024.992,1.3966738
3025.578,1.3965385
3026.164,1.3964033
3026.75,1.3962681
3027.336,1.3961331
3027.922,1.395998
3028.508,1.3958629
3029.094,1.3957279
3029.68,1.3955929
3030.266,1.395458
3030.852,1.3953232
3031.438,1.3951883
3032.024,1.3950535
3032.61,1.3949188
3033.196,1.3947841
3033.782,1.3946494
3034.368,1.3945147
3034.954,1.3943802
3035.54,1.3942456
3036.126,1.394111
3036.712,1.3939766
3037.298,1.3938421
3037.884,1.3937078
3038.47,1.3935734
3039.056,1.3934391
3039.642,1.3933048
3040.228,1.3931706
3040.814,1.3930364
3041.4,1.3929023
3041.986,1.3927681
3042.572,1.392634
3043.158,1.3924999
3043.744,1.3923659
3044.33,1.3922319
3044.916,1.3920981
3045.502,1.3919642
3046.088,1.3918304
3046.674,1.3916966
3047.26,1.3915628
3047.846,1.3914291
3048.432,1.3912954
3049.018,1.3911618
3049.604,1.3910282
3050.19,1.3908947
3050.776,1.390761
3051.362,1.3906276
3051.948,1.3904941
3052.534,1.3903607
3053.12,1.3902274
3053.706,1.390094
3054.292,1.3899608
3054.878,1.3898275
3055.464,1.3896943
3056.05,1.3895612
3056.636,1.389428
3057.222,1.3892949
3057.808,1.3891618
3058.394,1.3890288
3058.98,1.3888959
3059.566,1.388763
3060.152,1.38863
3060.738,1.3884972
3061.324,1.3883643
3061.91,1.3882316
3062.496,1.3880988
3063.082,1.3879662
3063.668,1.3878335
3064.254,1.3877009
3064.84,1.3875682
3065.426,1.3874358
3066.012,1.3873032
3066.598,1.3871708
3067.184,1.3870384
3067.77,1.3869059
3068.356,1.3867736
3068.942,1.3866413
3069.528,1.3865091
3070.114,1.3863767
3070.7,1.3862445
3071.286,1.3861125
3071.872,1.3859804
3072.458,1.3858483
3073.044,1.3857162
3073.63,1.3855842
3074.216,1.3854523
3074.802,1.3853203
3075.388,1.3851885
3075.974,1.3850566
3076.56,1.3849248
3077.146,1.384793
3077.732,1.3846613
3078.318,1.3845296
3078.904,1.384398
3079.49,1.3842664
3080.076,1.3841348
3080.662,1.3840033
3081.248,1.3838718
3081.834,1.3837403
3082.42,1.3836088
3083.006,1.3834774
3083.592,1.3833461
3084.178,1.3832148
3084.764,1.3830836
3085.35,1.3829523
3085.936,1.3828212
3086.522,1.3826898
3087.108,1.3825585
3087.694,1.3824272
3088.28,1.3822958
3088.866,1.3821647
3089.452,1.3820335
3090.038,1.3819022
3090.624,1.3817711
3091.21,1.3816401
3091.796,1.3815089
3092.382,1.3813779
3092.968,1.3812469
3093.554,1.381116
3094.14,1.3809851
3094.726,1.3808542
3095.312,1.3807235
3095.898,1.3805926
3096.484,1.3804618
3097.07,1.3803312
3097.656,1.3802005
3098.242,1.3800699
3098.828,1.3799392
3099.414,1.3798087
3100,1.3796781
