170,5.8877707
170.586,5.8776445
171.172,5.8675709
171.758,5.8575492
172.344,5.847578
172.93,5.8376579
173.516,5.8277888
174.102,5.8179688
174.688,5.808198
175.274,5.7984757
175.86,5.7888026
176.446,5.7791777
177.032,5.7696004
177.618,5.7600713
178.204,5.7505889
178.79,5.7411528
179.376,5.7317638
179.962,5.7224202
180.548,5.7131224
181.134,5.7038698
181.72,5.6946621
182.306,5.6854987
182.892,5.6763797
183.478,5.667304
184.064,5.6582723
184.65,5.6492834
185.236,5.640337
185.822,5.631433
186.408,5.6225715
186.994,5.6137509
187.58,5.6049719
188.166,5.5962338
188.752,5.5875368
189.338,5.5788798
189.924,5.5702629
190.51,5.561686
191.096,5.5531487
191.682,5.5446501
192.268,5.536191
192.854,5.52777
193.44,5.5193877
194.026,5.5110435
194.612,5.502737
195.198,5.4944677
195.784,5.4862356
196.37,5.4780407
196.956,5.469882
197.542,5.46176
198.128,5.4536738
198.714,5.4456239
199.3,5.4376087
199.886,5.4296298
200.472,5.4216852
201.058,5.4137754
201.644,5.4059005
202.23,5.3980598
202.816,5.3902531
203.402,5.3824801
203.988,5.3747406
204.574,5.3670344
205.16,5.3593612
205.746,5.3517213
206.332,5.3441133
206.918,5.3365383
207.504,5.3289948
208.09,5.3214836
208.676,5.3140039
209.262,5.3065557
209.848,5.299139
210.434,5.2917533
211.02,5.2843981
211.606,5.2770734
212.192,5.2697787
212.778,5.2625146
213.364,5.25528
213.95,5.2480755
214.536,5.2409005
215.122,5.2337551
215.708,5.2266383
216.294,5.2195506
216.88,5.212492
217.466,5.205462
218.052,5.1984601
218.638,5.1914864
219.224,5.1845407
219.81,5.1776228
220.396,5.170733
220.982,5.1638703
221.568,5.1570344
222.154,5.1502261
222.74,5.143445
223.326,5.1366906
223.912,5.1299624
224.498,5.1232605
225.084,5.1165853
225.67,5.1099358
226.256,5.1033125
226.842,5.0967145
227.428,5.0901427
228.014,5.0835953
228.6,5.0770726
229.186,5.0705752
229.772,5.0641031
230.358,5.0576553
230.944,5.0512323
231.53,5.0448341
232.116,5.0384598
232.702,5.0321093
233.288,5.0257835
233.874,5.0194812
234.46,5.0132022
235.046,5.0069475
235.632,5.0007157
236.218,4.9945073
236.804,4.9883218
237.39,4.9821596
237.976,4.9760199
238.562,4.969903
239.148,4.9638085
239.734,4.957736
240.32,4.9516864
240.906,4.9456587
241.492,4.9396529
242.078,4.9336691
242.664,4.9277067
243.25,4.9217658
243.836,4.9158463
244.422,4.9099479
245.008,4.9040704
245.594,4.8982143
246.18,4.8923793
246.766,4.8865647
247.352,4.8807712
247.938,4.8749981
248.524,4.8692455
249.11,4.8635135
249.696,4.8578014
250.282,4.8521094
250.868,4.8464375
251.454,4.840785
252.04,4.8351526
252.626,4.8295398
253.212,4.8239465
253.798,4.8183727
254.384,4.8128181
254.97,4.8072824
255.556,4.8017659
256.142,4.7962685
256.728,4.7907901
257.314,4.7853298
257.9,4.7798886
258.486,4.774466
259.072,4.7690616
259.658,4.7636757
260.244,4.7583079
260.83,4.7529583
261.416,4.7476263
262.002,4.7423129
262.588,4.7370167
263.174,4.7317386
263.76,4.7264776
264.346,4.7212348
264.932,4.7160087
265.518,4.7108006
266.104,4.7056093
266.69,4.7004352
267.276,4.6952782
267.862,4.6901379
268.448,4.6850147
269.034,4.6799083
269.62,4.674818
270.206,4.669745
270.792,4.6646881
271.378,4.6596475
271.964,4.6546235
272.55,4.6496158
273.136,4.6446238
273.722,4.639648
274.308,4.6346884
274.894,4.6297445
275.48,4.6248164
276.066,4.619904
276.652,4.6150074
277.238,4.610126
277.824,4.6052604
278.41,4.60041
278.996,4.5955749
279.582,4.590755
280.168,4.5859504
280.754,4.5811605
281.34,4.576386
281.926,4.5716262
282.512,4.5668817
283.098,4.5621514
283.684,4.5574355
284.27,4.5527349
284.856,4.5480485
285.442,4.5433764
286.028,4.5387187
286.614,4.5340757
287.2,4.5294466
287.786,4.5248318
288.372,4.5202312
288.958,4.5156441
289.544,4.5110707
290.13,4.5065112
290.716,4.501966
291.302,4.4974341
291.888,4.4929161
292.474,4.4884114
293.06,4.4839201
293.646,4.4794426
294.232,4.4749784
294.818,4.4705276
295.404,4.4660902
295.99,4.4616656
296.576,4.4572544
297.162,4.4528565
297.748,4.4484711
298.334,4.4440989
298.92,4.4397397
299.506,4.4353933
300.092,4.4310594
300.678,4.4267383
301.264,4.4224296
301.85,4.4181342
302.436,4.4138508
303.022,4.4095798
303.608,4.4053211
304.194,4.4010749
304.78,4.396841
305.366,4.3926196
305.952,4.3884101
306.538,4.3842125
307.124,4.3800273
307.71,4.375854
308.296,4.3716922
308.882,4.3675427
309.468,4.3634052
310.054,4.3592792
310.64,4.3551641
311.226,4.3510604
311.812,4.3469691
312.398,4.3428888
312.984,4.33882
313.57,4.3347626
314.156,4.3307166
314.742,4.3266821
315.328,4.322659
315.914,4.3186469
316.5,4.3146462
317.086,4.3106565
317.672,4.3066778
318.258,4.3027101
318.844,4.2987533
319.43,4.2948074
320.016,4.2908726
320.602,4.2869487
321.188,4.2830353
321.774,4.2791328
322.36,4.2752409
322.946,4.2713594
323.532,4.2674885
324.118,4.2636285
324.704,4.2597785
325.29,4.2559395
325.876,4.2521105
326.462,4.248292
327.048,4.2444835
327.634,4.2406855
328.22,4.2368975
328.806,4.2331195
329.392,4.229352
329.978,4.2255936
330.564,4.2218456
331.15,4.2181072
331.736,4.2143793
332.322,4.2106609
332.908,4.2069521
333.494,4.2032533
334.08,4.1995645
334.666,4.1958852
335.252,4.1922154
335.838,4.1885557
336.424,4.1849051
337.01,4.1812644
337.596,4.1776328
338.182,4.1740112
338.768,4.1703982
339.354,4.1667953
339.94,4.1632018
340.526,4.1596169
341.112,4.1560416
341.698,4.1524758
342.284,4.1489191
342.87,4.145371
343.456,4.1418324
344.042,4.1383028
344.628,4.1347823
345.214,4.1312704
345.8,4.127768
346.386,4.1242738
346.972,4.1207891
347.558,4.1173129
348.144,4.1138458
348.73,4.1103868
349.316,4.1069369
349.902,4.1034961
350.488,4.1000633
351.074,4.0966396
351.66,4.093224
352.246,4.089817
352.832,4.0864186
353.418,4.0830288
354.004,4.0796475
354.59,4.0762744
355.176,4.0729094
355.762,4.0695529
356.348,4.066205
356.934,4.0628648
357.52,4.0595331
358.106,4.0562096
358.692,4.0528946
359.278,4.0495872
359.864,4.046288
360.45,4.0429969
361.036,4.0397139
361.622,4.0364389
362.208,4.0331717
362.794,4.0299125
363.38,4.0266609
363.966,4.0234175
364.552,4.0201817
365.138,4.0169539
365.724,4.0137339
366.31,4.0105214
366.896,4.0073166
367.482,4.0041199
368.068,4.0009303
368.654,3.9977486
369.24,3.9945743
369.826,3.9914076
370.412,3.9882486
370.998,3.9850969
371.584,3.9819527
372.17,3.978816
372.756,3.9756868
373.342,3.9725647
373.928,3.96945
374.514,3.9663427
375.1,3.9632428
375.686,3.96015
376.272,3.9570644
376.858,3.9539859
377.444,3.9509149
378.03,3.9478509
378.616,3.9447939
379.202,3.9417441
379.788,3.9387012
380.374,3.9356656
380.96,3.932637
381.546,3.929615
382.132,3.9266002
382.718,3.9235923
383.304,3.9205914
383.89,3.9175973
384.476,3.9146101
385.062,3.9116297
385.648,3.9086561
386.234,3.9056892
386.82,3.9027293
387.406,3.8997757
387.992,3.8968291
388.578,3.8938892
389.164,3.8909557
389.75,3.8880289
390.336,3.8851087
390.922,3.8821952
391.508,3.8792882
392.094,3.8763876
392.68,3.8734937
393.266,3.8706062
393.852,3.8677251
394.438,3.8648503
395.024,3.8619821
395.61,3.8591204
396.196,3.8562648
396.782,3.8534155
397.368,3.8505726
397.954,3.8477361
398.54,3.8449056
399.126,3.8420818
399.712,3.8392637
400.298,3.836452
400.884,3.8336465
401.47,3.8308473
402.056,3.828054
402.642,3.8252668
403.228,3.8224857
403.814,3.8197107
404.4,3.816942
404.986,3.8141789
405.572,3.8114221
406.158,3.808671
406.744,3.8059261
407.33,3.8031871
407.916,3.8004539
408.502,3.7977266
409.088,3.7950051
409.674,3.7922897
410.26,3.7895799
410.846,3.786876
411.432,3.7841778
412.018,3.7814856
412.604,3.7787991
413.19,3.776118
413.776,3.773443
414.362,3.7707734
414.948,3.7681096
415.534,3.7654514
416.12,3.7627988
416.706,3.7601516
417.292,3.7575099
417.878,3.7548738
418.464,3.752243
419.05,3.7496181
419.636,3.7469983
420.222,3.7443843
420.808,3.7417755
421.394,3.7391725
421.98,3.7365746
422.566,3.7339821
423.152,3.7313952
423.738,3.7288136
424.324,3.7262373
424.91,3.7236664
425.496,3.7211008
426.082,3.7185407
426.668,3.7159855
427.254,3.7134359
427.84,3.7108915
428.426,3.7083521
429.012,3.7058182
429.598,3.7032893
430.184,3.7007656
430.77,3.6982472
431.356,3.6957338
431.942,3.6932256
432.528,3.6907225
433.114,3.6882243
433.7,3.6857314
434.286,3.6832435
434.872,3.6807606
435.458,3.6782827
436.044,3.6758101
436.63,3.6733422
437.216,3.6708794
437.802,3.6684215
438.388,3.6659684
438.974,3.6635203
439.56,3.6610773
440.146,3.658639
440.732,3.6562057
441.318,3.6537774
441.904,3.6513536
442.49,3.6489348
443.076,3.6465209
443.662,3.6441116
444.248,3.6417072
444.834,3.6393077
445.42,3.6369128
446.006,3.6345227
446.592,3.6321371
447.178,3.6297557
447.764,3.6273792
448.35,3.6250072
448.936,3.6226399
449.522,3.6202772
450.108,3.6179192
450.694,3.6155658
451.28,3.6132169
451.866,3.6108727
452.452,3.6085331
453.038,3.6061981
453.624,3.6038675
454.21,3.6015415
454.796,3.59922
455.382,3.5969031
455.968,3.5945904
456.554,3.5922825
457.14,3.5899789
457.726,3.5876796
458.312,3.5853851
458.898,3.5830946
459.484,3.5808086
460.07,3.5785272
460.656,3.5762501
461.242,3.5739772
461.828,3.5717087
462.414,3.5694447
463,3.5671849
463.586,3.5649292
464.172,3.5626781
464.758,3.560431
465.344,3.5581882
465.93,3.5559497
466.516,3.5537155
467.102,3.5514855
467.688,3.5492597
468.274,3.5470381
468.86,3.5448208
469.446,3.5426073
470.032,3.5403981
470.618,3.5381932
471.204,3.5359924
471.79,3.5337956
472.376,3.5316029
472.962,3.5294139
473.548,3.5272288
474.134,3.5250478
474.72,3.522871
475.306,3.5206981
475.892,3.5185294
476.478,3.5163646
477.064,3.5142038
477.65,3.5120468
478.236,3.5098939
478.822,3.507745
479.408,3.5056
479.994,3.5034592
480.58,3.501322
481.166,3.4991889
481.752,3.4970596
482.338,3.4949343
482.924,3.4928129
483.51,3.490695
484.096,3.4885812
484.682,3.4864714
485.268,3.4843652
485.854,3.4822628
486.44,3.4801643
487.026,3.4780698
487.612,3.4759789
488.198,3.4738917
488.784,3.4718084
489.37,3.4697287
489.956,3.4676528
490.542,3.4655807
491.128,3.4635122
491.714,3.4614475
492.3,3.4593863
492.886,3.457329
493.472,3.4552753
494.058,3.4532254
494.644,3.451179
495.23,3.449136
495.816,3.4470971
496.402,3.4450614
496.988,3.4430296
497.574,3.4410012
498.16,3.4389765
498.746,3.4369555
499.332,3.4349377
499.918,3.4329238
500.504,3.4309132
501.09,3.4289062
501.676,3.4269028
502.262,3.4249029
502.848,3.4229064
503.434,3.4209135
504.02,3.4189239
504.606,3.4169381
505.192,3.4149554
505.778,3.4129763
506.364,3.4110007
506.95,3.4090285
507.536,3.4070597
508.122,3.4050941
508.708,3.4031322
509.294,3.4011736
509.88,3.3992183
510.466,3.3972664
511.052,3.395318
511.638,3.3933728
512.224,3.3914311
512.81,3.3894925
513.396,3.3875573
513.982,3.3856254
514.568,3.3836968
515.154,3.3817716
515.74,3.3798497
516.326,3.3779309
516.912,3.3760154
517.498,3.3741033
518.084,3.3721943
518.67,3.3702886
519.256,3.368386
519.842,3.3664868
520.428,3.3645909
521.014,3.3626981
521.6,3.3608084
522.186,3.3589218
522.772,3.3570385
523.358,3.3551583
523.944,3.3532815
524.53,3.3514075
525.116,3.3495369
525.702,3.3476691
526.288,3.3458047
526.874,3.3439436
527.46,3.3420851
528.046,3.3402297
528.632,3.3383777
529.218,3.3365285
529.804,3.3346825
530.39,3.3328395
530.976,3.3309996
531.562,3.3291628
532.148,3.3273289
532.734,3.3254981
533.32,3.3236701
533.906,3.3218455
534.492,3.3200238
535.078,3.3182051
535.664,3.3163891
536.25,3.3145764
536.836,3.3127666
537.422,3.3109598
538.008,3.3091557
538.594,3.3073547
539.18,3.3055568
539.766,3.3037617
540.352,3.3019695
540.938,3.3001802
541.524,3.2983937
542.11,3.2966104
542.696,3.2948298
543.282,3.2930522
543.868,3.2912772
544.454,3.2895052
545.04,3.2877362
545.626,3.28597
546.212,3.2842066
546.798,3.2824461
547.384,3.2806883
547.97,3.2789335
548.556,3.2771814
549.142,3.2754321
549.728,3.2736857
550.314,3.2719419
550.9,3.270201
551.486,3.2684629
552.072,3.2667274
552.658,3.2649951
553.244,3.2632651
553.83,3.261538
554.416,3.2598135
555.002,3.2580922
555.588,3.2563732
556.174,3.254657
556.76,3.2529435
557.346,3.2512329
557.932,3.2495248
558.518,3.2478194
559.104,3.2461166
559.69,3.2444167
560.276,3.2427194
560.862,3.2410247
561.448,3.2393327
562.034,3.2376432
562.62,3.2359564
563.206,3.2342725
563.792,3.2325909
564.378,3.230912
564.964,3.2292359
565.55,3.2275624
566.136,3.2258911
566.722,3.2242227
567.308,3.2225571
567.894,3.2208939
568.48,3.219233
569.066,3.2175748
569.652,3.2159195
570.238,3.2142663
570.824,3.212616
571.41,3.210968
571.996,3.2093227
572.582,3.2076797
573.168,3.2060394
573.754,3.2044017
574.34,3.2027664
574.926,3.2011335
575.512,3.1995032
576.098,3.1978753
576.684,3.19625
577.27,3.1946273
577.856,3.1930068
578.442,3.1913886
579.028,3.1897731
579.614,3.1881599
580.2,3.1865494
580.786,3.1849411
581.372,3.1833353
581.958,3.1817319
582.544,3.180131
583.13,3.1785324
583.716,3.1769361
584.302,3.1753426
584.888,3.1737511
585.474,3.1721621
586.06,3.1705756
586.646,3.1689913
587.232,3.1674097
587.818,3.1658301
588.404,3.164253
588.99,3.1626782
589.576,3.1611059
590.162,3.1595359
590.748,3.157968
591.334,3.1564026
591.92,3.1548395
592.506,3.1532788
593.092,3.1517205
593.678,3.1501644
594.264,3.1486104
594.85,3.147059
595.436,3.1455097
596.022,3.1439629
596.608,3.1424181
597.194,3.1408758
597.78,3.1393356
598.366,3.1377978
598.952,3.1362622
599.538,3.1347289
600.124,3.1331978
600.71,3.1316688
601.296,3.1301422
601.882,3.128618
602.468,3.1270957
603.054,3.1255758
603.64,3.124058
604.226,3.1225426
604.812,3.1210291
605.398,3.119518
605.984,3.1180091
606.57,3.1165025
607.156,3.1149979
607.742,3.1134956
608.328,3.1119955
608.914,3.1104972
609.5,3.1090014
610.086,3.1075077
610.672,3.1060162
611.258,3.1045268
611.844,3.1030395
612.43,3.1015542
613.016,3.1000714
613.602,3.0985904
614.188,3.0971117
614.774,3.0956349
615.36,3.0941606
615.946,3.0926881
616.532,3.0912178
617.118,3.0897496
617.704,3.0882835
618.29,3.0868194
618.876,3.0853574
619.462,3.0838976
620.048,3.0824397
620.634,3.0809839
621.22,3.0795305
621.806,3.0780787
622.392,3.0766292
622.978,3.0751817
623.564,3.0737362
624.15,3.0722928
624.736,3.0708513
625.322,3.069412
625.908,3.0679746
626.494,3.0665393
627.08,3.0651059
627.666,3.0636747
628.252,3.0622454
628.838,3.060818
629.424,3.0593927
630.01,3.0579693
630.596,3.0565481
631.182,3.0551288
631.768,3.0537114
632.354,3.0522962
632.94,3.0508826
633.526,3.0494711
634.112,3.0480616
634.698,3.0466542
635.284,3.0452485
635.87,3.0438449
636.456,3.0424433
637.042,3.0410435
637.628,3.0396457
638.214,3.0382497
638.8,3.0368559
639.386,3.0354638
639.972,3.0340736
640.558,3.0326855
641.144,3.0312991
641.73,3.0299149
642.316,3.0285323
642.902,3.0271516
643.488,3.0257728
644.074,3.0243962
644.66,3.0230212
645.246,3.0216479
645.832,3.0202768
646.418,3.0189075
647.004,3.01754
647.59,3.0161746
648.176,3.0148108
648.762,3.0134487
649.348,3.0120888
649.934,3.0107305
650.52,3.0093741
651.106,3.0080197
651.692,3.0066671
652.278,3.005316
652.864,3.0039666
653.45,3.002619
654.036,3.0012734
654.622,2.9999294
655.208,2.9985871
655.794,2.997247
656.38,2.9959083
656.966,2.9945717
657.552,2.9932365
658.138,2.9919035
658.724,2.9905722
659.31,2.9892426
659.896,2.9879148
660.482,2.9865887
661.068,2.9852643
661.654,2.9839418
662.24,2.9826212
662.826,2.981302
663.412,2.9799848
663.998,2.9786692
664.584,2.9773557
665.17,2.9760435
665.756,2.9747334
666.342,2.9734247
666.928,2.9721179
667.514,2.9708128
668.1,2.9695094
668.686,2.9682076
669.272,2.9669077
669.858,2.9656096
670.444,2.964313
671.03,2.9630182
671.616,2.9617252
672.202,2.9604337
672.788,2.9591441
673.374,2.9578559
673.96,2.9565697
674.546,2.9552848
675.132,2.9540019
675.718,2.9527206
676.304,2.951441
676.89,2.9501629
677.476,2.9488866
678.062,2.947612
678.648,2.9463389
679.234,2.9450676
679.82,2.9437978
680.406,2.9425299
680.992,2.9412634
681.578,2.9399986
682.164,2.9387355
682.75,2.937474
683.336,2.9362142
683.922,2.9349558
684.508,2.9336994
685.094,2.9324443
685.68,2.931191
686.266,2.929939
686.852,2.928689
687.438,2.9274404
688.024,2.9261935
688.61,2.9249482
689.196,2.9237044
689.782,2.9224622
690.368,2.9212215
690.954,2.9199827
691.54,2.918745
692.126,2.9175093
692.712,2.916275
693.298,2.9150424
693.884,2.9138112
694.47,2.9125817
695.056,2.9113538
695.642,2.9101274
696.228,2.9089024
696.814,2.9076791
697.4,2.9064574
697.986,2.905237
698.572,2.9040179
699.158,2.9028003
699.744,2.9015841
700.33,2.9003694
700.916,2.8991566
701.502,2.8979449
702.088,2.896735
702.674,2.8955266
703.26,2.8943195
703.846,2.8931141
704.432,2.8919103
705.018,2.890708
705.604,2.8895068
706.19,2.8883076
706.776,2.8871098
707.362,2.8859134
707.948,2.8847184
708.534,2.8835251
709.12,2.882333
709.706,2.8811426
710.292,2.8799536
710.878,2.8787663
711.464,2.8775804
712.05,2.8763957
712.636,2.8752127
713.222,2.8740313
713.808,2.8728511
714.394,2.8716724
714.98,2.8704951
715.566,2.8693194
716.152,2.8681452
716.738,2.8669722
717.324,2.8658009
717.91,2.8646309
718.496,2.8634624
719.082,2.8622954
719.668,2.8611298
720.254,2.8599656
720.84,2.8588028
721.426,2.8576415
722.012,2.8564816
722.598,2.8553231
723.184,2.854166
723.77,2.8530102
724.356,2.851856
724.942,2.850703
725.528,2.8495514
726.114,2.8484015
726.7,2.8472528
727.286,2.8461056
727.872,2.8449597
728.458,2.8438153
729.044,2.8426721
729.63,2.8415303
730.216,2.84039
730.802,2.839251
731.388,2.8381133
731.974,2.8369772
732.56,2.8358424
733.146,2.8347087
733.732,2.8335767
734.318,2.8324461
734.904,2.8313167
735.49,2.8301885
736.076,2.8290615
736.662,2.8279359
737.248,2.8268113
737.834,2.8256884
738.42,2.8245666
739.006,2.8234463
739.592,2.8223271
740.178,2.8212094
740.764,2.8200932
741.35,2.8189781
741.936,2.8178642
742.522,2.8167517
743.108,2.8156407
743.694,2.8145311
744.28,2.8134224
744.866,2.8123155
745.452,2.8112097
746.038,2.8101051
746.624,2.8090019
747.21,2.8079
747.796,2.8067994
748.382,2.8057001
748.968,2.8046019
749.554,2.8035052
750.14,2.8024099
750.726,2.8013158
751.312,2.8002229
751.898,2.7991312
752.484,2.7980409
753.07,2.796952
753.656,2.7958641
754.242,2.7947776
754.828,2.7936924
755.414,2.7926085
756,2.7915258
756.586,2.7904444
757.172,2.7893643
757.758,2.7882855
758.344,2.7872078
758.93,2.7861314
759.516,2.7850564
760.102,2.7839825
760.688,2.7829096
761.274,2.7818384
761.86,2.7807682
762.446,2.7796993
763.032,2.7786317
763.618,2.777565
764.204,2.7765
764.79,2.7754359
765.376,2.7743731
765.962,2.7733116
766.548,2.7722514
767.134,2.7711921
767.72,2.7701342
768.306,2.7690775
768.892,2.7680221
769.478,2.7669678
770.064,2.7659149
770.65,2.764863
771.236,2.7638123
771.822,2.762763
772.408,2.7617147
772.994,2.7606676
773.58,2.7596216
774.166,2.7585771
774.752,2.7575336
775.338,2.7564912
775.924,2.7554502
776.51,2.7544103
777.096,2.7533715
777.682,2.7523339
778.268,2.7512975
778.854,2.7502623
779.44,2.7492282
780.026,2.7481954
780.612,2.7471638
781.198,2.7461331
781.784,2.7451036
782.37,2.7440755
782.956,2.7430484
783.542,2.7420225
784.128,2.7409976
784.714,2.739974
785.3,2.7389514
785.886,2.7379303
786.472,2.7369101
787.058,2.7358909
787.644,2.7348731
788.23,2.7338562
788.816,2.7328405
789.402,2.7318263
789.988,2.7308128
790.574,2.7298007
791.16,2.7287893
791.746,2.7277794
792.332,2.7267706
792.918,2.7257628
793.504,2.724756
794.09,2.7237504
794.676,2.7227457
795.262,2.7217422
795.848,2.7207396
796.434,2.7197385
797.02,2.7187381
797.606,2.7177391
798.192,2.7167411
798.778,2.715744
799.364,2.7147484
799.95,2.7137535
800.536,2.71276
801.122,2.7117674
801.708,2.7107759
802.294,2.7097857
802.88,2.7087965
803.466,2.7078083
804.052,2.7068212
804.638,2.7058351
805.224,2.7048502
805.81,2.7038662
806.396,2.7028835
806.982,2.7019019
807.568,2.7009213
808.154,2.6999416
808.74,2.6989632
809.326,2.6979856
809.912,2.6970093
810.498,2.696034
811.084,2.6950598
811.67,2.6940866
812.256,2.6931143
812.842,2.6921432
813.428,2.6911733
814.014,2.6902041
814.6,2.6892362
815.186,2.6882694
815.772,2.6873035
816.358,2.6863387
816.944,2.685375
817.53,2.6844122
818.116,2.6834505
818.702,2.6824899
819.288,2.6815302
819.874,2.6805716
820.46,2.6796141
821.046,2.6786575
821.632,2.677702
822.218,2.6767476
822.804,2.6757939
823.39,2.6748416
823.976,2.6738901
824.562,2.6729395
825.148,2.6719902
825.734,2.671042
826.32,2.6700945
826.906,2.6691482
827.492,2.6682026
828.078,2.6672583
828.664,2.6663151
829.25,2.6653726
829.836,2.6644313
830.422,2.6634908
831.008,2.6625514
831.594,2.6616132
832.18,2.6606758
832.766,2.6597393
833.352,2.6588039
833.938,2.6578696
834.524,2.6569362
835.11,2.6560037
835.696,2.6550722
836.282,2.6541417
836.868,2.6532121
837.454,2.6522837
838.04,2.651356
838.626,2.6504295
839.212,2.6495039
839.798,2.6485791
840.384,2.6476555
840.97,2.6467328
841.556,2.6458111
842.142,2.6448903
842.728,2.6439705
843.314,2.6430516
843.9,2.6421337
844.486,2.6412168
845.072,2.6403008
845.658,2.6393857
846.244,2.6384716
846.83,2.6375585
847.416,2.6366463
848.002,2.635735
848.588,2.6348248
849.174,2.6339154
849.76,2.6330068
850.346,2.6320994
850.932,2.6311929
851.518,2.6302874
852.104,2.6293826
852.69,2.628479
853.276,2.6275761
853.862,2.6266742
854.448,2.6257732
855.034,2.6248732
855.62,2.6239741
856.206,2.623076
856.792,2.6221788
857.378,2.6212823
857.964,2.6203871
858.55,2.6194925
859.136,2.6185989
859.722,2.6177063
860.308,2.6168146
860.894,2.6159236
861.48,2.6150339
862.066,2.6141448
862.652,2.6132567
863.238,2.6123693
863.824,2.6114831
864.41,2.6105976
864.996,2.6097131
865.582,2.6088295
866.168,2.6079469
866.754,2.607065
867.34,2.606184
867.926,2.605304
868.512,2.604425
869.098,2.6035466
869.684,2.6026692
870.27,2.6017928
870.856,2.6009173
871.442,2.6000426
872.028,2.5991688
872.614,2.5982957
873.2,2.5974238
873.786,2.5965526
874.372,2.5956821
874.958,2.5948129
875.544,2.5939443
876.13,2.5930765
876.716,2.5922098
877.302,2.5913439
877.888,2.5904787
878.474,2.5896144
879.06,2.5887511
879.646,2.5878887
880.232,2.5870271
880.818,2.5861661
881.404,2.5853064
881.99,2.5844471
882.576,2.5835891
883.162,2.5827317
883.748,2.5818751
884.334,2.5810196
884.92,2.5801647
885.506,2.5793109
886.092,2.5784578
886.678,2.5776055
887.264,2.5767541
887.85,2.5759034
888.436,2.5750537
889.022,2.5742049
889.608,2.5733569
890.194,2.5725098
890.78,2.5716634
891.366,2.5708177
891.952,2.569973
892.538,2.5691292
893.124,2.5682862
893.71,2.5674438
894.296,2.5666025
894.882,2.565762
895.468,2.5649223
896.054,2.5640833
896.64,2.5632453
897.226,2.562408
897.812,2.5615716
898.398,2.5607359
898.984,2.5599012
899.57,2.5590672
900.156,2.558234
900.742,2.5574017
901.328,2.5565701
901.914,2.5557394
902.5,2.5549095
903.086,2.5540802
903.672,2.553252
904.258,2.5524244
904.844,2.5515978
905.43,2.5507717
906.016,2.5499468
906.602,2.5491223
907.188,2.5482988
907.774,2.5474763
908.36,2.5466542
908.946,2.5458331
909.532,2.545013
910.118,2.5441933
910.704,2.5433745
911.29,2.5425565
911.876,2.5417395
912.462,2.5409231
913.048,2.5401075
913.634,2.5392928
914.22,2.5384786
914.806,2.5376654
915.392,2.5368528
915.978,2.5360413
916.564,2.5352304
917.15,2.5344203
917.736,2.5336111
918.322,2.5328023
918.908,2.5319946
919.494,2.5311875
920.08,2.5303812
920.666,2.5295758
921.252,2.5287712
921.838,2.5279672
922.424,2.527164
923.01,2.5263615
923.596,2.5255599
924.182,2.5247591
924.768,2.5239589
925.354,2.5231595
925.94,2.5223608
926.526,2.5215631
927.112,2.520766
927.698,2.5199695
928.284,2.5191741
928.87,2.5183792
929.456,2.517585
930.042,2.5167918
930.628,2.5159991
931.214,2.5152073
931.8,2.5144162
932.386,2.5136259
932.972,2.5128362
933.558,2.5120475
934.144,2.5112593
934.73,2.5104721
935.316,2.5096853
935.902,2.5088995
936.488,2.5081143
937.074,2.5073297
937.66,2.506546
938.246,2.5057633
938.832,2.504981
939.418,2.5041995
940.004,2.5034187
940.59,2.5026388
941.176,2.5018594
941.762,2.5010808
942.348,2.500303
942.934,2.4995258
943.52,2.4987495
944.106,2.4979739
944.692,2.4971988
945.278,2.4964247
945.864,2.4956512
946.45,2.4948783
947.036,2.4941063
947.622,2.493335
948.208,2.4925642
948.794,2.4917943
949.38,2.4910252
949.966,2.4902568
950.552,2.4894888
951.138,2.4887218
951.724,2.4879556
952.31,2.4871898
952.896,2.4864249
953.482,2.4856606
954.068,2.4848969
954.654,2.4841342
955.24,2.483372
955.826,2.4826105
956.412,2.4818499
956.998,2.4810898
957.584,2.4803305
958.17,2.4795718
958.756,2.4788139
959.342,2.4780567
959.928,2.4773002
960.514,2.4765441
961.1,2.4757891
961.686,2.4750345
962.272,2.4742806
962.858,2.4735277
963.444,2.4727752
964.03,2.4720235
964.616,2.4712725
965.202,2.4705219
965.788,2.4697723
966.374,2.4690232
966.96,2.4682751
967.546,2.4675274
968.132,2.4667804
968.718,2.4660342
969.304,2.4652884
969.89,2.4645436
970.476,2.4637992
971.062,2.4630556
971.648,2.4623129
972.234,2.4615705
972.82,2.460829
973.406,2.4600883
973.992,2.459348
974.578,2.4586084
975.164,2.4578695
975.75,2.4571311
976.336,2.4563937
976.922,2.4556568
977.508,2.4549205
978.094,2.454185
978.68,2.45345
979.266,2.4527159
979.852,2.4519823
980.438,2.4512494
981.024,2.4505169
981.61,2.4497855
982.196,2.4490545
982.782,2.4483242
983.368,2.4475944
983.954,2.4468653
984.54,2.4461372
985.126,2.4454093
985.712,2.4446824
986.298,2.4439559
986.884,2.4432302
987.47,2.4425051
988.056,2.4417806
988.642,2.4410567
989.228,2.4403336
989.814,2.439611
990.4,2.438889
990.986,2.4381678
991.572,2.4374473
992.158,2.4367273
992.744,2.436008
993.33,2.4352894
993.916,2.4345713
994.502,2.4338539
995.088,2.4331369
995.674,2.4324207
996.26,2.4317052
996.846,2.4309905
997.432,2.4302762
998.018,2.4295626
998.604,2.4288495
999.19,2.4281371
999.776,2.4274254
1000.362,2.4267142
1000.948,2.4260037
1001.534,2.4252939
1002.12,2.4245846
1002.706,2.423876
1003.292,2.4231679
1003.878,2.4224606
1004.464,2.4217539
1005.05,2.4210477
1005.636,2.4203422
1006.222,2.4196372
1006.808,2.4189329
1007.394,2.4182293
1007.98,2.4175262
1008.566,2.4168236
1009.152,2.416122
1009.738,2.4154205
1010.324,2.4147201
1010.91,2.4140201
1011.496,2.4133205
1012.082,2.4126217
1012.668,2.4119236
1013.254,2.411226
1013.84,2.4105291
1014.426,2.4098327
1015.012,2.409137
1015.598,2.4084418
1016.184,2.4077473
1016.77,2.4070532
1017.356,2.4063599
1017.942,2.4056671
1018.528,2.4049749
1019.114,2.4042833
1019.7,2.4035923
1020.286,2.4029021
1020.872,2.4022124
1021.458,2.4015231
1022.044,2.4008346
1022.63,2.4001465
1023.216,2.3994591
1023.802,2.3987722
1024.388,2.3980861
1024.974,2.3974004
1025.56,2.3967154
1026.146,2.3960309
1026.732,2.3953471
1027.318,2.3946638
1027.904,2.3939812
1028.49,2.3932991
1029.076,2.3926175
1029.662,2.3919365
1030.248,2.3912563
1030.834,2.3905764
1031.42,2.3898971
1032.006,2.3892186
1032.592,2.3885405
1033.178,2.3878632
1033.764,2.3871861
1034.35,2.3865099
1034.936,2.3858342
1035.522,2.385159
1036.108,2.3844843
1036.694,2.3838103
1037.28,2.383137
1037.866,2.3824642
1038.452,2.3817918
1039.038,2.38112
1039.624,2.3804488
1040.21,2.3797784
1040.796,2.3791082
1041.382,2.3784387
1041.968,2.3777699
1042.554,2.3771017
1043.14,2.3764338
1043.726,2.3757665
1044.312,2.3750999
1044.898,2.374434
1045.484,2.3737683
1046.07,2.3731034
1046.656,2.3724391
1047.242,2.3717752
1047.828,2.3711119
1048.414,2.3704493
1049,2.369787
1049.586,2.3691254
1050.172,2.3684645
1050.758,2.3678041
1051.344,2.3671439
1051.93,2.3664846
1052.516,2.3658257
1053.102,2.3651674
1053.688,2.3645096
1054.274,2.3638525
1054.86,2.3631959
1055.446,2.3625398
1056.032,2.3618844
1056.618,2.3612292
1057.204,2.3605747
1057.79,2.359921
1058.376,2.3592675
1058.962,2.3586147
1059.548,2.3579624
1060.134,2.3573103
1060.72,2.3566589
1061.306,2.3560081
1061.892,2.3553579
1062.478,2.3547082
1063.064,2.354059
1063.65,2.3534102
1064.236,2.352762
1064.822,2.3521144
1065.408,2.3514674
1065.994,2.3508208
1066.58,2.3501747
1067.166,2.3495293
1067.752,2.3488843
1068.338,2.3482399
1068.924,2.3475959
1069.51,2.3469527
1070.096,2.3463099
1070.682,2.3456676
1071.268,2.3450258
1071.854,2.3443844
1072.44,2.3437438
1073.026,2.3431036
1073.612,2.342464
1074.198,2.3418248
1074.784,2.341186
1075.37,2.340548
1075.956,2.3399105
1076.542,2.3392735
1077.128,2.3386369
1077.714,2.3380008
1078.3,2.3373654
1078.886,2.3367305
1079.472,2.336096
1080.058,2.3354621
1080.644,2.3348286
1081.23,2.3341956
1081.816,2.3335633
1082.402,2.3329315
1082.988,2.3322999
1083.574,2.3316693
1084.16,2.331039
1084.746,2.330409
1085.332,2.3297799
1085.918,2.3291509
1086.504,2.3285227
1087.09,2.3278949
1087.676,2.3272676
1088.262,2.3266408
1088.848,2.3260145
1089.434,2.3253887
1090.02,2.3247635
1090.606,2.3241389
1091.192,2.3235147
1091.778,2.3228908
1092.364,2.3222675
1092.95,2.3216448
1093.536,2.3210227
1094.122,2.320401
1094.708,2.3197796
1095.294,2.319159
1095.88,2.3185387
1096.466,2.317919
1097.052,2.3172998
1097.638,2.3166811
1098.224,2.3160627
1098.81,2.3154452
1099.396,2.3148277
1099.982,2.3142111
1100.568,2.3135948
1101.154,2.312979
1101.74,2.3123636
1102.326,2.311749
1102.912,2.3111346
1103.498,2.3105209
1104.084,2.3099077
1104.67,2.3092947
1105.256,2.3086824
1105.842,2.3080707
1106.428,2.3074594
1107.014,2.3068483
1107.6,2.3062379
1108.186,2.3056281
1108.772,2.3050187
1109.358,2.3044097
1109.944,2.3038013
1110.53,2.3031933
1111.116,2.3025858
1111.702,2.3019788
1112.288,2.3013723
1112.874,2.3007662
1113.46,2.3001609
1114.046,2.2995555
1114.632,2.2989511
1115.218,2.298347
1115.804,2.2977433
1116.39,2.2971401
1116.976,2.2965374
1117.562,2.2959354
1118.148,2.2953336
1118.734,2.2947323
1119.32,2.2941315
1119.906,2.2935312
1120.492,2.2929313
1121.078,2.2923319
1121.664,2.291733
1122.25,2.2911346
1122.836,2.2905366
1123.422,2.2899392
1124.008,2.2893422
1124.594,2.2887456
1125.18,2.2881496
1125.766,2.287554
1126.352,2.2869587
1126.938,2.2863641
1127.524,2.2857699
1128.11,2.285176
1128.696,2.2845829
1129.282,2.2839899
1129.868,2.2833977
1130.454,2.2828057
1131.04,2.2822142
1131.626,2.2816234
1132.212,2.2810328
1132.798,2.2804427
1133.384,2.2798531
1133.97,2.279264
1134.556,2.2786753
1135.142,2.2780871
1135.728,2.2774994
1136.314,2.276912
1136.9,2.2763252
1137.486,2.2757387
1138.072,2.2751529
1138.658,2.2745674
1139.244,2.2739823
1139.83,2.2733977
1140.416,2.2728136
1141.002,2.2722299
1141.588,2.2716467
1142.174,2.2710638
1142.76,2.2704816
1143.346,2.2698996
1143.932,2.2693183
1144.518,2.2687373
1145.104,2.2681568
1145.69,2.2675767
1146.276,2.2669971
1146.862,2.266418
1147.448,2.2658391
1148.034,2.2652607
1148.62,2.264683
1149.206,2.2641056
1149.792,2.2635286
1150.378,2.2629521
1150.964,2.2623758
1151.55,2.2618003
1152.136,2.2612252
1152.722,2.2606504
1153.308,2.260076
1153.894,2.2595022
1154.48,2.2589288
1155.066,2.2583559
1155.652,2.2577832
1156.238,2.257211
1156.824,2.2566395
1157.41,2.2560682
1157.996,2.2554975
1158.582,2.2549269
1159.168,2.2543571
1159.754,2.2537875
1160.34,2.2532179
1160.926,2.2526491
1161.512,2.2520807
1162.098,2.2515125
1162.684,2.2509449
1163.27,2.2503777
1163.856,2.2498109
1164.442,2.2492447
1165.028,2.2486787
1165.614,2.2481132
1166.2,2.2475481
1166.786,2.2469835
1167.372,2.2464194
1167.958,2.2458556
1168.544,2.2452922
1169.13,2.2447293
1169.716,2.2441669
1170.302,2.2436049
1170.888,2.2430432
1171.474,2.2424819
1172.06,2.2419212
1172.646,2.2413607
1173.232,2.2408009
1173.818,2.2402413
1174.404,2.2396822
1174.99,2.2391233
1175.576,2.2385652
1176.162,2.2380073
1176.748,2.2374499
1177.334,2.2368929
1177.92,2.2363362
1178.506,2.23578
1179.092,2.2352242
1179.678,2.234669
1180.264,2.2341139
1180.85,2.2335594
1181.436,2.2330053
1182.022,2.2324517
1182.608,2.2318983
1183.194,2.2313457
1183.78,2.230793
1184.366,2.2302411
1184.952,2.2296894
1185.538,2.2291381
1186.124,2.2285874
1186.71,2.2280369
1187.296,2.2274868
1187.882,2.2269373
1188.468,2.2263882
1189.054,2.2258394
1189.64,2.225291
1190.226,2.2247431
1190.812,2.2241957
1191.398,2.2236485
1191.984,2.2231016
1192.57,2.2225554
1193.156,2.2220094
1193.742,2.2214639
1194.328,2.2209189
1194.914,2.2203741
1195.5,2.2198298
1196.086,2.219286
1196.672,2.2187424
1197.258,2.2181993
1197.844,2.2176566
1198.43,2.2171142
1199.016,2.2165725
1199.602,2.2160308
1200.188,2.2154899
1200.774,2.2149491
1201.36,2.2144089
1201.946,2.2138689
1202.532,2.2133293
1203.118,2.2127903
1203.704,2.2122517
1204.29,2.2117131
1204.876,2.2111752
1205.462,2.2106378
1206.048,2.2101007
1206.634,2.209564
1207.22,2.2090275
1207.806,2.2084916
1208.392,2.2079561
1208.978,2.2074208
1209.564,2.2068861
1210.15,2.2063515
1210.736,2.2058177
1211.322,2.2052839
1211.908,2.2047508
1212.494,2.2042179
1213.08,2.2036855
1213.666,2.2031534
1214.252,2.2026217
1214.838,2.2020905
1215.424,2.2015595
1216.01,2.2010291
1216.596,2.2004988
1217.182,2.1999693
1217.768,2.1994398
1218.354,2.198911
1218.94,2.1983821
1219.526,2.197854
1220.112,2.1973262
1220.698,2.1967988
1221.284,2.1962717
1221.87,2.195745
1222.456,2.1952188
1223.042,2.1946929
1223.628,2.1941674
1224.214,2.1936421
1224.8,2.1931174
1225.386,2.1925931
1225.972,2.1920691
1226.558,2.1915452
1227.144,2.1910219
1227.73,2.1904991
1228.316,2.1899767
1228.902,2.1894546
1229.488,2.1889327
1230.074,2.1884115
1230.66,2.1878905
1231.246,2.1873698
1231.832,2.1868494
1232.418,2.1863296
1233.004,2.1858101
1233.59,2.1852911
1234.176,2.1847723
1234.762,2.1842539
1235.348,2.1837358
1235.934,2.1832182
1236.52,2.1827009
1237.106,2.182184
1237.692,2.1816673
1238.278,2.1811512
1238.864,2.1806355
1239.45,2.18012
1240.036,2.179605
1240.622,2.1790903
1241.208,2.178576
1241.794,2.1780617
1242.38,2.1775477
1242.966,2.1770341
1243.552,2.1765208
1244.138,2.176008
1244.724,2.1754956
1245.31,2.1749833
1245.896,2.1744716
1246.482,2.1739602
1247.068,2.173449
1247.654,2.1729383
1248.24,2.1724281
1248.826,2.1719182
1249.412,2.1714087
1249.998,2.1708994
1250.584,2.1703904
1251.17,2.1698821
1251.756,2.169374
1252.342,2.1688662
1252.928,2.1683586
1253.514,2.1678517
1254.1,2.1673448
1254.686,2.1668386
1255.272,2.1663327
1255.858,2.165827
1256.444,2.1653218
1257.03,2.1648169
1257.616,2.1643121
1258.202,2.1638081
1258.788,2.1633043
1259.374,2.1628008
1259.96,2.1622975
1260.546,2.1617949
1261.132,2.1612923
1261.718,2.1607904
1262.304,2.1602886
1262.89,2.1597874
1263.476,2.1592863
1264.062,2.1587858
1264.648,2.1582854
1265.234,2.1577854
1265.82,2.1572859
1266.406,2.1567867
1266.992,2.1562877
1267.578,2.1557891
1268.164,2.1552911
1268.75,2.1547933
1269.336,2.1542957
1269.922,2.1537986
1270.508,2.1533017
1271.094,2.1528053
1271.68,2.1523092
1272.266,2.1518135
1272.852,2.1513181
1273.438,2.1508231
1274.024,2.1503284
1274.61,2.1498339
1275.196,2.1493399
1275.782,2.1488461
1276.368,2.1483529
1276.954,2.1478601
1277.54,2.1473672
1278.126,2.1468749
1278.712,2.146383
1279.298,2.1458914
1279.884,2.1454
1280.47,2.1449091
1281.056,2.1444187
1281.642,2.1439283
1282.228,2.1434383
1282.814,2.1429489
1283.4,2.1424596
1283.986,2.1419706
1284.572,2.1414821
1285.158,2.1409938
1285.744,2.140506
1286.33,2.1400185
1286.916,2.1395314
1287.502,2.1390443
1288.088,2.1385579
1288.674,2.1380715
1289.26,2.1375856
1289.846,2.1371002
1290.432,2.136615
1291.018,2.1361301
1291.604,2.1356456
1292.19,2.1351614
1292.776,2.1346776
1293.362,2.1341939
1293.948,2.1337109
1294.534,2.1332281
1295.12,2.1327455
1295.706,2.1322632
1296.292,2.1317813
1296.878,2.1312997
1297.464,2.1308186
1298.05,2.1303375
1298.636,2.1298571
1299.222,2.1293769
1299.808,2.128897
1300.394,2.1284173
1300.98,2.127938
1301.566,2.127459
1302.152,2.1269805
1302.738,2.1265023
1303.324,2.126024
1303.91,2.125546
1304.496,2.1250684
1305.082,2.1245911
1305.668,2.124114
1306.254,2.1236374
1306.84,2.1231608
1307.426,2.122685
1308.012,2.1222091
1308.598,2.1217337
1309.184,2.1212587
1309.77,2.1207838
1310.356,2.1203096
1310.942,2.1198354
1311.528,2.1193616
1312.114,2.1188879
1312.7,2.1184149
1313.286,2.1179421
1313.872,2.1174695
1314.458,2.1169975
1315.044,2.1165254
1315.63,2.1160538
1316.216,2.1155827
1316.802,2.1151118
1317.388,2.1146412
1317.974,2.1141708
1318.56,2.1137009
1319.146,2.1132312
1319.732,2.1127617
1320.318,2.1122928
1320.904,2.111824
1321.49,2.1113558
1322.076,2.1108875
1322.662,2.1104198
1323.248,2.1099524
1323.834,2.1094851
1324.42,2.1090183
1325.006,2.108552
1325.592,2.1080856
1326.178,2.1076198
1326.764,2.1071541
1327.35,2.106689
1327.936,2.1062241
1328.522,2.1057594
1329.108,2.1052949
1329.694,2.104831
1330.28,2.1043673
1330.866,2.1039038
1331.452,2.1034408
1332.038,2.102978
1332.624,2.1025155
1333.21,2.1020532
1333.796,2.1015913
1334.382,2.1011298
1334.968,2.1006687
1335.554,2.1002076
1336.14,2.0997469
1336.726,2.0992866
1337.312,2.0988266
1337.898,2.098367
1338.484,2.0979075
1339.07,2.0974483
1339.656,2.0969894
1340.242,2.0965309
1340.828,2.0960727
1341.414,2.0956149
1342,2.0951574
1342.586,2.0946999
1343.172,2.0942428
1343.758,2.0937862
1344.344,2.0933299
1344.93,2.0928738
1345.516,2.092418
1346.102,2.0919626
1346.688,2.0915072
1347.274,2.0910523
1347.86,2.0905976
1348.446,2.0901434
1349.032,2.0896895
1349.618,2.0892358
1350.204,2.0887823
1350.79,2.0883291
1351.376,2.0878763
1351.962,2.0874238
1352.548,2.0869715
1353.134,2.0865197
1353.72,2.0860679
1354.306,2.0856166
1354.892,2.0851657
1355.478,2.0847149
1356.064,2.0842645
1356.65,2.0838144
1357.236,2.0833645
1357.822,2.0829148
1358.408,2.0824656
1358.994,2.0820167
1359.58,2.081568
1360.166,2.0811195
1360.752,2.0806713
1361.338,2.0802236
1361.924,2.079776
1362.51,2.0793288
1363.096,2.078882
1363.682,2.0784352
1364.268,2.0779889
1364.854,2.0775428
1365.44,2.0770969
1366.026,2.0766516
1366.612,2.0762062
1367.198,2.0757613
1367.784,2.0753167
1368.37,2.0748723
1368.956,2.0744283
1369.542,2.0739846
1370.128,2.0735412
1370.714,2.0730979
1371.3,2.072655
1371.886,2.0722122
1372.472,2.07177
1373.058,2.0713279
1373.644,2.0708861
1374.23,2.0704446
1374.816,2.0700035
1375.402,2.0695624
1375.988,2.0691218
1376.574,2.0686815
1377.16,2.0682414
1377.746,2.0678017
1378.332,2.0673621
1378.918,2.0669229
1379.504,2.066484
1380.09,2.0660453
1380.676,2.0656071
1381.262,2.0651689
1381.848,2.0647309
1382.434,2.0642934
1383.02,2.0638561
1383.606,2.0634193
1384.192,2.0629821
1384.778,2.0625455
1385.364,2.062109
1385.95,2.0616729
1386.536,2.0612371
1387.122,2.0608015
1387.708,2.0603662
1388.294,2.059931
1388.88,2.0594964
1389.466,2.0590618
1390.052,2.0586276
1390.638,2.0581937
1391.224,2.05776
1391.81,2.0573266
1392.396,2.0568936
1392.982,2.0564609
1393.568,2.0560281
1394.154,2.0555959
1394.74,2.0551639
1395.326,2.0547321
1395.912,2.0543008
1396.498,2.0538695
1397.084,2.0534387
1397.67,2.0530081
1398.256,2.0525777
1398.842,2.0521476
1399.428,2.0517178
1400.014,2.0512881
1400.6,2.050859
1401.186,2.0504298
1401.772,2.0500011
1402.358,2.0495727
1402.944,2.0491445
1403.53,2.0487165
1404.116,2.0482891
1404.702,2.0478616
1405.288,2.0474346
1405.874,2.0470076
1406.46,2.046581
1407.046,2.0461547
1407.632,2.0457287
1408.218,2.0453029
1408.804,2.0448775
1409.39,2.0444522
1409.976,2.0440271
1410.562,2.0436025
1411.148,2.0431781
1411.734,2.0427539
1412.32,2.0423298
1412.906,2.0419064
1413.492,2.0414829
1414.078,2.0410597
1414.664,2.040637
1415.25,2.0402143
1415.836,2.0397921
1416.422,2.0393701
1417.008,2.0389483
1417.594,2.0385265
1418.18,2.0381052
1418.766,2.0376842
1419.352,2.0372636
1419.938,2.0368431
1420.524,2.036423
1421.11,2.0360029
1421.696,2.0355833
1422.282,2.0351639
1422.868,2.0347447
1423.454,2.0343256
1424.04,2.0339069
1424.626,2.0334885
1425.212,2.0330706
1425.798,2.0326526
1426.384,2.0322349
1426.97,2.0318177
1427.556,2.0314004
1428.142,2.0309837
1428.728,2.0305669
1429.314,2.0301507
1429.9,2.0297346
1430.486,2.0293188
1431.072,2.0289032
1431.658,2.0284879
1432.244,2.0280728
1432.83,2.027658
1433.416,2.0272436
1434.002,2.0268292
1434.588,2.0264151
1435.174,2.0260015
1435.76,2.025588
1436.346,2.0251746
1436.932,2.0247617
1437.518,2.024349
1438.104,2.0239365
1438.69,2.023524
1439.276,2.0231121
1439.862,2.0227003
1440.448,2.022289
1441.034,2.0218778
1441.62,2.0214667
1442.206,2.0210559
1442.792,2.0206454
1443.378,2.0202353
1443.964,2.0198252
1444.55,2.0194154
1445.136,2.019006
1445.722,2.0185966
1446.308,2.0181878
1446.894,2.0177791
1447.48,2.0173705
1448.066,2.0169623
1448.652,2.0165544
1449.238,2.0161467
1449.824,2.0157392
1450.41,2.015332
1450.996,2.0149248
1451.582,2.0145183
1452.168,2.0141118
1452.754,2.0137055
1453.34,2.0132995
1453.926,2.0128937
1454.512,2.0124881
1455.098,2.0120828
1455.684,2.0116777
1456.27,2.0112729
1456.856,2.0108685
1457.442,2.0104642
1458.028,2.0100601
1458.614,2.0096564
1459.2,2.0092528
1459.786,2.0088496
1460.372,2.0084465
1460.958,2.0080435
1461.544,2.0076411
1462.13,2.0072386
1462.716,2.0068367
1463.302,2.0064347
1463.888,2.0060332
1464.474,2.0056317
1465.06,2.0052307
1465.646,2.0048299
1466.232,2.0044291
1466.818,2.0040288
1467.404,2.0036285
1467.99,2.0032287
1468.576,2.0028291
1469.162,2.0024295
1469.748,2.0020304
1470.334,2.0016313
1470.92,2.0012326
1471.506,2.0008342
1472.092,2.0004358
1472.678,2.0000379
1473.264,1.9996401
1473.85,1.9992427
1474.436,1.9988452
1475.022,1.9984483
1475.608,1.9980514
1476.194,1.9976549
1476.78,1.9972585
1477.366,1.9968624
1477.952,1.9964665
1478.538,1.9960709
1479.124,1.9956754
1479.71,1.9952804
1480.296,1.9948853
1480.882,1.9944907
1481.468,1.9940963
1482.054,1.9937021
1482.64,1.9933079
1483.226,1.9929143
1483.812,1.9925208
1484.398,1.9921274
1484.984,1.9917344
1485.57,1.9913416
1486.156,1.990949
1486.742,1.9905567
1487.328,1.9901645
1487.914,1.9897727
1488.5,1.989381
1489.086,1.9889896
1489.672,1.9885983
1490.258,1.9882073
1490.844,1.9878167
1491.43,1.987426
1492.016,1.9870359
1492.602,1.9866458
1493.188,1.986256
1493.774,1.9858664
1494.36,1.9854771
1494.946,1.985088
1495.532,1.9846991
1496.118,1.9843104
1496.704,1.983922
1497.29,1.9835339
1497.876,1.9831458
1498.462,1.982758
1499.048,1.9823705
1499.634,1.9819832
1500.22,1.9815962
1500.806,1.9812093
1501.392,1.9808227
1501.978,1.9804363
1502.564,1.9800501
1503.15,1.9796642
1503.736,1.9792786
1504.322,1.978893
1504.908,1.9785078
1505.494,1.9781227
1506.08,1.9777379
1506.666,1.9773531
1507.252,1.9769685
1507.838,1.9765842
1508.424,1.9762002
1509.01,1.9758162
1509.596,1.9754328
1510.182,1.9750494
1510.768,1.9746661
1511.354,1.9742831
1511.94,1.9739004
1512.526,1.9735179
1513.112,1.9731357
1513.698,1.9727535
1514.284,1.9723717
1514.87,1.9719901
1515.456,1.9716088
1516.042,1.9712275
1516.628,1.9708467
1517.214,1.9704659
1517.8,1.9700854
1518.386,1.9697051
1518.972,1.9693251
1519.558,1.9689451
1520.144,1.9685656
1520.73,1.9681861
1521.316,1.9678071
1521.902,1.9674281
1522.488,1.9670492
1523.074,1.9666708
1523.66,1.9662924
1524.246,1.9659144
1524.832,1.9655365
1525.418,1.9651588
1526.004,1.9647814
1526.59,1.9644042
1527.176,1.9640272
1527.762,1.9636505
1528.348,1.9632739
1528.934,1.9628975
1529.52,1.9625213
1530.106,1.9621454
1530.692,1.9617697
1531.278,1.9613943
1531.864,1.961019
1532.45,1.960644
1533.036,1.9602691
1533.622,1.9598945
1534.208,1.9595201
1534.794,1.9591459
1535.38,1.9587719
1535.966,1.9583982
1536.552,1.9580246
1537.138,1.9576513
1537.724,1.9572781
1538.31,1.9569052
1538.896,1.9565326
1539.482,1.9561602
1540.068,1.9557879
1540.654,1.9554158
1541.24,1.9550439
1541.826,1.9546723
1542.412,1.954301
1542.998,1.9539298
1543.584,1.9535588
1544.17,1.9531881
1544.756,1.9528174
1545.342,1.9524471
1545.928,1.9520769
1546.514,1.951707
1547.1,1.9513373
1547.686,1.9509678
1548.272,1.9505985
1548.858,1.9502294
1549.444,1.9498606
1550.03,1.9494919
1550.616,1.9491234
1551.202,1.9487551
1551.788,1.9483871
1552.374,1.9480193
1552.96,1.9476516
1553.546,1.9472842
1554.132,1.9469171
1554.718,1.94655
1555.304,1.9461832
1555.89,1.9458166
1556.476,1.9454503
1557.062,1.9450841
1557.648,1.9447181
1558.234,1.9443524
1558.82,1.9439869
1559.406,1.9436215
1559.992,1.9432564
1560.578,1.9428915
1561.164,1.9425267
1561.75,1.9421622
1562.336,1.9417979
1562.922,1.9414338
1563.508,1.9410698
1564.094,1.9407061
1564.68,1.9403427
1565.266,1.9399794
1565.852,1.9396163
1566.438,1.9392534
1567.024,1.9388908
1567.61,1.9385283
1568.196,1.938166
1568.782,1.937804
1569.368,1.9374421
1569.954,1.9370805
1570.54,1.9367191
1571.126,1.9363577
1571.712,1.9359967
1572.298,1.9356358
1572.884,1.9352752
1573.47,1.9349147
1574.056,1.9345546
1574.642,1.9341944
1575.228,1.9338347
1575.814,1.933475
1576.4,1.9331156
1576.986,1.9327563
1577.572,1.9323974
1578.158,1.9320384
1578.744,1.9316798
1579.33,1.9313214
1579.916,1.9309632
1580.502,1.9306052
1581.088,1.9302473
1581.674,1.9298897
1582.26,1.9295322
1582.846,1.929175
1583.432,1.9288179
1584.018,1.9284611
1584.604,1.9281044
1585.19,1.927748
1585.776,1.9273918
1586.362,1.9270357
1586.948,1.9266798
1587.534,1.9263241
1588.12,1.9259688
1588.706,1.9256134
1589.292,1.9252584
1589.878,1.9249035
1590.464,1.9245489
1591.05,1.9241943
1591.636,1.92384
1592.222,1.923486
1592.808,1.9231322
1593.394,1.9227785
1593.98,1.9224249
1594.566,1.9220717
1595.152,1.9217185
1595.738,1.9213656
1596.324,1.9210129
1596.91,1.9206604
1597.496,1.9203081
1598.082,1.919956
1598.668,1.9196039
1599.254,1.9192523
1599.84,1.9189006
1600.426,1.9185493
1601.012,1.9181981
1601.598,1.9178472
1602.184,1.9174963
1602.77,1.9171458
1603.356,1.9167954
1603.942,1.9164453
1604.528,1.9160951
1605.114,1.9157454
1605.7,1.9153957
1606.286,1.9150463
1606.872,1.9146971
1607.458,1.914348
1608.044,1.9139992
1608.63,1.9136505
1609.216,1.9133019
1609.802,1.9129537
1610.388,1.9126056
1610.974,1.9122577
1611.56,1.9119099
1612.146,1.9115624
1612.732,1.9112151
1613.318,1.9108679
1613.904,1.9105209
1614.49,1.9101743
1615.076,1.9098276
1615.662,1.9094812
1616.248,1.909135
1616.834,1.9087889
1617.42,1.9084431
1618.006,1.9080975
1618.592,1.907752
1619.178,1.9074068
1619.764,1.9070617
1620.35,1.9067168
1620.936,1.9063721
1621.522,1.9060276
1622.108,1.9056833
1622.694,1.9053391
1623.28,1.9049952
1623.866,1.9046514
1624.452,1.9043078
1625.038,1.9039644
1625.624,1.9036212
1626.21,1.9032781
1626.796,1.9029353
1627.382,1.9025927
1627.968,1.9022502
1628.554,1.9019079
1629.14,1.9015658
1629.726,1.9012239
1630.312,1.9008821
1630.898,1.9005406
1631.484,1.9001993
1632.07,1.899858
1632.656,1.8995171
1633.242,1.8991762
1633.828,1.8988357
1634.414,1.8984952
1635,1.8981549
1635.586,1.8978149
1636.172,1.8974749
1636.758,1.8971353
1637.344,1.8967957
1637.93,1.8964564
1638.516,1.8961172
1639.102,1.8957782
1639.688,1.8954394
1640.274,1.8951007
1640.86,1.8947623
1641.446,1.8944241
1642.032,1.894086
1642.618,1.893748
1643.204,1.8934103
1643.79,1.8930728
1644.376,1.8927355
1644.962,1.8923984
1645.548,1.8920614
1646.134,1.8917245
1646.72,1.8913878
1647.306,1.8910514
1647.892,1.8907151
1648.478,1.8903791
1649.064,1.8900431
1649.65,1.8897073
1650.236,1.8893719
1650.822,1.8890364
1651.408,1.8887013
1651.994,1.8883662
1652.58,1.8880314
1653.166,1.8876967
1653.752,1.8873622
1654.338,1.8870279
1654.924,1.8866938
1655.51,1.8863598
1656.096,1.886026
1656.682,1.8856925
1657.268,1.885359
1657.854,1.8850257
1658.44,1.8846927
1659.026,1.8843598
1659.612,1.8840271
1660.198,1.8836945
1660.784,1.8833622
1661.37,1.8830299
1661.956,1.8826981
1662.542,1.8823662
1663.128,1.8820345
1663.714,1.881703
1664.3,1.8813717
1664.886,1.8810406
1665.472,1.8807096
1666.058,1.8803788
1666.644,1.8800482
1667.23,1.8797178
1667.816,1.8793875
1668.402,1.8790574
1668.988,1.8787274
1669.574,1.8783977
1670.16,1.8780682
1670.746,1.8777388
1671.332,1.8774096
1671.918,1.8770806
1672.504,1.8767517
1673.09,1.8764229
1673.676,1.8760945
1674.262,1.875766
1674.848,1.8754379
1675.434,1.8751099
1676.02,1.874782
1676.606,1.8744544
1677.192,1.8741268
1677.778,1.8737996
1678.364,1.8734723
1678.95,1.8731453
1679.536,1.8728186
1680.122,1.872492
1680.708,1.8721654
1681.294,1.8718392
1681.88,1.871513
1682.466,1.8711871
1683.052,1.8708613
1683.638,1.8705356
1684.224,1.8702102
1684.81,1.8698848
1685.396,1.8695599
1685.982,1.8692349
1686.568,1.8689101
1687.154,1.8685855
1687.74,1.8682611
1688.326,1.8679368
1688.912,1.8676127
1689.498,1.8672888
1690.084,1.8669651
1690.67,1.8666414
1691.256,1.866318
1691.842,1.8659948
1692.428,1.8656718
1693.014,1.8653488
1693.6,1.865026
1694.186,1.8647034
1694.772,1.8643811
1695.358,1.8640589
1695.944,1.8637366
1696.53,1.8634148
1697.116,1.863093
1697.702,1.8627715
1698.288,1.8624501
1698.874,1.8621289
1699.46,1.8618077
1700.046,1.8614868
1700.632,1.861166
1701.218,1.8608454
1701.804,1.860525
1702.39,1.8602048
1702.976,1.8598847
1703.562,1.8595648
1704.148,1.8592451
1704.734,1.8589255
1705.32,1.8586061
1705.906,1.8582867
1706.492,1.8579676
1707.078,1.8576487
1707.664,1.85733
1708.25,1.8570113
1708.836,1.8566929
1709.422,1.8563746
1710.008,1.8560566
1710.594,1.8557386
1711.18,1.8554208
1711.766,1.8551031
1712.352,1.8547857
1712.938,1.8544685
1713.524,1.8541512
1714.11,1.8538343
1714.696,1.8535174
1715.282,1.8532008
1715.868,1.8528844
1716.454,1.852568
1717.04,1.8522519
1717.626,1.8519359
1718.212,1.8516201
1718.798,1.8513044
1719.384,1.8509889
1719.97,1.8506734
1720.556,1.8503582
1721.142,1.8500433
1721.728,1.8497283
1722.314,1.8494136
1722.9,1.8490992
1723.486,1.8487848
1724.072,1.8484704
1724.658,1.8481565
1725.244,1.8478426
1725.83,1.8475288
1726.416,1.8472152
1727.002,1.8469018
1727.588,1.8465885
1728.174,1.8462753
1728.76,1.8459624
1729.346,1.8456496
1729.932,1.845337
1730.518,1.8450246
1731.104,1.8447121
1731.69,1.8444
1732.276,1.8440881
1732.862,1.8437762
1733.448,1.8434645
1734.034,1.843153
1734.62,1.8428416
1735.206,1.8425305
1735.792,1.8422194
1736.378,1.8419085
1736.964,1.8415978
1737.55,1.8412871
1738.136,1.8409767
1738.722,1.8406664
1739.308,1.8403563
1739.894,1.8400464
1740.48,1.8397366
1741.066,1.839427
1741.652,1.8391175
1742.238,1.8388082
1742.824,1.838499
1743.41,1.83819
1743.996,1.8378811
1744.582,1.8375725
1745.168,1.8372638
1745.754,1.8369554
1746.34,1.8366473
1746.926,1.8363391
1747.512,1.8360312
1748.098,1.8357234
1748.684,1.8354157
1749.27,1.8351083
1749.856,1.8348011
1750.442,1.8344939
1751.028,1.8341869
1751.614,1.8338801
1752.2,1.8335733
1752.786,1.8332669
1753.372,1.8329604
1753.958,1.8326542
1754.544,1.8323481
1755.13,1.8320422
1755.716,1.8317363
1756.302,1.8314308
1756.888,1.8311253
1757.474,1.83082
1758.06,1.8305148
1758.646,1.8302099
1759.232,1.8299049
1759.818,1.8296002
1760.404,1.8292958
1760.99,1.8289913
1761.576,1.8286871
1762.162,1.828383
1762.748,1.828079
1763.334,1.8277752
1763.92,1.8274716
1764.506,1.8271681
1765.092,1.8268647
1765.678,1.8265616
1766.264,1.8262585
1766.85,1.8259556
1767.436,1.8256528
1768.022,1.8253503
1768.608,1.8250479
1769.194,1.8247455
1769.78,1.8244435
1770.366,1.8241414
1770.952,1.8238397
1771.538,1.8235379
1772.124,1.8232363
1772.71,1.822935
1773.296,1.8226337
1773.882,1.8223326
1774.468,1.8220317
1775.054,1.821731
1775.64,1.8214303
1776.226,1.8211298
1776.812,1.8208294
1777.398,1.8205292
1777.984,1.8202292
1778.57,1.8199292
1779.156,1.8196295
1779.742,1.81933
1780.328,1.8190305
1780.914,1.8187312
1781.5,1.818432
1782.086,1.818133
1782.672,1.8178341
1783.258,1.8175354
1783.844,1.8172369
1784.43,1.8169384
1785.016,1.8166401
1785.602,1.816342
1786.188,1.8160441
1786.774,1.8157462
1787.36,1.8154485
1787.946,1.815151
1788.532,1.8148535
1789.118,1.8145562
1789.704,1.8142592
1790.29,1.8139622
1790.876,1.8136654
1791.462,1.8133687
1792.048,1.8130722
1792.634,1.8127759
1793.22,1.8124796
1793.806,1.8121835
1794.392,1.8118876
1794.978,1.8115917
1795.564,1.8112961
1796.15,1.8110006
1796.736,1.8107053
1797.322,1.81041
1797.908,1.810115
1798.494,1.8098201
1799.08,1.8095253
1799.666,1.8092306
1800.252,1.8089361
1800.838,1.8086418
1801.424,1.8083476
1802.01,1.8080535
1802.596,1.8077595
1803.182,1.8074658
1803.768,1.8071721
1804.354,1.8068786
1804.94,1.8065853
1805.526,1.8062921
1806.112,1.8059989
1806.698,1.805706
1807.284,1.8054132
1807.87,1.8051206
1808.456,1.8048282
1809.042,1.8045357
1809.628,1.8042436
1810.214,1.8039515
1810.8,1.8036596
1811.386,1.8033677
1811.972,1.8030761
1812.558,1.8027846
1813.144,1.8024932
1813.73,1.802202
1814.316,1.8019109
1814.902,1.80162
1815.488,1.8013291
1816.074,1.8010385
1816.66,1.800748
1817.246,1.8004576
1817.832,1.8001673
1818.418,1.7998773
1819.004,1.7995874
1819.59,1.7992975
1820.176,1.7990078
1820.762,1.7987183
1821.348,1.7984289
1821.934,1.7981396
1822.52,1.7978505
1823.106,1.7975615
1823.692,1.7972727
1824.278,1.796984
1824.864,1.7966955
1825.45,1.796407
1826.036,1.7961187
1826.622,1.7958306
1827.208,1.7955426
1827.794,1.7952547
1828.38,1.7949669
1828.966,1.7946794
1829.552,1.7943919
1830.138,1.7941046
1830.724,1.7938174
1831.31,1.7935303
1831.896,1.7932434
1832.482,1.7929567
1833.068,1.79267
1833.654,1.7923836
1834.24,1.7920972
1834.826,1.791811
1835.412,1.7915249
1835.998,1.791239
1836.584,1.7909532
1837.17,1.7906675
1837.756,1.7903819
1838.342,1.7900965
1838.928,1.7898113
1839.514,1.7895262
1840.1,1.7892412
1840.686,1.7889564
1841.272,1.7886716
1841.858,1.7883871
1842.444,1.7881026
1843.03,1.7878183
1843.616,1.7875341
1844.202,1.78725
1844.788,1.7869662
1845.374,1.7866824
1845.96,1.7863988
1846.546,1.7861153
1847.132,1.7858319
1847.718,1.7855487
1848.304,1.7852656
1848.89,1.7849827
1849.476,1.7846998
1850.062,1.7844172
1850.648,1.7841346
1851.234,1.7838522
1851.82,1.7835699
1852.406,1.7832878
1852.992,1.7830057
1853.578,1.7827238
1854.164,1.7824421
1854.75,1.7821604
1855.336,1.7818789
1855.922,1.7815976
1856.508,1.7813164
1857.094,1.7810353
1857.68,1.7807543
1858.266,1.7804736
1858.852,1.7801929
1859.438,1.7799124
1860.024,1.7796319
1860.61,1.7793516
1861.196,1.7790715
1861.782,1.7787914
1862.368,1.7785115
1862.954,1.7782317
1863.54,1.7779522
1864.126,1.7776726
1864.712,1.7773932
1865.298,1.777114
1865.884,1.776835
1866.47,1.7765559
1867.056,1.7762771
1867.642,1.7759984
1868.228,1.7757199
1868.814,1.7754414
1869.4,1.7751631
1869.986,1.7748849
1870.572,1.7746068
1871.158,1.7743289
1871.744,1.7740511
1872.33,1.7737734
1872.916,1.7734959
1873.502,1.7732185
1874.088,1.7729412
1874.674,1.7726641
1875.26,1.7723871
1875.846,1.7721102
1876.432,1.7718335
1877.018,1.7715569
1877.604,1.7712803
1878.19,1.771004
1878.776,1.7707278
1879.362,1.7704517
1879.948,1.7701757
1880.534,1.7698998
1881.12,1.7696241
1881.706,1.7693485
1882.292,1.769073
1882.878,1.7687978
1883.464,1.7685225
1884.05,1.7682475
1884.636,1.7679725
1885.222,1.7676977
1885.808,1.767423
1886.394,1.7671484
1886.98,1.766874
1887.566,1.7665997
1888.152,1.7663255
1888.738,1.7660514
1889.324,1.7657776
1889.91,1.7655038
1890.496,1.7652301
1891.082,1.7649565
1891.668,1.7646831
1892.254,1.7644099
1892.84,1.7641367
1893.426,1.7638636
1894.012,1.7635907
1894.598,1.7633179
1895.184,1.7630453
1895.77,1.7627728
1896.356,1.7625004
1896.942,1.7622281
1897.528,1.761956
1898.114,1.7616839
1898.7,1.761412
1899.286,1.7611402
1899.872,1.7608685
1900.458,1.7605971
1901.044,1.7603257
1901.63,1.7600543
1902.216,1.7597833
1902.802,1.7595123
1903.388,1.7592413
1903.974,1.7589706
1904.56,1.7586999
1905.146,1.7584294
1905.732,1.758159
1906.318,1.7578888
1906.904,1.7576185
1907.49,1.7573487
1908.076,1.7570788
1908.662,1.756809
1909.248,1.7565393
1909.834,1.7562698
1910.42,1.7560004
1911.006,1.7557311
1911.592,1.7554619
1912.178,1.7551929
1912.764,1.7549241
1913.35,1.7546552
1913.936,1.7543865
1914.522,1.7541181
1915.108,1.7538496
1915.694,1.7535814
1916.28,1.7533132
1916.866,1.7530452
1917.452,1.7527772
1918.038,1.7525095
1918.624,1.7522417
1919.21,1.7519742
1919.796,1.7517068
1920.382,1.7514395
1920.968,1.7511723
1921.554,1.7509053
1922.14,1.7506382
1922.726,1.7503715
1923.312,1.7501048
1923.898,1.7498382
1924.484,1.7495718
1925.07,1.7493055
1925.656,1.7490393
1926.242,1.7487731
1926.828,1.7485071
1927.414,1.7482413
1928,1.7479756
1928.586,1.74771
1929.172,1.7474445
1929.758,1.7471792
1930.344,1.7469139
1930.93,1.7466488
1931.516,1.7463839
1932.102,1.7461189
1932.688,1.7458543
1933.274,1.7455896
1933.86,1.7453251
1934.446,1.7450607
1935.032,1.7447964
1935.618,1.7445322
1936.204,1.7442682
1936.79,1.7440044
1937.376,1.7437406
1937.962,1.7434769
1938.548,1.7432133
1939.134,1.7429498
1939.72,1.7426865
1940.306,1.7424234
1940.892,1.7421603
1941.478,1.7418973
1942.064,1.7416345
1942.65,1.7413718
1943.236,1.7411091
1943.822,1.7408466
1944.408,1.7405843
1944.994,1.7403221
1945.58,1.74006
1946.166,1.7397979
1946.752,1.739536
1947.338,1.7392743
1947.924,1.7390126
1948.51,1.7387511
1949.096,1.7384896
1949.682,1.7382283
1950.268,1.7379673
1950.854,1.7377062
1951.44,1.7374451
1952.026,1.7371843
1952.612,1.7369237
1953.198,1.7366631
1953.784,1.7364026
1954.37,1.7361422
1954.956,1.7358819
1955.542,1.7356218
1956.128,1.7353618
1956.714,1.7351019
1957.3,1.7348422
1957.886,1.7345825
1958.472,1.7343229
1959.058,1.7340635
1959.644,1.7338042
1960.23,1.7335451
1960.816,1.7332859
1961.402,1.733027
1961.988,1.7327682
1962.574,1.7325095
1963.16,1.7322508
1963.746,1.7319924
1964.332,1.7317339
1964.918,1.7314757
1965.504,1.7312175
1966.09,1.7309595
1966.676,1.7307017
1967.262,1.7304438
1967.848,1.7301861
1968.434,1.7299286
1969.02,1.7296711
1969.606,1.7294137
1970.192,1.7291565
1970.778,1.7288994
1971.364,1.7286425
1971.95,1.7283856
1972.536,1.7281288
1973.122,1.7278721
1973.708,1.7276156
1974.294,1.7273592
1974.88,1.7271029
1975.466,1.7268467
1976.052,1.7265906
1976.638,1.7263346
1977.224,1.7260787
1977.81,1.725823
1978.396,1.7255673
1978.982,1.7253119
1979.568,1.7250564
1980.154,1.7248012
1980.74,1.7245461
1981.326,1.724291
1981.912,1.724036
1982.498,1.7237812
1983.084,1.7235265
1983.67,1.7232718
1984.256,1.7230173
1984.842,1.7227631
1985.428,1.7225088
1986.014,1.7222545
1986.6,1.7220005
1987.186,1.7217466
1987.772,1.7214928
1988.358,1.7212391
1988.944,1.7209855
1989.53,1.720732
1990.116,1.7204787
1990.702,1.7202253
1991.288,1.7199723
1991.874,1.7197192
1992.46,1.7194663
1993.046,1.7192135
1993.632,1.7189608
1994.218,1.7187082
1994.804,1.7184557
1995.39,1.7182033
1995.976,1.7179511
1996.562,1.7176989
1997.148,1.7174469
1997.734,1.717195
1998.32,1.7169431
1998.906,1.7166915
1999.492,1.7164398
2000.078,1.7161884
2000.664,1.715937
2001.25,1.7156857
2001.836,1.7154347
2002.422,1.7151836
2003.008,1.7149327
2003.594,1.7146819
2004.18,1.7144312
2004.766,1.7141806
2005.352,1.7139301
2005.938,1.7136798
2006.524,1.7134295
2007.11,1.7131793
2007.696,1.7129292
2008.282,1.7126794
2008.868,1.7124295
2009.454,1.7121798
2010.04,1.7119302
2010.626,1.7116808
2011.212,1.7114313
2011.798,1.711182
2012.384,1.7109329
2012.97,1.7106838
2013.556,1.7104348
2014.142,1.710186
2014.728,1.7099372
2015.314,1.7096887
2015.9,1.7094401
2016.486,1.7091917
2017.072,1.7089434
2017.658,1.7086952
2018.244,1.7084471
2018.83,1.7081991
2019.416,1.7079513
2020.002,1.7077036
2020.588,1.7074559
2021.174,1.7072083
2021.76,1.7069609
2022.346,1.7067136
2022.932,1.7064663
2023.518,1.7062192
2024.104,1.7059722
2024.69,1.7057253
2025.276,1.7054785
2025.862,1.7052318
2026.448,1.7049853
2027.034,1.7047389
2027.62,1.7044924
2028.206,1.7042462
2028.792,1.704
2029.378,1.7037541
2029.964,1.703508
2030.55,1.7032622
2031.136,1.7030165
2031.722,1.7027708
2032.308,1.7025254
2032.894,1.7022799
2033.48,1.7020347
2034.066,1.7017895
2034.652,1.7015444
2035.238,1.7012994
2035.824,1.7010546
2036.41,1.7008097
2036.996,1.7005651
2037.582,1.7003206
2038.168,1.7000761
2038.754,1.6998317
2039.34,1.6995876
2039.926,1.6993433
2040.512,1.6990994
2041.098,1.6988554
2041.684,1.6986116
2042.27,1.698368
2042.856,1.6981243
2043.442,1.6978809
2044.028,1.6976374
2044.614,1.6973941
2045.2,1.6971509
2045.786,1.6969079
2046.372,1.6966649
2046.958,1.696422
2047.544,1.6961793
2048.13,1.6959366
2048.716,1.695694
2049.302,1.6954515
2049.888,1.6952091
2050.474,1.6949669
2051.06,1.6947248
2051.646,1.6944828
2052.232,1.6942408
2052.818,1.6939989
2053.404,1.6937573
2053.99,1.6935157
2054.576,1.6932741
2055.162,1.6930327
2055.748,1.6927915
2056.334,1.6925502
2056.92,1.692309
2057.506,1.6920681
2058.092,1.6918272
2058.678,1.6915864
2059.264,1.6913457
2059.85,1.6911051
2060.436,1.6908646
2061.022,1.6906242
2061.608,1.6903839
2062.194,1.6901437
2062.78,1.6899037
2063.366,1.6896636
2063.952,1.6894238
2064.538,1.6891841
2065.124,1.6889443
2065.71,1.6887048
2066.296,1.6884654
2066.882,1.688226
2067.468,1.6879867
2068.054,1.6877476
2068.64,1.6875085
2069.226,1.6872696
2069.812,1.6870307
2070.398,1.6867919
2070.984,1.6865532
2071.57,1.6863147
2072.156,1.6860763
2072.742,1.685838
2073.328,1.6855997
2073.914,1.6853616
2074.5,1.6851236
2075.086,1.6848856
2075.672,1.6846478
2076.258,1.68441
2076.844,1.6841723
2077.43,1.6839348
2078.016,1.6836973
2078.602,1.68346
2079.188,1.6832228
2079.774,1.6829857
2080.36,1.6827486
2080.946,1.6825117
2081.532,1.6822748
2082.118,1.6820382
2082.704,1.6818016
2083.29,1.6815649
2083.876,1.6813285
2084.462,1.6810921
2085.048,1.680856
2085.634,1.6806198
2086.22,1.6803838
2086.806,1.6801479
2087.392,1.679912
2087.978,1.6796763
2088.564,1.6794406
2089.15,1.6792051
2089.736,1.6789696
2090.322,1.6787343
2090.908,1.6784991
2091.494,1.6782639
2092.08,1.6780289
2092.666,1.677794
2093.252,1.6775591
2093.838,1.6773244
2094.424,1.6770897
2095.01,1.6768552
2095.596,1.6766207
2096.182,1.6763864
2096.768,1.6761521
2097.354,1.675918
2097.94,1.6756839
2098.526,1.67545
2099.112,1.6752161
2099.698,1.6749823
2100.284,1.6747487
2100.87,1.6745151
2101.456,1.6742817
2102.042,1.6740483
2102.628,1.673815
2103.214,1.6735818
2103.8,1.6733488
2104.386,1.6731158
2104.972,1.6728829
2105.558,1.6726501
2106.144,1.6724174
2106.73,1.6721848
2107.316,1.6719524
2107.902,1.67172
2108.488,1.6714877
2109.074,1.6712555
2109.66,1.6710234
2110.246,1.6707914
2110.832,1.6705595
2111.418,1.6703277
2112.004,1.6700959
2112.59,1.6698643
2113.176,1.6696328
2113.762,1.6694014
2114.348,1.66917
2114.934,1.6689389
2115.52,1.6687077
2116.106,1.6684766
2116.692,1.6682457
2117.278,1.6680149
2117.864,1.6677841
2118.45,1.6675534
2119.036,1.6673229
2119.622,1.6670924
2120.208,1.666862
2120.794,1.6666318
2121.38,1.6664016
2121.966,1.6661716
2122.552,1.6659416
2123.138,1.6657116
2123.724,1.6654818
2124.31,1.6652522
2124.896,1.6650226
2125.482,1.6647931
2126.068,1.6645637
2126.654,1.6643343
2127.24,1.6641052
2127.826,1.6638761
2128.412,1.6636471
2128.998,1.6634181
2129.584,1.6631892
2130.17,1.6629604
2130.756,1.6627318
2131.342,1.6625032
2131.928,1.6622748
2132.514,1.6620464
2133.1,1.6618181
2133.686,1.66159
2134.272,1.6613618
2134.858,1.6611339
2135.444,1.660906
2136.03,1.6606781
2136.616,1.6604505
2137.202,1.6602229
2137.788,1.6599953
2138.374,1.6597679
2138.96,1.6595405
2139.546,1.6593133
2140.132,1.6590862
2140.718,1.6588591
2141.304,1.6586322
2141.89,1.6584053
2142.476,1.6581786
2143.062,1.6579518
2143.648,1.6577253
2144.234,1.6574988
2144.82,1.6572723
2145.406,1.6570461
2145.992,1.6568198
2146.578,1.6565938
2147.164,1.6563677
2147.75,1.6561418
2148.336,1.655916
2148.922,1.6556902
2149.508,1.6554645
2150.094,1.655239
2150.68,1.6550136
2151.266,1.6547881
2151.852,1.6545628
2152.438,1.6543376
2153.024,1.6541126
2153.61,1.6538875
2154.196,1.6536627
2154.782,1.6534379
2155.368,1.653213
2155.954,1.6529884
2156.54,1.6527638
2157.126,1.6525394
2157.712,1.6523149
2158.298,1.6520905
2158.884,1.6518662
2159.47,1.651642
2160.056,1.6514179
2160.642,1.6511939
2161.228,1.65097
2161.814,1.6507461
2162.4,1.6505224
2162.986,1.6502987
2163.572,1.6500751
2164.158,1.6498516
2164.744,1.6496283
2165.33,1.6494049
2165.916,1.6491817
2166.502,1.6489586
2167.088,1.6487356
2167.674,1.6485126
2168.26,1.6482898
2168.846,1.6480671
2169.432,1.6478444
2170.018,1.6476219
2170.604,1.6473993
2171.19,1.647177
2171.776,1.6469547
2172.362,1.6467324
2172.948,1.6465104
2173.534,1.6462883
2174.12,1.6460663
2174.706,1.6458445
2175.292,1.6456227
2175.878,1.645401
2176.464,1.6451794
2177.05,1.644958
2177.636,1.6447365
2178.222,1.6445153
2178.808,1.644294
2179.394,1.6440729
2179.98,1.6438519
2180.566,1.6436309
2181.152,1.6434101
2181.738,1.6431893
2182.324,1.6429685
2182.91,1.642748
2183.496,1.6425275
2184.082,1.642307
2184.668,1.6420867
2185.254,1.6418664
2185.84,1.6416463
2186.426,1.6414262
2187.012,1.6412063
2187.598,1.6409863
2188.184,1.6407666
2188.77,1.6405468
2189.356,1.6403272
2189.942,1.6401076
2190.528,1.6398883
2191.114,1.6396688
2191.7,1.6394496
2192.286,1.6392304
2192.872,1.6390114
2193.458,1.6387924
2194.044,1.6385734
2194.63,1.6383545
2195.216,1.6381358
2195.802,1.6379172
2196.388,1.6376987
2196.974,1.6374801
2197.56,1.6372617
2198.146,1.6370435
2198.732,1.6368252
2199.318,1.6366071
2199.904,1.636389
2200.49,1.6361711
2201.076,1.6359532
2201.662,1.6357355
2202.248,1.6355177
2202.834,1.6353002
2203.42,1.6350826
2204.006,1.6348652
2204.592,1.6346478
2205.178,1.6344306
2205.764,1.6342134
2206.35,1.6339964
2206.936,1.6337793
2207.522,1.6335624
2208.108,1.6333456
2208.694,1.6331289
2209.28,1.6329122
2209.866,1.6326957
2210.452,1.6324792
2211.038,1.6322628
2211.624,1.6320465
2212.21,1.6318302
2212.796,1.6316141
2213.382,1.6313981
2213.968,1.6311821
2214.554,1.6309662
2215.14,1.6307504
2215.726,1.6305348
2216.312,1.6303191
2216.898,1.6301036
2217.484,1.6298881
2218.07,1.6296728
2218.656,1.6294575
2219.242,1.6292423
2219.828,1.6290272
2220.414,1.6288122
2221,1.6285973
2221.586,1.6283824
2222.172,1.6281676
2222.758,1.6279529
2223.344,1.6277384
2223.93,1.6275239
2224.516,1.6273094
2225.102,1.6270951
2225.688,1.6268808
2226.274,1.6266667
2226.86,1.6264526
2227.446,1.6262386
2228.032,1.6260247
2228.618,1.6258109
2229.204,1.6255971
2229.79,1.6253835
2230.376,1.6251699
2230.962,1.6249564
2231.548,1.624743
2232.134,1.6245296
2232.72,1.6243163
2233.306,1.6241032
2233.892,1.6238902
2234.478,1.6236771
2235.064,1.6234642
2235.65,1.6232514
2236.236,1.6230388
2236.822,1.6228261
2237.408,1.6226135
2237.994,1.622401
2238.58,1.6221887
2239.166,1.6219764
2239.752,1.6217641
2240.338,1.6215519
2240.924,1.6213398
2241.51,1.621128
2242.096,1.620916
2242.682,1.6207042
2243.268,1.6204925
2243.854,1.6202807
2244.44,1.6200693
2245.026,1.6198578
2245.612,1.6196463
2246.198,1.6194351
2246.784,1.6192238
2247.37,1.6190127
2247.956,1.6188016
2248.542,1.6185906
2249.128,1.6183797
2249.714,1.6181688
2250.3,1.6179582
2250.886,1.6177475
2251.472,1.6175369
2252.058,1.6173265
2252.644,1.617116
2253.23,1.6169057
2253.816,1.6166955
2254.402,1.6164854
2254.988,1.6162752
2255.574,1.6160653
2256.16,1.6158553
2256.746,1.6156455
2257.332,1.6154357
2257.918,1.615226
2258.504,1.6150166
2259.09,1.614807
2259.676,1.6145976
2260.262,1.6143882
2260.848,1.614179
2261.434,1.6139698
2262.02,1.6137607
2262.606,1.6135517
2263.192,1.6133428
2263.778,1.6131339
2264.364,1.6129252
2264.95,1.6127164
2265.536,1.6125078
2266.122,1.6122993
2266.708,1.6120909
2267.294,1.6118826
2267.88,1.6116743
2268.466,1.6114661
2269.052,1.6112579
2269.638,1.6110499
2270.224,1.6108419
2270.81,1.6106341
2271.396,1.6104263
2271.982,1.6102185
2272.568,1.610011
2273.154,1.6098033
2273.74,1.6095959
2274.326,1.6093885
2274.912,1.6091812
2275.498,1.608974
2276.084,1.6087668
2276.67,1.6085597
2277.256,1.6083528
2277.842,1.6081458
2278.428,1.607939
2279.014,1.6077323
2279.6,1.6075256
2280.186,1.607319
2280.772,1.6071125
2281.358,1.6069061
2281.944,1.6066997
2282.53,1.6064935
2283.116,1.6062872
2283.702,1.6060811
2284.288,1.6058751
2284.874,1.6056691
2285.46,1.6054633
2286.046,1.6052575
2286.632,1.6050518
2287.218,1.6048461
2287.804,1.6046406
2288.39,1.6044351
2288.976,1.6042297
2289.562,1.6040244
2290.148,1.6038193
2290.734,1.603614
2291.32,1.6034089
2291.906,1.6032039
2292.492,1.602999
2293.078,1.6027942
2293.664,1.6025895
2294.25,1.6023848
2294.836,1.6021801
2295.422,1.6019756
2296.008,1.6017711
2296.594,1.6015668
2297.18,1.6013625
2297.766,1.6011583
2298.352,1.6009542
2298.938,1.6007501
2299.524,1.6005461
2300.11,1.6003423
2300.696,1.6001384
2301.282,1.5999347
2301.868,1.599731
2302.454,1.5995274
2303.04,1.5993239
2303.626,1.5991205
2304.212,1.5989171
2304.798,1.5987139
2305.384,1.5985106
2305.97,1.5983075
2306.556,1.5981045
2307.142,1.5979016
2307.728,1.5976987
2308.314,1.5974958
2308.9,1.5972931
2309.486,1.5970905
2310.072,1.5968878
2310.658,1.5966854
2311.244,1.596483
2311.83,1.5962806
2312.416,1.5960784
2313.002,1.5958762
2313.588,1.595674
2314.174,1.595472
2314.76,1.59527
2315.346,1.5950682
2315.932,1.5948664
2316.518,1.5946647
2317.104,1.594463
2317.69,1.5942614
2318.276,1.5940599
2318.862,1.5938585
2319.448,1.5936573
2320.034,1.5934559
2320.62,1.5932547
2321.206,1.5930537
2321.792,1.5928526
2322.378,1.5926516
2322.964,1.5924509
2323.55,1.59225
2324.136,1.5920492
2324.722,1.5918486
2325.308,1.591648
2325.894,1.5914475
2326.48,1.5912471
2327.066,1.5910467
2327.652,1.5908465
2328.238,1.5906463
2328.824,1.5904461
2329.41,1.5902461
2329.996,1.5900462
2330.582,1.5898463
2331.168,1.5896465
2331.754,1.5894467
2332.34,1.5892471
2332.926,1.5890474
2333.512,1.5888479
2334.098,1.5886484
2334.684,1.5884491
2335.27,1.5882498
2335.856,1.5880506
2336.442,1.5878515
2337.028,1.5876524
2337.614,1.5874535
2338.2,1.5872545
2338.786,1.5870557
2339.372,1.586857
2339.958,1.5866582
2340.544,1.5864596
2341.13,1.5862612
2341.716,1.5860627
2342.302,1.5858642
2342.888,1.5856659
2343.474,1.5854678
2344.06,1.5852696
2344.646,1.5850716
2345.232,1.5848734
2345.818,1.5846756
2346.404,1.5844777
2346.99,1.5842799
2347.576,1.5840822
2348.162,1.5838846
2348.748,1.5836869
2349.334,1.5834895
2349.92,1.583292
2350.506,1.5830947
2351.092,1.5828975
2351.678,1.5827003
2352.264,1.5825032
2352.85,1.5823061
2353.436,1.5821092
2354.022,1.5819123
2354.608,1.5817155
2355.194,1.5815188
2355.78,1.5813221
2356.366,1.5811254
2356.952,1.5809289
2357.538,1.5807325
2358.124,1.5805361
2358.71,1.5803398
2359.296,1.5801435
2359.882,1.5799474
2360.468,1.5797513
2361.054,1.5795553
2361.64,1.5793594
2362.226,1.5791634
2362.812,1.5789677
2363.398,1.5787719
2363.984,1.5785763
2364.57,1.5783807
2365.156,1.5781853
2365.742,1.5779898
2366.328,1.5777944
2366.914,1.5775992
2367.5,1.577404
2368.086,1.5772089
2368.672,1.5770137
2369.258,1.5768188
2369.844,1.5766239
2370.43,1.576429
2371.016,1.5762343
2371.602,1.5760396
2372.188,1.5758449
2372.774,1.5756505
2373.36,1.5754559
2373.946,1.5752615
2374.532,1.5750672
2375.118,1.574873
2375.704,1.5746788
2376.29,1.5744847
2376.876,1.5742905
2377.462,1.5740967
2378.048,1.5739027
2378.634,1.5737089
2379.22,1.5735152
2379.806,1.5733215
2380.392,1.5731279
2380.978,1.5729343
2381.564,1.5727408
2382.15,1.5725474
2382.736,1.5723541
2383.322,1.5721608
2383.908,1.5719677
2384.494,1.5717746
2385.08,1.5715815
2385.666,1.5713886
2386.252,1.5711957
2386.838,1.5710028
2387.424,1.5708101
2388.01,1.5706174
2388.596,1.5704248
2389.182,1.5702323
2389.768,1.5700399
2390.354,1.5698475
2390.94,1.5696551
2391.526,1.5694629
2392.112,1.5692707
2392.698,1.5690786
2393.284,1.5688865
2393.87,1.5686946
2394.456,1.5685027
2395.042,1.5683109
2395.628,1.5681192
2396.214,1.5679274
2396.8,1.5677358
2397.386,1.5675442
2397.972,1.5673528
2398.558,1.5671613
2399.144,1.56697
2399.73,1.5667785
2400.316,1.5665872
2400.902,1.5663959
2401.488,1.5662047
2402.074,1.5660136
2402.66,1.5658225
2403.246,1.5656315
2403.832,1.5654405
2404.418,1.5652497
2405.004,1.5650589
2405.59,1.5648682
2406.176,1.5646775
2406.762,1.564487
2407.348,1.5642965
2407.934,1.564106
2408.52,1.5639157
2409.106,1.5637254
2409.692,1.5635352
2410.278,1.563345
2410.864,1.5631549
2411.45,1.5629648
2412.036,1.5627749
2412.622,1.562585
2413.208,1.5623952
2413.794,1.5622056
2414.38,1.5620158
2414.966,1.5618262
2415.552,1.5616367
2416.138,1.5614473
2416.724,1.5612578
2417.31,1.5610685
2417.896,1.5608792
2418.482,1.56069
2419.068,1.5605009
2419.654,1.5603119
2420.24,1.5601228
2420.826,1.559934
2421.412,1.5597452
2421.998,1.5595564
2422.584,1.5593677
2423.17,1.5591791
2423.756,1.5589905
2424.342,1.5588019
2424.928,1.5586135
2425.514,1.5584252
2426.1,1.558237
2426.686,1.5580487
2427.272,1.5578605
2427.858,1.5576725
2428.444,1.5574845
2429.03,1.5572965
2429.616,1.5571085
2430.202,1.5569208
2430.788,1.556733
2431.374,1.5565454
2431.96,1.5563577
2432.546,1.5561702
2433.132,1.5559827
2433.718,1.5557953
2434.304,1.555608
2434.89,1.5554208
2435.476,1.5552335
2436.062,1.5550464
2436.648,1.5548593
2437.234,1.5546724
2437.82,1.5544854
2438.406,1.5542986
2438.992,1.5541118
2439.578,1.553925
2440.164,1.5537385
2440.75,1.5535518
2441.336,1.5533653
2441.922,1.5531788
2442.508,1.5529925
2443.094,1.5528061
2443.68,1.5526199
2444.266,1.5524337
2444.852,1.5522476
2445.438,1.5520616
2446.024,1.5518756
2446.61,1.5516896
2447.196,1.5515038
2447.782,1.551318
2448.368,1.5511323
2448.954,1.5509467
2449.54,1.5507611
2450.126,1.5505756
2450.712,1.5503901
2451.298,1.5502048
2451.884,1.5500195
2452.47,1.5498343
2453.056,1.549649
2453.642,1.549464
2454.228,1.5492789
2454.814,1.549094
2455.4,1.5489091
2455.986,1.5487242
2456.572,1.5485394
2457.158,1.5483547
2457.744,1.5481701
2458.33,1.5479854
2458.916,1.5478009
2459.502,1.5476165
2460.088,1.5474321
2460.674,1.5472478
2461.26,1.5470636
2461.846,1.5468794
2462.432,1.5466952
2463.018,1.5465112
2463.604,1.5463272
2464.19,1.5461434
2464.776,1.5459595
2465.362,1.5457758
2465.948,1.545592
2466.534,1.5454084
2467.12,1.5452248
2467.706,1.5450412
2468.292,1.5448577
2468.878,1.5446744
2469.464,1.5444911
2470.05,1.5443078
2470.636,1.5441246
2471.222,1.5439415
2471.808,1.5437584
2472.394,1.5435754
2472.98,1.5433925
2473.566,1.5432097
2474.152,1.5430268
2474.738,1.5428442
2475.324,1.5426614
2475.91,1.5424789
2476.496,1.5422963
2477.082,1.5421139
2477.668,1.5419314
2478.254,1.5417491
2478.84,1.5415668
2479.426,1.5413846
2480.012,1.5412025
2480.598,1.5410204
2481.184,1.5408385
2481.77,1.5406564
2482.356,1.5404745
2482.942,1.5402927
2483.528,1.5401109
2484.114,1.5399293
2484.7,1.5397476
2485.286,1.5395662
2485.872,1.5393846
2486.458,1.5392032
2487.044,1.5390218
2487.63,1.5388405
2488.216,1.5386593
2488.802,1.5384781
2489.388,1.5382971
2489.974,1.538116
2490.56,1.537935
2491.146,1.5377541
2491.732,1.5375732
2492.318,1.5373924
2492.904,1.5372118
2493.49,1.5370311
2494.076,1.5368505
2494.662,1.53667
2495.248,1.5364895
2495.834,1.536309
2496.42,1.5361288
2497.006,1.5359484
2497.592,1.5357683
2498.178,1.5355881
2498.764,1.535408
2499.35,1.535228
2499.936,1.535048
2500.522,1.5348681
2501.108,1.5346884
2501.694,1.5345086
2502.28,1.5343288
2502.866,1.5341493
2503.452,1.5339696
2504.038,1.5337901
2504.624,1.5336107
2505.21,1.5334313
2505.796,1.533252
2506.382,1.5330727
2506.968,1.5328935
2507.554,1.5327144
2508.14,1.5325353
2508.726,1.5323564
2509.312,1.5321774
2509.898,1.5319985
2510.484,1.5318197
2511.07,1.531641
2511.656,1.5314623
2512.242,1.5312836
2512.828,1.5311052
2513.414,1.5309266
2514,1.5307481
2514.586,1.5305698
2515.172,1.5303915
2515.758,1.5302132
2516.344,1.530035
2516.93,1.5298569
2517.516,1.5296789
2518.102,1.5295008
2518.688,1.529323
2519.274,1.5291451
2519.86,1.5289673
2520.446,1.5287895
2521.032,1.5286119
2521.618,1.5284343
2522.204,1.5282568
2522.79,1.5280792
2523.376,1.5279018
2523.962,1.5277244
2524.548,1.5275471
2525.134,1.5273699
2525.72,1.5271927
2526.306,1.5270156
2526.892,1.5268384
2527.478,1.5266615
2528.064,1.5264846
2528.65,1.5263077
2529.236,1.5261309
2529.822,1.5259541
2530.408,1.5257775
2530.994,1.5256008
2531.58,1.5254242
2532.166,1.5252477
2532.752,1.5250713
2533.338,1.524895
2533.924,1.5247186
2534.51,1.5245423
2535.096,1.5243661
2535.682,1.5241901
2536.268,1.524014
2536.854,1.5238379
2537.44,1.5236621
2538.026,1.5234861
2538.612,1.5233103
2539.198,1.5231345
2539.784,1.5229589
2540.37,1.5227833
2540.956,1.5226077
2541.542,1.5224321
2542.128,1.5222566
2542.714,1.5220813
2543.3,1.5219059
2543.886,1.5217307
2544.472,1.5215554
2545.058,1.5213803
2545.644,1.5212052
2546.23,1.5210302
2546.816,1.5208552
2547.402,1.5206803
2547.988,1.5205055
2548.574,1.5203307
2549.16,1.520156
2549.746,1.5199813
2550.332,1.5198066
2550.918,1.5196322
2551.504,1.5194577
2552.09,1.5192833
2552.676,1.5191089
2553.262,1.5189346
2553.848,1.5187603
2554.434,1.5185862
2555.02,1.5184121
2555.606,1.5182379
2556.192,1.518064
2556.778,1.5178901
2557.364,1.5177162
2557.95,1.5175425
2558.536,1.5173687
2559.122,1.517195
2559.708,1.5170213
2560.294,1.5168477
2560.88,1.5166743
2561.466,1.5165008
2562.052,1.5163274
2562.638,1.5161541
2563.224,1.5159807
2563.81,1.5158075
2564.396,1.5156344
2564.982,1.5154613
2565.568,1.5152884
2566.154,1.5151154
2566.74,1.5149424
2567.326,1.5147696
2567.912,1.5145968
2568.498,1.5144241
2569.084,1.5142514
2569.67,1.5140787
2570.256,1.5139062
2570.842,1.5137337
2571.428,1.5135612
2572.014,1.5133889
2572.6,1.5132166
2573.186,1.5130444
2573.772,1.5128721
2574.358,1.5127
2574.944,1.5125279
2575.53,1.5123559
2576.116,1.5121839
2576.702,1.512012
2577.288,1.5118402
2577.874,1.5116684
2578.46,1.5114967
2579.046,1.511325
2579.632,1.5111533
2580.218,1.5109818
2580.804,1.5108104
2581.39,1.510639
2581.976,1.5104676
2582.562,1.5102962
2583.148,1.510125
2583.734,1.5099539
2584.32,1.5097827
2584.906,1.5096116
2585.492,1.5094407
2586.078,1.5092696
2586.664,1.5090988
2587.25,1.5089278
2587.836,1.5087571
2588.422,1.5085864
2589.008,1.5084157
2589.594,1.5082451
2590.18,1.5080745
2590.766,1.5079041
2591.352,1.5077337
2591.938,1.5075632
2592.524,1.507393
2593.11,1.5072227
2593.696,1.5070525
2594.282,1.5068824
2594.868,1.5067123
2595.454,1.5065423
2596.04,1.5063723
2596.626,1.5062025
2597.212,1.5060326
2597.798,1.5058627
2598.384,1.5056931
2598.97,1.5055233
2599.556,1.5053538
2600.142,1.5051842
2600.728,1.5050147
2601.314,1.5048453
2601.9,1.5046759
2602.486,1.5045065
2603.072,1.5043373
2603.658,1.504168
2604.244,1.5039986
2604.83,1.5038294
2605.416,1.5036601
2606.002,1.503491
2606.588,1.5033219
2607.174,1.5031528
2607.76,1.5029838
2608.346,1.5028149
2608.932,1.502646
2609.518,1.5024772
2610.104,1.5023084
2610.69,1.5021397
2611.276,1.5019711
2611.862,1.5018024
2612.448,1.5016339
2613.034,1.5014654
2613.62,1.501297
2614.206,1.5011287
2614.792,1.5009604
2615.378,1.5007921
2615.964,1.5006239
2616.55,1.5004557
2617.136,1.5002877
2617.722,1.5001197
2618.308,1.4999517
2618.894,1.4997838
2619.48,1.4996159
2620.066,1.4994482
2620.652,1.4992805
2621.238,1.4991127
2621.824,1.4989451
2622.41,1.4987775
2622.996,1.49861
2623.582,1.4984425
2624.168,1.4982752
2624.754,1.4981078
2625.34,1.4979407
2625.926,1.4977734
2626.512,1.4976062
2627.098,1.497439
2627.684,1.497272
2628.27,1.497105
2628.856,1.4969381
2629.442,1.4967711
2630.028,1.4966043
2630.614,1.4964375
2631.2,1.4962708
2631.786,1.4961041
2632.372,1.4959376
2632.958,1.4957711
2633.544,1.4956045
2634.13,1.4954381
2634.716,1.4952717
2635.302,1.4951054
2635.888,1.4949391
2636.474,1.4947729
2637.06,1.4946067
2637.646,1.4944406
2638.232,1.4942745
2638.818,1.4941086
2639.404,1.4939426
2639.99,1.4937768
2640.576,1.493611
2641.162,1.4934452
2641.748,1.4932795
2642.334,1.4931138
2642.92,1.4929482
2643.506,1.4927827
2644.092,1.4926171
2644.678,1.4924517
2645.264,1.4922863
2645.85,1.492121
2646.436,1.4919558
2647.022,1.4917905
2647.608,1.4916254
2648.194,1.4914603
2648.78,1.4912952
2649.366,1.4911302
2649.952,1.4909654
2650.538,1.4908004
2651.124,1.4906356
2651.71,1.4904709
2652.296,1.4903061
2652.882,1.4901415
2653.468,1.4899769
2654.054,1.4898123
2654.64,1.4896479
2655.226,1.4894834
2655.812,1.489319
2656.398,1.4891547
2656.984,1.4889903
2657.57,1.4888262
2658.156,1.488662
2658.742,1.4884979
2659.328,1.4883338
2659.914,1.4881698
2660.5,1.4880059
2661.086,1.487842
2661.672,1.4876782
2662.258,1.4875144
2662.844,1.4873506
2663.43,1.487187
2664.016,1.4870234
2664.602,1.4868598
2665.188,1.4866962
2665.774,1.4865328
2666.36,1.4863694
2666.946,1.4862061
2667.532,1.4860427
2668.118,1.4858795
2668.704,1.4857163
2669.29,1.4855533
2669.876,1.4853902
2670.462,1.4852271
2671.048,1.4850641
2671.634,1.4849013
2672.22,1.4847383
2672.806,1.4845756
2673.392,1.4844129
2673.978,1.4842502
2674.564,1.4840875
2675.15,1.4839249
2675.736,1.4837624
2676.322,1.4835999
2676.908,1.4834375
2677.494,1.4832751
2678.08,1.4831128
2678.666,1.4829506
2679.252,1.4827883
2679.838,1.4826262
2680.424,1.4824641
2681.01,1.4823021
2681.596,1.4821401
2682.182,1.4819781
2682.768,1.4818162
2683.354,1.4816544
2683.94,1.4814925
2684.526,1.4813309
2685.112,1.4811692
2685.698,1.4810076
2686.284,1.4808459
2686.87,1.4806845
2687.456,1.480523
2688.042,1.4803616
2688.628,1.4802003
2689.214,1.4800389
2689.8,1.4798777
2690.386,1.4797165
2690.972,1.4795554
2691.558,1.4793943
2692.144,1.4792333
2692.73,1.4790723
2693.316,1.4789114
2693.902,1.4787505
2694.488,1.4785897
2695.074,1.4784288
2695.66,1.4782681
2696.246,1.4781076
2696.832,1.4779469
2697.418,1.4777863
2698.004,1.4776258
2698.59,1.4774654
2699.176,1.4773051
2699.762,1.4771447
2700.348,1.4769844
2700.934,1.4768242
2701.52,1.4766639
2702.106,1.4765038
2702.692,1.4763438
2703.278,1.4761838
2703.864,1.4760238
2704.45,1.4758638
2705.036,1.475704
2705.622,1.4755441
2706.208,1.4753844
2706.794,1.4752246
2707.38,1.475065
2707.966,1.4749054
2708.552,1.4747459
2709.138,1.4745864
2709.724,1.4744269
2710.31,1.4742675
2710.896,1.4741081
2711.482,1.4739488
2712.068,1.4737896
2712.654,1.4736304
2713.24,1.4734713
2713.826,1.4733121
2714.412,1.4731532
2714.998,1.4729942
2715.584,1.4728352
2716.17,1.4726764
2716.756,1.4725176
2717.342,1.4723588
2717.928,1.4722
2718.514,1.4720414
2719.1,1.4718828
2719.686,1.4717243
2720.272,1.4715657
2720.858,1.4714072
2721.444,1.4712489
2722.03,1.4710904
2722.616,1.4709321
2723.202,1.4707739
2723.788,1.4706157
2724.374,1.4704576
2724.96,1.4702995
2725.546,1.4701414
2726.132,1.4699833
2726.718,1.4698255
2727.304,1.4696676
2727.89,1.4695097
2728.476,1.469352
2729.062,1.4691942
2729.648,1.4690366
2730.234,1.4688789
2730.82,1.4687213
2731.406,1.4685638
2731.992,1.4684063
2732.578,1.4682488
2733.164,1.4680915
2733.75,1.4679341
2734.336,1.4677769
2734.922,1.4676197
2735.508,1.4674625
2736.094,1.4673054
2736.68,1.4671483
2737.266,1.4669913
2737.852,1.4668343
2738.438,1.4666774
2739.024,1.4665205
2739.61,1.4663637
2740.196,1.4662069
2740.782,1.4660503
2741.368,1.4658936
2741.954,1.465737
2742.54,1.4655805
2743.126,1.4654238
2743.712,1.4652674
2744.298,1.465111
2744.884,1.4649547
2745.47,1.4647983
2746.056,1.464642
2746.642,1.4644859
2747.228,1.4643297
2747.814,1.4641737
2748.4,1.4640176
2748.986,1.4638616
2749.572,1.4637057
2750.158,1.4635497
2750.744,1.4633939
2751.33,1.4632381
2751.916,1.4630823
2752.502,1.4629266
2753.088,1.4627709
2753.674,1.4626154
2754.26,1.4624598
2754.846,1.4623044
2755.432,1.4621489
2756.018,1.4619935
2756.604,1.4618381
2757.19,1.4616828
2757.776,1.4615276
2758.362,1.4613724
2758.948,1.4612173
2759.534,1.4610622
2760.12,1.4609071
2760.706,1.460752
2761.292,1.4605972
2761.878,1.4604422
2762.464,1.4602875
2763.05,1.4601326
2763.636,1.4599777
2764.222,1.4598231
2764.808,1.4596685
2765.394,1.4595139
2765.98,1.4593593
2766.566,1.4592048
2767.152,1.4590504
2767.738,1.458896
2768.324,1.4587417
2768.91,1.4585873
2769.496,1.458433
2770.082,1.4582789
2770.668,1.4581248
2771.254,1.4579706
2771.84,1.4578166
2772.426,1.4576626
2773.012,1.4575087
2773.598,1.4573547
2774.184,1.4572009
2774.77,1.4570471
2775.356,1.4568933
2775.942,1.4567397
2776.528,1.456586
2777.114,1.4564323
2777.7,1.4562788
2778.286,1.4561253
2778.872,1.4559718
2779.458,1.4558184
2780.044,1.4556651
2780.63,1.4555117
2781.216,1.4553585
2781.802,1.4552052
2782.388,1.4550521
2782.974,1.454899
2783.56,1.4547459
2784.146,1.4545929
2784.732,1.45444
2785.318,1.4542869
2785.904,1.4541341
2786.49,1.4539813
2787.076,1.4538286
2787.662,1.4536757
2788.248,1.4535232
2788.834,1.4533705
2789.42,1.4532179
2790.006,1.4530654
2790.592,1.4529129
2791.178,1.4527605
2791.764,1.4526081
2792.35,1.4524558
2792.936,1.4523035
2793.522,1.4521512
2794.108,1.4519988
2794.694,1.4518465
2795.28,1.4516941
2795.866,1.4515418
2796.452,1.4513894
2797.038,1.4512373
2797.624,1.4510852
2798.21,1.450933
2798.796,1.450781
2799.382,1.450629
2799.968,1.450477
2800.554,1.450325
2801.14,1.4501733
2801.726,1.4500214
2802.312,1.4498696
2802.898,1.449718
2803.484,1.4495662
2804.07,1.4494146
2804.656,1.4492631
2805.242,1.4491116
2805.828,1.4489602
2806.414,1.4488087
2807,1.4486573
2807.586,1.448506
2808.172,1.4483547
2808.758,1.4482034
2809.344,1.4480523
2809.93,1.4479011
2810.516,1.4477501
2811.102,1.4475992
2811.688,1.4474481
2812.274,1.4472972
2812.86,1.4471463
2813.446,1.4469955
2814.032,1.4468447
2814.618,1.446694
2815.204,1.4465432
2815.79,1.4463927
2816.376,1.4462421
2816.962,1.4460915
2817.548,1.4459411
2818.134,1.4457906
2818.72,1.4456402
2819.306,1.4454898
2819.892,1.4453396
2820.478,1.4451892
2821.064,1.4450392
2821.65,1.4448889
2822.236,1.4447389
2822.822,1.4445888
2823.408,1.4444388
2823.994,1.4442888
2824.58,1.444139
2825.166,1.443989
2825.752,1.4438393
2826.338,1.4436895
2826.924,1.4435397
2827.51,1.4433901
2828.096,1.4432405
2828.682,1.4430909
2829.268,1.4429414
2829.854,1.4427919
2830.44,1.4426425
2831.026,1.4424931
2831.612,1.4423438
2832.198,1.4421945
2832.784,1.4420452
2833.37,1.4418961
2833.956,1.441747
2834.542,1.4415978
2835.128,1.4414488
2835.714,1.4412998
2836.3,1.4411509
2836.886,1.441002
2837.472,1.4408531
2838.058,1.4407043
2838.644,1.4405556
2839.23,1.4404068
2839.816,1.4402581
2840.402,1.4401096
2840.988,1.4399611
2841.574,1.4398125
2842.16,1.439664
2842.746,1.4395156
2843.332,1.4393673
2843.918,1.4392189
2844.504,1.4390706
2845.09,1.4389224
2845.676,1.4387742
2846.262,1.4386261
2846.848,1.438478
2847.434,1.4383299
2848.02,1.4381819
2848.606,1.4380339
2849.192,1.4378861
2849.778,1.4377382
2850.364,1.4375904
2850.95,1.4374427
2851.536,1.437295
2852.122,1.4371473
2852.708,1.4369997
2853.294,1.4368521
2853.88,1.4367045
2854.466,1.4365571
2855.052,1.4364096
2855.638,1.4362622
2856.224,1.4361149
2856.81,1.4359677
2857.396,1.4358205
2857.982,1.4356732
2858.568,1.435526
2859.154,1.4353789
2859.74,1.4352319
2860.326,1.4350848
2860.912,1.4349378
2861.498,1.434791
2862.084,1.4346441
2862.67,1.4344972
2863.256,1.4343505
2863.842,1.4342037
2864.428,1.4340571
2865.014,1.4339105
2865.6,1.4337639
2866.186,1.4336174
2866.772,1.4334708
2867.358,1.4333245
2867.944,1.4331779
2868.53,1.4330316
2869.116,1.4328853
2869.702,1.432739
2870.288,1.4325929
2870.874,1.4324466
2871.46,1.4323006
2872.046,1.4321544
2872.632,1.4320084
2873.218,1.4318625
2873.804,1.4317164
2874.39,1.4315705
2874.976,1.4314247
2875.562,1.4312789
2876.148,1.4311332
2876.734,1.4309875
2877.32,1.4308418
2877.906,1.4306961
2878.492,1.4305506
2879.078,1.430405
2879.664,1.4302596
2880.25,1.4301142
2880.836,1.4299687
2881.422,1.4298234
2882.008,1.4296781
2882.594,1.4295329
2883.18,1.4293877
2883.766,1.4292425
2884.352,1.4290974
2884.938,1.4289523
2885.524,1.4288073
2886.11,1.4286623
2886.696,1.4285173
2887.282,1.4283725
2887.868,1.4282275
2888.454,1.4280828
2889.04,1.4279381
2889.626,1.4277934
2890.212,1.4276488
2890.798,1.4275041
2891.384,1.4273595
2891.97,1.427215
2892.556,1.4270705
2893.142,1.4269261
2893.728,1.4267817
2894.314,1.4266374
2894.9,1.426493
2895.486,1.4263488
2896.072,1.4262046
2896.658,1.4260604
2897.244,1.4259163
2897.83,1.4257722
2898.416,1.4256282
2899.002,1.4254842
2899.588,1.4253403
2900.174,1.4251964
2900.76,1.4250525
2901.346,1.4249088
2901.932,1.424765
2902.518,1.4246212
2903.104,1.4244776
2903.69,1.424334
2904.276,1.4241904
2904.862,1.4240469
2905.448,1.4239033
2906.034,1.4237599
2906.62,1.4236165
2907.206,1.4234731
2907.792,1.4233298
2908.378,1.4231865
2908.964,1.4230434
2909.55,1.4229002
2910.136,1.422757
2910.722,1.422614
2911.308,1.4224709
2911.894,1.422328
2912.48,1.4221849
2913.066,1.4220421
2913.652,1.4218992
2914.238,1.4217563
2914.824,1.4216131
2915.41,1.42147
2915.996,1.4213271
2916.582,1.4211842
2917.168,1.4210413
2917.754,1.4208984
2918.34,1.4207556
2918.926,1.4206129
2919.512,1.4204701
2920.098,1.4203275
2920.684,1.4201849
2921.27,1.4200423
2921.856,1.4198997
2922.442,1.4197572
2923.028,1.4196148
2923.614,1.4194723
2924.2,1.41933
2924.786,1.4191878
2925.372,1.4190454
2925.958,1.4189032
2926.544,1.418761
2927.13,1.4186188
2927.716,1.4184768
2928.302,1.4183347
2928.888,1.4181926
2929.474,1.4180508
2930.06,1.4179088
2930.646,1.4177669
2931.232,1.4176251
2931.818,1.4174833
2932.404,1.4173416
2932.99,1.4171999
2933.576,1.4170581
2934.162,1.4169165
2934.748,1.416775
2935.334,1.4166335
2935.92,1.416492
2936.506,1.4163505
2937.092,1.4162091
2937.678,1.4160678
2938.264,1.4159265
2938.85,1.4157852
2939.436,1.415644
2940.022,1.4155028
2940.608,1.4153616
2941.194,1.4152206
2941.78,1.4150795
2942.366,1.4149384
2942.952,1.4147975
2943.538,1.4146566
2944.124,1.4145157
2944.71,1.4143748
2945.296,1.414234
2945.882,1.4140934
2946.468,1.4139527
2947.054,1.413812
2947.64,1.4136714
2948.226,1.4135307
2948.812,1.4133903
2949.398,1.4132497
2949.984,1.4131093
2950.57,1.4129689
2951.156,1.4128286
2951.742,1.4126883
2952.328,1.4125479
2952.914,1.4124078
2953.5,1.4122676
2954.086,1.4121274
2954.672,1.4119873
2955.258,1.4118472
2955.844,1.4117073
2956.43,1.4115672
2957.016,1.4114273
2957.602,1.4112874
2958.188,1.4111476
2958.774,1.4110078
2959.36,1.410868
2959.946,1.4107283
2960.532,1.4105886
2961.118,1.410449
2961.704,1.4103094
2962.29,1.41017
2962.876,1.4100304
2963.462,1.4098909
2964.048,1.4097515
2964.634,1.4096122
2965.22,1.4094728
2965.806,1.4093335
2966.392,1.4091942
2966.978,1.4090551
2967.564,1.4089159
2968.15,1.4087768
2968.736,1.4086378
2969.322,1.4084986
2969.908,1.4083596
2970.494,1.4082208
2971.08,1.4080818
2971.666,1.407943
2972.252,1.4078041
2972.838,1.4076654
2973.424,1.4075266
2974.01,1.4073879
2974.596,1.4072492
2975.182,1.4071107
2975.768,1.4069721
2976.354,1.4068335
2976.94,1.406695
2977.526,1.4065566
2978.112,1.4064182
2978.698,1.4062798
2979.284,1.4061415
2979.87,1.4060032
2980.456,1.405865
2981.042,1.4057268
2981.628,1.4055886
2982.214,1.4054506
2982.8,1.4053125
2983.386,1.4051745
2983.972,1.4050364
2984.558,1.4048985
2985.144,1.4047606
2985.73,1.4046228
2986.316,1.404485
2986.902,1.4043472
2987.488,1.4042095
2988.074,1.4040717
2988.66,1.4039341
2989.246,1.4037964
2989.832,1.403659
2990.418,1.4035214
2991.004,1.403384
2991.59,1.4032465
2992.176,1.4031091
2992.762,1.4029716
2993.348,1.4028344
2993.934,1.4026971
2994.52,1.4025599
2995.106,1.4024227
2995.692,1.4022856
2996.278,1.4021485
2996.864,1.4020114
2997.45,1.4018743
2998.036,1.4017373
2998.622,1.4016004
2999.208,1.4014635
2999.794,1.4013267
3000.38,1.4011898
3000.966,1.4010531
3001.552,1.4009163
3002.138,1.4007796
3002.724,1.4006429
3003.31,1.4005063
3003.896,1.4003698
3004.482,1.4002331
3005.068,1.4000967
3005.654,1.3999603
3006.24,1.3998239
3006.826,1.3996875
3007.412,1.3995512
3007.998,1.3994149
3008.584,1.3992786
3009.17,1.3991424
3009.756,1.3990062
3010.342,1.3988701
3010.928,1.3987341
3011.514,1.398598
3012.1,1.3984619
3012.686,1.398326
3013.272,1.39819
3013.858,1.3980542
3014.444,1.3979183
3015.03,1.3977826
3015.616,1.3976468
3016.202,1.3975111
3016.788,1.3973755
3017.374,1.3972398
3017.96,1.3971041
3018.546,1.3969686
3019.132,1.3968331
3019.718,1.3966976
3020.304,1.3965622
3020.89,1.3964268
3021.476,1.3962915
3022.062,1.3961561
3022.648,1.3960209
3023.234,1.3958857
3023.82,1.3957504
3024.406,1.3956152
3024.992,1.3954802
3025.578,1.3953451
3026.164,1.39521
3026.75,1.3950751
3027.336,1.3949401
3027.922,1.3948052
3028.508,1.3946704
3029.094,1.3945355
3029.68,1.3944007
3030.266,1.394266
3030.852,1.3941313
3031.438,1.3939966
3032.024,1.393862
3032.61,1.3937274
3033.196,1.3935928
3033.782,1.3934584
3034.368,1.3933239
3034.954,1.3931894
3035.54,1.393055
3036.126,1.3929206
3036.712,1.3927864
3037.298,1.392652
3037.884,1.3925179
3038.47,1.3923837
3039.056,1.3922496
3039.642,1.3921154
3040.228,1.3919814
3040.814,1.3918474
3041.4,1.3917134
3041.986,1.3915794
3042.572,1.3914455
3043.158,1.3913115
3043.744,1.3911778
3044.33,1.391044
3044.916,1.3909103
3045.502,1.3907765
3046.088,1.3906428
3046.674,1.3905092
3047.26,1.3903756
3047.846,1.3902421
3048.432,1.3901085
3049.018,1.3899751
3049.604,1.3898416
3050.19,1.3897083
3050.776,1.3895749
3051.362,1.3894415
3051.948,1.3893082
3052.534,1.3891751
3053.12,1.3890418
3053.706,1.3889086
3054.292,1.3887756
3054.878,1.3886424
3055.464,1.3885094
3056.05,1.3883762
3056.636,1.388243
3057.222,1.3881098
3057.808,1.3879766
3058.394,1.3878435
3058.98,1.3877105
3059.566,1.3875774
3060.152,1.3874445
3060.738,1.3873116
3061.324,1.3871787
3061.91,1.3870457
3062.496,1.3869129
3063.082,1.3867801
3063.668,1.3866473
3064.254,1.3865147
3064.84,1.386382
3065.426,1.3862494
3066.012,1.3861167
3066.598,1.3859843
3067.184,1.3858517
3067.77,1.3857192
3068.356,1.3855869
3068.942,1.3854544
3069.528,1.385322
3070.114,1.3851898
3070.7,1.3850574
3071.286,1.3849251
3071.872,1.3847929
3072.458,1.3846608
3073.044,1.3845286
3073.63,1.3843966
3074.216,1.3842645
3074.802,1.3841325
3075.388,1.3840005
3075.974,1.3838686
3076.56,1.3837367
3077.146,1.3836049
3077.732,1.383473
3078.318,1.3833413
3078.904,1.3832095
3079.49,1.3830779
3080.076,1.3829461
3080.662,1.3828145
3081.248,1.3826829
3081.834,1.3825514
3082.42,1.3824198
3083.006,1.3822885
3083.592,1.382157
3084.178,1.3820256
3084.764,1.3818942
3085.35,1.3817629
3085.936,1.3816316
3086.522,1.3815004
3087.108,1.3813691
3087.694,1.381238
3088.28,1.3811069
3088.866,1.3809758
3089.452,1.3808447
3090.038,1.3807137
3090.624,1.3805827
3091.21,1.3804518
3091.796,1.3803209
3092.382,1.38019
3092.968,1.3800592
3093.554,1.3799285
3094.14,1.3797977
3094.726,1.3796669
3095.312,1.3795363
3095.898,1.3794056
3096.484,1.3792751
3097.07,1.3791445
3097.656,1.379014
3098.242,1.3788835
3098.828,1.3787531
3099.414,1.3786227
3100,1.3784924
