170,5.9983158
170.586,5.9879999
171.172,5.9777374
171.758,5.9675279
172.344,5.9573698
172.93,5.9472642
173.516,5.9372096
174.102,5.9272056
174.688,5.9172521
175.274,5.9073486
175.86,5.8974953
176.446,5.8876905
177.032,5.8779349
177.618,5.868227
178.204,5.8585677
178.79,5.8489556
179.376,5.8393908
179.962,5.8298726
180.548,5.8204007
181.134,5.8109751
181.72,5.8015952
182.306,5.7922602
182.892,5.78297
183.478,5.7737246
184.064,5.764523
184.65,5.7553658
185.236,5.7462516
185.822,5.7371812
186.408,5.7281528
186.994,5.7191677
187.58,5.7102242
188.166,5.7013226
188.752,5.6924624
189.338,5.6836438
189.924,5.6748662
190.51,5.6661286
191.096,5.6574316
191.682,5.6487746
192.268,5.6401567
192.854,5.6315784
193.44,5.6230397
194.026,5.6145391
194.612,5.6060772
195.198,5.5976534
195.784,5.5892673
196.37,5.5809188
196.956,5.5726075
197.542,5.5643334
198.128,5.5560956
198.714,5.5478945
199.3,5.5397296
199.886,5.5316005
200.472,5.5235076
201.058,5.5154495
201.644,5.5074267
202.23,5.4994392
202.816,5.4914861
203.402,5.4835672
203.988,5.4756827
204.574,5.4678321
205.16,5.4600153
205.746,5.4522319
206.332,5.4444818
206.918,5.4367647
207.504,5.42908
208.09,5.4214282
208.676,5.4138083
209.262,5.4062209
209.848,5.398665
210.434,5.3911409
211.02,5.3836479
211.606,5.3761864
212.192,5.3687558
212.778,5.3613558
213.364,5.3539863
213.95,5.3466468
214.536,5.3393369
215.122,5.3320575
215.708,5.3248076
216.294,5.3175874
216.88,5.3103962
217.466,5.3032346
218.052,5.2961016
218.638,5.2889977
219.224,5.2819219
219.81,5.2748747
220.396,5.2678552
220.982,5.2608643
221.568,5.253901
222.154,5.2469649
222.74,5.2400565
223.326,5.2331753
223.912,5.2263212
224.498,5.2194939
225.084,5.2126937
225.67,5.2059193
226.256,5.199172
226.842,5.19245
227.428,5.1857548
228.014,5.1790853
228.6,5.172441
229.186,5.165822
229.772,5.1592288
230.358,5.1526604
230.944,5.1461172
231.53,5.1395988
232.116,5.1331053
232.702,5.126636
233.288,5.1201916
233.874,5.113771
234.46,5.1073747
235.046,5.1010022
235.632,5.0946536
236.218,5.0883288
236.804,5.0820274
237.39,5.0757494
237.976,5.0694947
238.562,5.0632629
239.148,5.057054
239.734,5.050868
240.32,5.0447044
240.906,5.0385637
241.492,5.032445
242.078,5.0263486
242.664,5.0202746
243.25,5.0142226
243.836,5.0081921
244.422,5.0021834
245.008,4.9961963
245.594,4.9902306
246.18,4.9842863
246.766,4.978363
247.352,4.9724612
247.938,4.9665799
248.524,4.9607196
249.11,4.9548802
249.696,4.9490614
250.282,4.9432626
250.868,4.9374843
251.454,4.9317265
252.04,4.9259887
252.626,4.9202709
253.212,4.9145727
253.798,4.9088945
254.384,4.9032354
254.97,4.8975964
255.556,4.8919768
256.142,4.8863769
256.728,4.8807955
257.314,4.8752337
257.9,4.8696904
258.486,4.8641658
259.072,4.8586602
259.658,4.8531728
260.244,4.8477044
260.83,4.8422542
261.416,4.8368225
262.002,4.831409
262.588,4.8260136
263.174,4.8206363
263.76,4.8152771
264.346,4.8099356
264.932,4.8046117
265.518,4.7993054
266.104,4.7940168
266.69,4.7887454
267.276,4.7834916
267.862,4.7782555
268.448,4.773036
269.034,4.7678337
269.62,4.7626481
270.206,4.7574801
270.792,4.7523284
271.378,4.7471933
271.964,4.7420754
272.55,4.7369738
273.136,4.7318883
273.722,4.7268195
274.308,4.7217669
274.894,4.7167301
275.48,4.71171
276.066,4.7067056
276.652,4.7017174
277.238,4.6967449
277.824,4.6917882
278.41,4.6868472
278.996,4.681921
279.582,4.6770101
280.168,4.6721153
280.754,4.6672354
281.34,4.6623712
281.926,4.6575217
282.512,4.6526875
283.098,4.6478682
283.684,4.643064
284.27,4.6382751
284.856,4.6335006
285.442,4.6287408
286.028,4.6239958
286.614,4.6192656
287.2,4.6145496
287.786,4.609848
288.372,4.6051607
288.958,4.6004877
289.544,4.595829
290.13,4.5911846
290.716,4.5865541
291.302,4.5819378
291.888,4.5773354
292.474,4.5727463
293.06,4.5681715
293.646,4.5636106
294.232,4.559063
294.818,4.5545287
295.404,4.5500083
295.99,4.5455012
296.576,4.5410075
297.162,4.5365272
297.748,4.5320597
298.334,4.5276055
298.92,4.5231643
299.506,4.5187359
300.092,4.5143209
300.678,4.5099187
301.264,4.5055294
301.85,4.501153
302.436,4.496789
303.022,4.4924378
303.608,4.4880996
304.194,4.4837732
304.78,4.4794598
305.366,4.4751587
305.952,4.47087
306.538,4.4665937
307.124,4.4623294
307.71,4.4580774
308.296,4.4538379
308.882,4.4496102
309.468,4.4453945
310.054,4.4411907
310.64,4.4369988
311.226,4.4328189
311.812,4.4286509
312.398,4.4244943
312.984,4.4203496
313.57,4.4162164
314.156,4.4120946
314.742,4.4079847
315.328,4.4038863
315.914,4.3997989
316.5,4.3957233
317.086,4.3916588
317.672,4.3876052
318.258,4.3835635
318.844,4.3795323
319.43,4.3755126
320.016,4.3715038
320.602,4.367506
321.188,4.3635197
321.774,4.3595433
322.36,4.3555784
322.946,4.351624
323.532,4.3476806
324.118,4.3437476
324.704,4.3398256
325.29,4.3359141
325.876,4.3320131
326.462,4.3281226
327.048,4.3242426
327.634,4.3203731
328.22,4.316514
328.806,4.312665
329.392,4.3088264
329.978,4.3049979
330.564,4.3011799
331.15,4.2973719
331.736,4.2935739
332.322,4.2897859
332.908,4.2860079
333.494,4.2822399
334.08,4.278482
334.666,4.274734
335.252,4.2709956
335.838,4.2672672
336.424,4.2635484
337.01,4.2598395
337.596,4.2561402
338.182,4.2524505
338.768,4.2487702
339.354,4.2450995
339.94,4.2414384
340.526,4.2377868
341.112,4.2341442
341.698,4.2305117
342.284,4.2268882
342.87,4.2232738
343.456,4.2196689
344.042,4.216073
344.628,4.2124863
345.214,4.208909
345.8,4.2053409
346.386,4.2017813
346.972,4.1982312
347.558,4.1946898
348.144,4.1911578
348.73,4.1876345
349.316,4.1841202
349.902,4.180614
350.488,4.1771173
351.074,4.1736293
351.66,4.1701498
352.246,4.1666794
352.832,4.1632171
353.418,4.1597633
354.004,4.1563182
354.59,4.1528816
355.176,4.1494536
355.762,4.1460342
356.348,4.1426229
356.934,4.1392202
357.52,4.1358261
358.106,4.1324401
358.692,4.1290622
359.278,4.1256928
359.864,4.1223316
360.45,4.1189785
361.036,4.115634
361.622,4.1122971
362.208,4.1089687
362.794,4.105648
363.38,4.1023359
363.966,4.0990314
364.552,4.0957351
365.138,4.0924468
365.724,4.0891657
366.31,4.0858932
366.896,4.0826283
367.482,4.0793715
368.068,4.0761223
368.654,4.0728807
369.24,4.0696468
369.826,4.066421
370.412,4.0632024
370.998,4.0599918
371.584,4.0567889
372.17,4.0535932
372.756,4.0504055
373.342,4.047225
373.928,4.0440521
374.514,4.0408864
375.1,4.0377283
375.686,4.0345778
376.272,4.0314345
376.858,4.0282989
377.444,4.0251703
378.03,4.022049
378.616,4.0189352
379.202,4.0158277
379.788,4.0127277
380.374,4.009635
380.96,4.0065489
381.546,4.0034704
382.132,4.0003986
382.718,3.9973345
383.304,3.994277
383.89,3.9912264
384.476,3.9881833
385.062,3.9851468
385.648,3.9821172
386.234,3.9790945
386.82,3.976079
387.406,3.9730701
387.992,3.9700682
388.578,3.967073
389.164,3.9640846
389.75,3.961103
390.336,3.958128
390.922,3.9551597
391.508,3.9521983
392.094,3.9492433
392.68,3.946295
393.266,3.9433534
393.852,3.9404185
394.438,3.9374897
395.024,3.9345679
395.61,3.9316523
396.196,3.9287434
396.782,3.9258409
397.368,3.9229448
397.954,3.9200552
398.54,3.9171717
399.126,3.9142947
399.712,3.9114242
400.298,3.9085598
400.884,3.9057019
401.47,3.9028502
402.056,3.9000046
402.642,3.8971653
403.228,3.8943317
403.814,3.8915045
404.4,3.8886833
404.986,3.8858683
405.572,3.8830595
406.158,3.8802567
406.744,3.87746
407.33,3.8746693
407.916,3.8718846
408.502,3.8691061
409.088,3.8663332
409.674,3.8635666
410.26,3.8608057
410.846,3.8580511
411.432,3.8553021
412.018,3.8525589
412.604,3.8498216
413.19,3.8470902
413.776,3.8443646
414.362,3.8416448
414.948,3.8389308
415.534,3.8362224
416.12,3.8335199
416.706,3.8308229
417.292,3.8281319
417.878,3.8254464
418.464,3.8227665
419.05,3.8200922
419.636,3.8174236
420.222,3.8147607
420.808,3.812103
421.394,3.8094511
421.98,3.8068049
422.566,3.8041639
423.152,3.8015285
423.738,3.7988987
424.324,3.7962742
424.91,3.7936552
425.496,3.7910414
426.082,3.7884333
426.668,3.7858305
427.254,3.7832329
427.84,3.7806408
428.426,3.778054
429.012,3.7754724
429.598,3.7728961
430.184,3.7703252
430.77,3.7677596
431.356,3.7651989
431.942,3.7626438
432.528,3.7600937
433.114,3.7575488
433.7,3.7550089
434.286,3.7524745
434.872,3.7499449
435.458,3.7474205
436.044,3.7449014
436.63,3.7423871
437.216,3.7398779
437.802,3.7373738
438.388,3.7348747
438.974,3.7323806
439.56,3.7298915
440.146,3.7274075
440.732,3.7249284
441.318,3.7224541
441.904,3.7199848
442.49,3.7175205
443.076,3.7150609
443.662,3.7126064
444.248,3.7101567
444.834,3.7077117
445.42,3.7052717
446.006,3.7028363
446.592,3.7004058
447.178,3.6979802
447.764,3.6955593
448.35,3.6931431
448.936,3.6907315
449.522,3.6883249
450.108,3.6859226
450.694,3.6835253
451.28,3.6811326
451.866,3.6787448
452.452,3.6763613
453.038,3.6739826
453.624,3.6716084
454.21,3.6692388
454.796,3.6668737
455.382,3.6645133
455.968,3.6621575
456.554,3.6598063
457.14,3.6574595
457.726,3.655117
458.312,3.6527793
458.898,3.6504462
459.484,3.6481173
460.07,3.6457927
460.656,3.6434727
461.242,3.6411572
461.828,3.6388462
462.414,3.6365395
463,3.6342371
463.586,3.6319389
464.172,3.6296453
464.758,3.6273561
465.344,3.625071
465.93,3.6227903
466.516,3.6205142
467.102,3.618242
467.688,3.6159742
468.274,3.6137106
468.86,3.6114514
469.446,3.6091962
470.032,3.6069455
470.618,3.6046989
471.204,3.6024563
471.79,3.6002181
472.376,3.5979841
472.962,3.5957541
473.548,3.5935283
474.134,3.5913064
474.72,3.5890889
475.306,3.5868754
475.892,3.5846663
476.478,3.5824609
477.064,3.5802596
477.65,3.5780625
478.236,3.5758693
478.822,3.5736802
479.408,3.5714951
479.994,3.569314
480.58,3.567137
481.166,3.5649638
481.752,3.5627947
482.338,3.5606296
482.924,3.5584683
483.51,3.5563111
484.096,3.5541575
484.682,3.5520082
485.268,3.5498626
485.854,3.5477209
486.44,3.545583
487.026,3.5434492
487.612,3.5413189
488.198,3.5391927
488.784,3.5370703
489.37,3.5349517
489.956,3.5328369
490.542,3.5307257
491.128,3.5286186
491.714,3.526515
492.3,3.5244153
492.886,3.5223193
493.472,3.5202272
494.058,3.5181386
494.644,3.5160539
495.23,3.5139728
495.816,3.5118954
496.402,3.5098217
496.988,3.5077517
497.574,3.5056853
498.16,3.5036225
498.746,3.5015635
499.332,3.4995081
499.918,3.4974563
500.504,3.4954081
501.09,3.4933634
501.676,3.4913223
502.262,3.4892848
502.848,3.487251
503.434,3.4852207
504.02,3.4831939
504.606,3.4811707
505.192,3.479151
505.778,3.4771347
506.364,3.4751222
506.95,3.4731128
507.536,3.471107
508.122,3.469105
508.708,3.4671061
509.294,3.4651108
509.88,3.4631186
510.466,3.4611299
511.052,3.4591446
511.638,3.4571626
512.224,3.4551842
512.81,3.4532092
513.396,3.4512374
513.982,3.4492691
514.568,3.447304
515.154,3.4453423
515.74,3.4433842
516.326,3.4414294
516.912,3.4394777
517.498,3.4375293
518.084,3.4355843
518.67,3.4336426
519.256,3.4317043
519.842,3.4297693
520.428,3.4278376
521.014,3.4259088
521.6,3.4239836
522.186,3.4220617
522.772,3.4201429
523.358,3.4182272
523.944,3.4163148
524.53,3.4144056
525.116,3.4124997
525.702,3.4105971
526.288,3.4086976
526.874,3.406801
527.46,3.4049079
528.046,3.4030178
528.632,3.4011309
529.218,3.3992472
529.804,3.3973665
530.39,3.395489
530.976,3.3936145
531.562,3.3917432
532.148,3.3898752
532.734,3.38801
533.32,3.386148
533.906,3.384289
534.492,3.3824332
535.078,3.3805804
535.664,3.3787305
536.25,3.3768837
536.836,3.3750401
537.422,3.3731995
538.008,3.3713617
538.594,3.3695271
539.18,3.3676956
539.766,3.3658669
540.352,3.3640411
540.938,3.3622184
541.524,3.3603985
542.11,3.358582
542.696,3.3567681
543.282,3.3549571
543.868,3.3531492
544.454,3.3513443
545.04,3.3495421
545.626,3.347743
546.212,3.3459466
546.798,3.3441527
547.384,3.3423617
547.97,3.3405738
548.556,3.3387885
549.142,3.3370061
549.728,3.3352268
550.314,3.3334501
550.9,3.3316765
551.486,3.3299053
552.072,3.3281374
552.658,3.3263721
553.244,3.3246095
553.83,3.32285
554.416,3.3210931
555.002,3.319339
555.588,3.3175879
556.174,3.3158395
556.76,3.3140936
557.346,3.3123507
557.932,3.3106105
558.518,3.3088732
559.104,3.3071384
559.69,3.3054066
560.276,3.3036773
560.862,3.3019507
561.448,3.3002269
562.034,3.2985058
562.62,3.2967873
563.206,3.2950716
563.792,3.2933586
564.378,3.2916484
564.964,3.2899406
565.55,3.2882357
566.136,3.2865334
566.722,3.2848337
567.308,3.2831366
567.894,3.2814422
568.48,3.2797503
569.066,3.2780612
569.652,3.2763746
570.238,3.2746906
570.824,3.2730091
571.41,3.2713304
571.996,3.2696543
572.582,3.2679806
573.168,3.2663095
573.754,3.264641
574.34,3.2629752
574.926,3.2613118
575.512,3.2596509
576.098,3.2579927
576.684,3.2563369
577.27,3.2546837
577.856,3.2530329
578.442,3.2513845
579.028,3.2497385
579.614,3.2480948
580.2,3.2464538
580.786,3.2448153
581.372,3.2431793
581.958,3.2415457
582.544,3.2399147
583.13,3.238286
583.716,3.2366598
584.302,3.2350361
584.888,3.2334149
585.474,3.231796
586.06,3.2301795
586.646,3.2285655
587.232,3.226954
587.818,3.2253449
588.404,3.2237382
588.99,3.2221336
589.576,3.2205319
590.162,3.2189324
590.748,3.2173352
591.334,3.2157404
591.92,3.214148
592.506,3.2125578
593.092,3.2109702
593.678,3.2093849
594.264,3.2078018
594.85,3.2062213
595.436,3.204643
596.022,3.2030671
596.608,3.2014933
597.194,3.1999221
597.78,3.1983531
598.366,3.1967864
598.952,3.1952219
599.538,3.1936598
600.124,3.1921
600.71,3.1905427
601.296,3.1889873
601.882,3.1874344
602.468,3.1858838
603.054,3.1843352
603.64,3.1827891
604.226,3.1812453
604.812,3.1797035
605.398,3.1781642
605.984,3.1766269
606.57,3.175092
607.156,3.1735592
607.742,3.1720288
608.328,3.1705005
608.914,3.1689744
609.5,3.1674504
610.086,3.1659288
610.672,3.1644094
611.258,3.1628919
611.844,3.1613767
612.43,3.1598639
613.016,3.1583531
613.602,3.1568444
614.188,3.155338
614.774,3.1538339
615.36,3.1523316
615.946,3.1508317
616.532,3.1493337
617.118,3.1478379
617.704,3.1463444
618.29,3.1448529
618.876,3.1433637
619.462,3.1418765
620.048,3.1403913
620.634,3.1389081
621.22,3.1374273
621.806,3.1359484
622.392,3.1344717
622.978,3.132997
623.564,3.1315246
624.15,3.130054
624.736,3.1285856
625.322,3.1271193
625.908,3.1256549
626.494,3.1241927
627.08,3.1227324
627.666,3.1212745
628.252,3.1198182
628.838,3.1183641
629.424,3.1169121
630.01,3.1154621
630.596,3.1140141
631.182,3.1125681
631.768,3.111124
632.354,3.1096821
632.94,3.1082423
633.526,3.1068044
634.112,3.1053684
634.698,3.1039343
635.284,3.1025023
635.87,3.1010725
636.456,3.0996444
637.042,3.0982184
637.628,3.0967941
638.214,3.0953722
638.8,3.0939519
639.386,3.0925338
639.972,3.0911174
640.558,3.0897031
641.144,3.0882907
641.73,3.0868802
642.316,3.0854716
642.902,3.0840652
643.488,3.0826604
644.074,3.0812578
644.66,3.0798569
645.246,3.0784578
645.832,3.0770607
646.418,3.0756655
647.004,3.0742722
647.59,3.0728807
648.176,3.071491
648.762,3.0701034
649.348,3.0687177
649.934,3.0673339
650.52,3.0659518
651.106,3.0645716
651.692,3.0631933
652.278,3.0618169
652.864,3.0604422
653.45,3.0590696
654.036,3.0576987
654.622,3.0563295
655.208,3.0549624
655.794,3.053597
656.38,3.0522335
656.966,3.0508716
657.552,3.0495117
658.138,3.0481539
658.724,3.0467975
659.31,3.0454431
659.896,3.0440905
660.482,3.0427394
661.068,3.0413904
661.654,3.0400434
662.24,3.0386977
662.826,3.0373542
663.412,3.0360122
663.998,3.034672
664.584,3.0333338
665.17,3.0319972
665.756,3.0306623
666.342,3.0293293
666.928,3.027998
667.514,3.0266685
668.1,3.0253406
668.686,3.0240147
669.272,3.0226903
669.858,3.0213678
670.444,3.0200467
671.03,3.0187278
671.616,3.0174105
672.202,3.0160947
672.788,3.0147808
673.374,3.0134685
673.96,3.0121582
674.546,3.0108495
675.132,3.0095422
675.718,3.0082369
676.304,3.0069332
676.89,3.0056312
677.476,3.0043309
678.062,3.0030322
678.648,3.0017354
679.234,3.0004401
679.82,2.9991467
680.406,2.9978547
680.992,2.9965646
681.578,2.995276
682.164,2.993989
682.75,2.9927037
683.336,2.9914203
683.922,2.9901383
684.508,2.988858
685.094,2.9875793
685.68,2.9863024
686.266,2.9850268
686.852,2.9837532
687.438,2.982481
688.024,2.9812107
688.61,2.9799416
689.196,2.9786744
689.782,2.9774089
690.368,2.976145
690.954,2.9748826
691.54,2.9736216
692.126,2.9723625
692.712,2.9711051
693.298,2.9698489
693.884,2.9685946
694.47,2.9673417
695.056,2.9660904
695.642,2.9648409
696.228,2.9635928
696.814,2.9623463
697.4,2.9611013
697.986,2.9598579
698.572,2.9586163
699.158,2.957376
699.744,2.9561374
700.33,2.9549003
700.916,2.9536648
701.502,2.9524305
702.088,2.9511983
702.674,2.9499671
703.26,2.9487379
703.846,2.94751
704.432,2.9462838
705.018,2.9450591
705.604,2.9438357
706.19,2.9426138
706.776,2.9413936
707.362,2.9401751
707.948,2.9389577
708.534,2.937742
709.12,2.9365277
709.706,2.9353149
710.292,2.9341037
710.878,2.932894
711.464,2.9316857
712.05,2.930479
712.636,2.9292738
713.222,2.9280701
713.808,2.9268677
714.394,2.9256668
714.98,2.9244676
715.566,2.9232695
716.152,2.9220731
716.738,2.9208784
717.324,2.9196849
717.91,2.9184928
718.496,2.9173024
719.082,2.9161131
719.668,2.9149256
720.254,2.9137394
720.84,2.9125547
721.426,2.9113712
722.012,2.9101894
722.598,2.909009
723.184,2.90783
723.77,2.9066527
724.356,2.9054763
724.942,2.9043016
725.528,2.9031286
726.114,2.9019566
726.7,2.9007862
727.286,2.8996172
727.872,2.8984494
728.458,2.8972833
729.044,2.8961186
729.63,2.8949552
730.216,2.8937931
730.802,2.8926325
731.388,2.8914735
731.974,2.8903155
732.56,2.8891592
733.146,2.8880043
733.732,2.8868506
734.318,2.8856983
734.904,2.8845475
735.49,2.8833978
736.076,2.8822498
736.662,2.881103
737.248,2.8799577
737.834,2.8788135
738.42,2.877671
739.006,2.8765297
739.592,2.8753898
740.178,2.8742511
740.764,2.8731139
741.35,2.871978
741.936,2.8708436
742.522,2.8697104
743.108,2.8685784
743.694,2.8674479
744.28,2.8663187
744.866,2.865191
745.452,2.8640645
746.038,2.8629394
746.624,2.8618155
747.21,2.860693
747.796,2.8595717
748.382,2.8584518
748.968,2.8573332
749.554,2.856216
750.14,2.8550999
750.726,2.8539853
751.312,2.8528719
751.898,2.8517599
752.484,2.8506491
753.07,2.8495398
753.656,2.8484316
754.242,2.8473248
754.828,2.8462191
755.414,2.8451149
756,2.8440118
756.586,2.8429103
757.172,2.8418097
757.758,2.8407106
758.344,2.8396127
758.93,2.838516
759.516,2.8374207
760.102,2.8363268
760.688,2.8352339
761.274,2.8341424
761.86,2.8330522
762.446,2.8319631
763.032,2.8308754
763.618,2.8297889
764.204,2.8287036
764.79,2.8276196
765.376,2.8265369
765.962,2.8254554
766.548,2.8243752
767.134,2.8232961
767.72,2.8222184
768.306,2.8211417
768.892,2.8200665
769.478,2.8189924
770.064,2.8179195
770.65,2.8168478
771.236,2.8157775
771.822,2.8147082
772.408,2.8136404
772.994,2.8125734
773.58,2.8115079
774.166,2.8104436
774.752,2.8093805
775.338,2.8083186
775.924,2.8072579
776.51,2.8061984
777.096,2.80514
777.682,2.8040831
778.268,2.8030272
778.854,2.8019724
779.44,2.8009188
780.026,2.7998664
780.612,2.7988155
781.198,2.7977655
781.784,2.7967167
782.37,2.7956691
782.956,2.7946227
783.542,2.7935774
784.128,2.7925334
784.714,2.7914906
785.3,2.7904487
785.886,2.7894082
786.472,2.7883687
787.058,2.7873306
787.644,2.7862935
788.23,2.7852576
788.816,2.7842228
789.402,2.7831893
789.988,2.7821567
790.574,2.7811255
791.16,2.7800953
791.746,2.7790663
792.332,2.7780385
792.918,2.7770119
793.504,2.7759864
794.09,2.7749619
794.676,2.7739387
795.262,2.7729166
795.848,2.7718954
796.434,2.7708755
797.02,2.7698569
797.606,2.7688389
798.192,2.767822
798.778,2.7668064
799.364,2.7657919
799.95,2.7647786
800.536,2.7637661
801.122,2.7627549
801.708,2.761745
802.294,2.760736
802.88,2.7597282
803.466,2.7587214
804.052,2.7577157
804.638,2.756711
805.224,2.7557075
805.81,2.7547052
806.396,2.7537041
806.982,2.7527039
807.568,2.7517047
808.154,2.7507067
808.74,2.7497098
809.326,2.748714
809.912,2.7477193
810.498,2.7467256
811.084,2.745733
811.67,2.7447414
812.256,2.743751
812.842,2.7427619
813.428,2.7417736
814.014,2.7407863
814.6,2.7398002
815.186,2.7388151
815.772,2.7378311
816.358,2.7368481
816.944,2.7358663
817.53,2.7348855
818.116,2.7339056
818.702,2.7329268
819.288,2.7319493
819.874,2.7309728
820.46,2.7299972
821.046,2.7290225
821.632,2.728049
822.218,2.7270768
822.804,2.7261052
823.39,2.7251348
823.976,2.7241657
824.562,2.7231975
825.148,2.7222302
825.734,2.7212639
826.32,2.7202988
826.906,2.7193346
827.492,2.7183716
828.078,2.7174094
828.664,2.7164483
829.25,2.7154884
829.836,2.7145293
830.422,2.7135713
831.008,2.7126143
831.594,2.7116585
832.18,2.7107036
832.766,2.7097495
833.352,2.7087965
833.938,2.7078447
834.524,2.7068937
835.11,2.7059438
835.696,2.7049949
836.282,2.704047
836.868,2.7031002
837.454,2.7021542
838.04,2.7012093
838.626,2.7002654
839.212,2.6993225
839.798,2.6983805
840.384,2.6974397
840.97,2.6964996
841.556,2.6955607
842.142,2.6946228
842.728,2.6936858
843.314,2.6927497
843.9,2.6918147
844.486,2.6908805
845.072,2.6899474
845.658,2.6890154
846.244,2.6880841
846.83,2.6871541
847.416,2.6862247
848.002,2.6852965
848.588,2.6843693
849.174,2.6834431
849.76,2.6825175
850.346,2.6815932
850.932,2.6806698
851.518,2.6797473
852.104,2.6788259
852.69,2.6779053
853.276,2.6769857
853.862,2.6760666
854.448,2.6751487
855.034,2.6742315
855.62,2.6733153
856.206,2.6724
856.792,2.6714859
857.378,2.6705725
857.964,2.6696601
858.55,2.6687486
859.136,2.6678381
859.722,2.6669285
860.308,2.6660197
860.894,2.665112
861.48,2.6642053
862.066,2.6632993
862.652,2.6623945
863.238,2.6614904
863.824,2.6605873
864.41,2.6596854
864.996,2.6587839
865.582,2.6578836
866.168,2.6569843
866.754,2.656086
867.34,2.6551883
867.926,2.6542916
868.512,2.6533959
869.098,2.6525011
869.684,2.6516073
870.27,2.6507142
870.856,2.6498222
871.442,2.648931
872.028,2.6480408
872.614,2.6471512
873.2,2.6462629
873.786,2.6453753
874.372,2.6444886
874.958,2.6436028
875.544,2.6427178
876.13,2.641834
876.716,2.6409509
877.302,2.6400685
877.888,2.6391873
878.474,2.6383069
879.06,2.6374273
879.646,2.6365485
880.232,2.6356709
880.818,2.634794
881.404,2.6339178
881.99,2.6330428
882.576,2.6321685
883.162,2.6312952
883.748,2.6304226
884.334,2.6295509
884.92,2.6286802
885.506,2.6278102
886.092,2.6269412
886.678,2.6260729
887.264,2.6252058
887.85,2.6243391
888.436,2.6234736
889.022,2.6226089
889.608,2.6217449
890.194,2.620882
890.78,2.6200197
891.366,2.6191585
891.952,2.6182981
892.538,2.6174386
893.124,2.6165798
893.71,2.6157217
894.296,2.6148648
894.882,2.6140084
895.468,2.6131532
896.054,2.6122987
896.64,2.611445
897.226,2.6105921
897.812,2.60974
898.398,2.6088889
898.984,2.6080387
899.57,2.6071889
900.156,2.6063402
900.742,2.6054919
901.328,2.6046445
901.914,2.6037982
902.5,2.6029525
903.086,2.6021075
903.672,2.6012635
904.258,2.6004202
904.844,2.5995779
905.43,2.5987365
906.016,2.5978956
906.602,2.5970557
907.188,2.5962167
907.774,2.5953784
908.36,2.5945411
908.946,2.5937042
909.532,2.5928686
910.118,2.5920334
910.704,2.5911992
911.29,2.5903659
911.876,2.5895331
912.462,2.5887015
913.048,2.5878704
913.634,2.5870402
914.22,2.5862107
914.806,2.5853822
915.392,2.5845544
915.978,2.5837274
916.564,2.5829012
917.15,2.5820758
917.736,2.5812511
918.322,2.5804274
918.908,2.5796044
919.494,2.5787821
920.08,2.5779607
920.666,2.5771401
921.252,2.5763202
921.838,2.575501
922.424,2.5746827
923.01,2.5738652
923.596,2.5730486
924.182,2.5722325
924.768,2.5714173
925.354,2.5706029
925.94,2.5697894
926.526,2.5689764
927.112,2.5681643
927.698,2.567353
928.284,2.5665424
928.87,2.5657327
929.456,2.5649238
930.042,2.5641155
930.628,2.563308
931.214,2.5625012
931.8,2.5616953
932.386,2.5608902
932.972,2.5600858
933.558,2.5592821
934.144,2.5584791
934.73,2.557677
935.316,2.5568757
935.902,2.5560751
936.488,2.5552752
937.074,2.554476
937.66,2.5536778
938.246,2.55288
938.832,2.5520833
939.418,2.5512869
940.004,2.5504916
940.59,2.5496972
941.176,2.5489032
941.762,2.54811
942.348,2.5473175
942.934,2.546526
943.52,2.5457349
944.106,2.5449448
944.692,2.5441554
945.278,2.5433667
945.864,2.5425787
946.45,2.5417914
947.036,2.5410049
947.622,2.5402191
948.208,2.539434
948.794,2.5386498
949.38,2.5378661
949.966,2.5370834
950.552,2.5363011
951.138,2.5355196
951.724,2.534739
952.31,2.5339589
952.896,2.5331798
953.482,2.5324013
954.068,2.5316234
954.654,2.5308464
955.24,2.5300701
955.826,2.5292943
956.412,2.5285194
956.998,2.527745
957.584,2.5269716
958.17,2.5261989
958.756,2.5254266
959.342,2.5246553
959.928,2.5238845
960.514,2.5231144
961.1,2.5223453
961.686,2.5215766
962.272,2.5208089
962.858,2.5200417
963.444,2.5192752
964.03,2.5185094
964.616,2.5177443
965.202,2.5169799
965.788,2.5162163
966.374,2.5154533
966.96,2.5146911
967.546,2.5139294
968.132,2.5131686
968.718,2.5124083
969.304,2.5116489
969.89,2.51089
970.476,2.5101316
971.062,2.5093741
971.648,2.5086172
972.234,2.5078609
972.82,2.5071051
973.406,2.5063503
973.992,2.5055962
974.578,2.5048425
975.164,2.5040896
975.75,2.5033376
976.336,2.5025861
976.922,2.5018351
977.508,2.501085
978.094,2.5003357
978.68,2.4995868
979.266,2.4988387
979.852,2.4980912
980.438,2.4973445
981.024,2.4965985
981.61,2.4958529
982.196,2.4951081
982.782,2.494364
983.368,2.4936206
983.954,2.492878
984.54,2.4921358
985.126,2.4913943
985.712,2.4906535
986.298,2.4899135
986.884,2.4891739
987.47,2.4884353
988.056,2.4876971
988.642,2.4869595
989.228,2.4862227
989.814,2.4854865
990.4,2.4847512
990.986,2.4840162
991.572,2.4832821
992.158,2.4825485
992.744,2.4818156
993.33,2.4810834
993.916,2.4803517
994.502,2.4796207
995.088,2.4788904
995.674,2.4781609
996.26,2.4774318
996.846,2.4767034
997.432,2.4759755
998.018,2.4752486
998.604,2.4745221
999.19,2.4737964
999.776,2.4730711
1000.362,2.4723465
1000.948,2.4716227
1001.534,2.4708993
1002.12,2.4701767
1002.706,2.4694548
1003.292,2.4687333
1003.878,2.4680128
1004.464,2.4672925
1005.05,2.4665732
1005.636,2.4658544
1006.222,2.4651361
1006.808,2.4644186
1007.394,2.4637015
1007.98,2.4629853
1008.566,2.4622695
1009.152,2.4615545
1009.738,2.46084
1010.324,2.4601262
1010.91,2.4594131
1011.496,2.4587004
1012.082,2.4579885
1012.668,2.4572771
1013.254,2.4565663
1013.84,2.4558563
1014.426,2.4551468
1015.012,2.454438
1015.598,2.4537296
1016.184,2.453022
1016.77,2.4523151
1017.356,2.4516084
1017.942,2.4509027
1018.528,2.4501975
1019.114,2.4494929
1019.7,2.4487889
1020.286,2.4480855
1020.872,2.4473827
1021.458,2.4466805
1022.044,2.4459791
1022.63,2.4452779
1023.216,2.4445777
1023.802,2.4438779
1024.388,2.4431789
1024.974,2.4424803
1025.56,2.4417822
1026.146,2.4410849
1026.732,2.440388
1027.318,2.439692
1027.904,2.4389963
1028.49,2.4383013
1029.076,2.437607
1029.662,2.4369133
1030.248,2.4362202
1030.834,2.4355273
1031.42,2.4348354
1032.006,2.434144
1032.592,2.4334531
1033.178,2.4327629
1033.764,2.4320731
1034.35,2.4313841
1034.936,2.4306955
1035.522,2.4300077
1036.108,2.4293203
1036.694,2.4286337
1037.28,2.4279475
1037.866,2.4272621
1038.452,2.4265771
1039.038,2.4258926
1039.624,2.4252088
1040.21,2.4245255
1040.796,2.4238429
1041.382,2.4231606
1041.968,2.4224792
1042.554,2.4217982
1043.14,2.4211178
1043.726,2.4204381
1044.312,2.4197588
1044.898,2.4190803
1045.484,2.4184022
1046.07,2.4177246
1046.656,2.4170475
1047.242,2.4163713
1047.828,2.4156954
1048.414,2.4150202
1049,2.4143455
1049.586,2.4136715
1050.172,2.4129977
1050.758,2.4123249
1051.344,2.4116523
1051.93,2.4109805
1052.516,2.4103093
1053.102,2.4096384
1053.688,2.4089682
1054.274,2.4082987
1054.86,2.4076297
1055.446,2.4069612
1056.032,2.4062932
1056.618,2.4056258
1057.204,2.404959
1057.79,2.4042926
1058.376,2.4036269
1058.962,2.4029617
1059.548,2.4022973
1060.134,2.401633
1060.72,2.4009695
1061.306,2.4003065
1061.892,2.3996441
1062.478,2.3989823
1063.064,2.3983209
1063.65,2.39766
1064.236,2.3969998
1064.822,2.3963401
1065.408,2.3956811
1065.994,2.3950224
1066.58,2.3943644
1067.166,2.393707
1067.752,2.39305
1068.338,2.3923936
1068.924,2.3917375
1069.51,2.3910823
1070.096,2.3904274
1070.682,2.3897731
1071.268,2.3891194
1071.854,2.3884661
1072.44,2.3878136
1073.026,2.3871615
1073.612,2.3865097
1074.198,2.3858588
1074.784,2.3852081
1075.37,2.3845582
1075.956,2.3839087
1076.542,2.3832598
1077.128,2.3826113
1077.714,2.3819635
1078.3,2.3813162
1078.886,2.3806694
1079.472,2.380023
1080.058,2.3793771
1080.644,2.378732
1081.23,2.378087
1081.816,2.3774428
1082.402,2.3767993
1082.988,2.3761561
1083.574,2.3755136
1084.16,2.3748715
1084.746,2.3742299
1085.332,2.3735888
1085.918,2.3729482
1086.504,2.372308
1087.09,2.3716686
1087.676,2.3710296
1088.262,2.3703911
1088.848,2.3697531
1089.434,2.3691156
1090.02,2.3684788
1090.606,2.3678424
1091.192,2.3672063
1091.778,2.3665709
1092.364,2.365936
1092.95,2.3653016
1093.536,2.3646679
1094.122,2.3640344
1094.708,2.3634017
1095.294,2.3627694
1095.88,2.3621376
1096.466,2.3615062
1097.052,2.3608754
1097.638,2.360245
1098.224,2.3596151
1098.81,2.3589859
1099.396,2.358357
1099.982,2.3577287
1100.568,2.357101
1101.154,2.3564737
1101.74,2.3558469
1102.326,2.3552206
1102.912,2.3545947
1103.498,2.3539693
1104.084,2.3533444
1104.67,2.3527203
1105.256,2.3520963
1105.842,2.3514731
1106.428,2.3508503
1107.014,2.3502278
1107.6,2.349606
1108.186,2.3489847
1108.772,2.3483639
1109.358,2.3477435
1109.944,2.3471236
1110.53,2.3465042
1111.116,2.3458855
1111.702,2.3452671
1112.288,2.3446491
1112.874,2.3440316
1113.46,2.3434148
1114.046,2.3427985
1114.632,2.3421824
1115.218,2.3415668
1115.804,2.3409519
1116.39,2.3403373
1116.976,2.3397233
1117.562,2.3391099
1118.148,2.3384967
1118.734,2.3378842
1119.32,2.3372722
1119.906,2.3366604
1120.492,2.3360493
1121.078,2.3354387
1121.664,2.3348286
1122.25,2.3342187
1122.836,2.3336096
1123.422,2.3330009
1124.008,2.3323927
1124.594,2.3317847
1125.18,2.3311775
1125.766,2.3305707
1126.352,2.3299642
1126.938,2.3293583
1127.524,2.328753
1128.11,2.3281479
1128.696,2.3275435
1129.282,2.3269396
1129.868,2.3263359
1130.454,2.3257329
1131.04,2.3251302
1131.626,2.3245282
1132.212,2.3239264
1132.798,2.3233252
1133.384,2.3227243
1133.97,2.3221242
1134.556,2.3215244
1135.142,2.320925
1135.728,2.3203263
1136.314,2.3197277
1136.9,2.3191297
1137.486,2.3185322
1138.072,2.3179352
1138.658,2.3173387
1139.244,2.3167427
1139.83,2.3161471
1140.416,2.3155518
1141.002,2.3149571
1141.588,2.3143628
1142.174,2.3137689
1142.76,2.3131757
1143.346,2.3125827
1143.932,2.3119903
1144.518,2.3113983
1145.104,2.3108068
1145.69,2.3102157
1146.276,2.3096249
1146.862,2.3090348
1147.448,2.3084452
1148.034,2.3078558
1148.62,2.307267
1149.206,2.3066785
1149.792,2.3060908
1150.378,2.3055034
1150.964,2.3049161
1151.55,2.3043296
1152.136,2.3037436
1152.722,2.3031578
1153.308,2.3025725
1153.894,2.3019879
1154.48,2.3014035
1155.066,2.3008196
1155.652,2.3002362
1156.238,2.2996531
1156.824,2.2990706
1157.41,2.2984884
1157.996,2.2979069
1158.582,2.2973256
1159.168,2.2967446
1159.754,2.2961643
1160.34,2.2955844
1160.926,2.2950048
1161.512,2.294426
1162.098,2.2938473
1162.684,2.2932692
1163.27,2.2926915
1163.856,2.292114
1164.442,2.2915373
1165.028,2.2909608
1165.614,2.2903848
1166.2,2.2898092
1166.786,2.2892342
1167.372,2.2886596
1167.958,2.2880852
1168.544,2.2875113
1169.13,2.286938
1169.716,2.286365
1170.302,2.2857926
1170.888,2.2852204
1171.474,2.2846487
1172.06,2.2840776
1172.646,2.2835066
1173.232,2.2829363
1173.818,2.2823663
1174.404,2.2817967
1174.99,2.2812278
1175.576,2.280659
1176.162,2.2800908
1176.748,2.2795229
1177.334,2.2789555
1177.92,2.2783885
1178.506,2.277822
1179.092,2.2772558
1179.678,2.2766902
1180.264,2.2761247
1180.85,2.2755599
1181.436,2.2749956
1182.022,2.2744315
1182.608,2.2738678
1183.194,2.2733047
1183.78,2.272742
1184.366,2.2721796
1184.952,2.2716177
1185.538,2.2710562
1186.124,2.2704949
1186.71,2.2699342
1187.296,2.2693739
1187.882,2.2688141
1188.468,2.2682548
1189.054,2.2676957
1189.64,2.2671371
1190.226,2.2665789
1190.812,2.266021
1191.398,2.2654636
1191.984,2.2649066
1192.57,2.2643502
1193.156,2.2637939
1193.742,2.2632382
1194.328,2.2626829
1194.914,2.2621279
1195.5,2.2615736
1196.086,2.2610195
1196.672,2.2604656
1197.258,2.2599123
1197.844,2.2593594
1198.43,2.2588069
1199.016,2.2582548
1199.602,2.2577033
1200.188,2.2571518
1200.774,2.2566011
1201.36,2.2560506
1201.946,2.2555006
1202.532,2.2549508
1203.118,2.2544017
1203.704,2.2538528
1204.29,2.2533042
1204.876,2.2527564
1205.462,2.2522087
1206.048,2.2516615
1206.634,2.2511146
1207.22,2.2505682
1207.806,2.2500222
1208.392,2.2494764
1208.978,2.2489312
1209.564,2.2483861
1210.15,2.2478418
1210.736,2.2472978
1211.322,2.2467539
1211.908,2.2462108
1212.494,2.2456679
1213.08,2.2451253
1213.666,2.2445834
1214.252,2.2440414
1214.838,2.2435002
1215.424,2.2429593
1216.01,2.2424188
1216.596,2.2418785
1217.182,2.2413387
1217.768,2.2407994
1218.354,2.2402606
1218.94,2.239722
1219.526,2.2391837
1220.112,2.238646
1220.698,2.2381084
1221.284,2.2375715
1221.87,2.2370348
1222.456,2.2364986
1223.042,2.2359626
1223.628,2.2354271
1224.214,2.2348921
1224.8,2.2343574
1225.386,2.2338231
1225.972,2.233289
1226.558,2.2327554
1227.144,2.2322223
1227.73,2.2316895
1228.316,2.2311571
1228.902,2.2306252
1229.488,2.2300935
1230.074,2.229562
1230.66,2.2290313
1231.246,2.2285006
1231.832,2.2279706
1232.418,2.2274408
1233.004,2.2269113
1233.59,2.2263825
1234.176,2.2258537
1234.762,2.2253256
1235.348,2.2247977
1235.934,2.2242701
1236.52,2.223743
1237.106,2.2232163
1237.692,2.2226899
1238.278,2.2221639
1238.864,2.2216382
1239.45,2.221113
1240.036,2.220588
1240.622,2.2200637
1241.208,2.2195394
1241.794,2.2190156
1242.38,2.2184923
1242.966,2.2179692
1243.552,2.2174466
1244.138,2.2169242
1244.724,2.2164023
1245.31,2.2158809
1245.896,2.2153597
1246.482,2.2148387
1247.068,2.2143185
1247.654,2.2137983
1248.24,2.2132785
1248.826,2.2127593
1249.412,2.2122402
1249.998,2.2117217
1250.584,2.2112036
1251.17,2.2106855
1251.756,2.2101681
1252.342,2.209651
1252.928,2.2091341
1253.514,2.2086177
1254.1,2.2081015
1254.686,2.2075858
1255.272,2.2070706
1255.858,2.2065556
1256.444,2.2060411
1257.03,2.2055266
1257.616,2.2050128
1258.202,2.2044992
1258.788,2.2039859
1259.374,2.2034733
1259.96,2.2029607
1260.546,2.2024486
1261.132,2.201937
1261.718,2.2014256
1262.304,2.2009144
1262.89,2.2004039
1263.476,2.1998935
1264.062,2.1993835
1264.648,2.198874
1265.234,2.1983647
1265.82,2.1978557
1266.406,2.1973472
1266.992,2.1968391
1267.578,2.1963313
1268.164,2.1958237
1268.75,2.1953166
1269.336,2.1948099
1269.922,2.1943033
1270.508,2.1937973
1271.094,2.1932914
1271.68,2.1927862
1272.266,2.192281
1272.852,2.1917765
1273.438,2.1912723
1274.024,2.1907682
1274.61,2.1902645
1275.196,2.1897612
1275.782,2.1892583
1276.368,2.1887558
1276.954,2.1882534
1277.54,2.1877515
1278.126,2.1872499
1278.712,2.1867487
1279.298,2.1862478
1279.884,2.1857474
1280.47,2.1852472
1281.056,2.1847475
1281.642,2.184248
1282.228,2.1837487
1282.814,2.18325
1283.4,2.1827514
1283.986,2.1822534
1284.572,2.1817555
1285.158,2.1812582
1285.744,2.1807611
1286.33,2.1802642
1286.916,2.1797678
1287.502,2.1792719
1288.088,2.178776
1288.674,2.1782806
1289.26,2.1777856
1289.846,2.1772909
1290.432,2.1767967
1291.018,2.1763024
1291.604,2.1758089
1292.19,2.1753154
1292.776,2.1748223
1293.362,2.1743298
1293.948,2.1738374
1294.534,2.1733453
1295.12,2.1728535
1295.706,2.1723621
1296.292,2.1718709
1296.878,2.17138
1297.464,2.1708896
1298.05,2.1703994
1298.636,2.1699095
1299.222,2.16942
1299.808,2.1689308
1300.394,2.168442
1300.98,2.1679535
1301.566,2.1674652
1302.152,2.1669774
1302.738,2.1664901
1303.324,2.1660028
1303.91,2.1655159
1304.496,2.1650293
1305.082,2.1645432
1305.668,2.1640573
1306.254,2.1635718
1306.84,2.1630864
1307.426,2.1626015
1308.012,2.162117
1308.598,2.1616328
1309.184,2.1611488
1309.77,2.1606653
1310.356,2.160182
1310.942,2.159699
1311.528,2.1592164
1312.114,2.1587341
1312.7,2.1582522
1313.286,2.1577704
1313.872,2.1572893
1314.458,2.1568081
1315.044,2.1563275
1315.63,2.1558471
1316.216,2.1553671
1316.802,2.1548874
1317.388,2.154408
1317.974,2.1539288
1318.56,2.15345
1319.146,2.1529717
1319.732,2.1524935
1320.318,2.1520157
1320.904,2.1515381
1321.49,2.1510611
1322.076,2.1505842
1322.662,2.1501076
1323.248,2.1496315
1323.834,2.1491556
1324.42,2.14868
1325.006,2.1482048
1325.592,2.1477299
1326.178,2.1472552
1326.764,2.146781
1327.35,2.1463068
1327.936,2.1458333
1328.522,2.1453598
1329.108,2.1448867
1329.694,2.1444139
1330.28,2.1439416
1330.866,2.1434696
1331.452,2.1429977
1332.038,2.1425261
1332.624,2.142055
1333.21,2.1415842
1333.796,2.1411135
1334.382,2.1406434
1334.968,2.1401734
1335.554,2.1397038
1336.14,2.1392343
1336.726,2.1387653
1337.312,2.1382966
1337.898,2.1378284
1338.484,2.1373601
1339.07,2.1368923
1339.656,2.136425
1340.242,2.1359577
1340.828,2.1354909
1341.414,2.1350243
1342,2.1345582
1342.586,2.1340923
1343.172,2.1336267
1343.758,2.1331613
1344.344,2.1326962
1344.93,2.1322315
1345.516,2.131767
1346.102,2.1313031
1346.688,2.1308391
1347.274,2.1303756
1347.86,2.1299126
1348.446,2.1294496
1349.032,2.1289871
1349.618,2.1285248
1350.204,2.1280627
1350.79,2.1276011
1351.376,2.1271396
1351.962,2.1266785
1352.548,2.1262178
1353.134,2.1257572
1353.72,2.1252971
1354.306,2.1248372
1354.892,2.1243777
1355.478,2.1239183
1356.064,2.1234593
1356.65,2.1230009
1357.236,2.1225424
1357.822,2.1220841
1358.408,2.1216264
1358.994,2.1211689
1359.58,2.1207118
1360.166,2.1202548
1360.752,2.1197982
1361.338,2.1193419
1361.924,2.1188858
1362.51,2.1184301
1363.096,2.1179748
1363.682,2.1175196
1364.268,2.1170647
1364.854,2.1166103
1365.44,2.1161559
1366.026,2.1157019
1366.612,2.1152482
1367.198,2.114795
1367.784,2.114342
1368.37,2.113889
1368.956,2.1134365
1369.542,2.1129844
1370.128,2.1125324
1370.714,2.1120808
1371.3,2.1116295
1371.886,2.1111784
1372.472,2.1107278
1373.058,2.1102772
1373.644,2.109827
1374.23,2.1093771
1374.816,2.1089275
1375.402,2.1084783
1375.988,2.1080294
1376.574,2.1075804
1377.16,2.1071322
1377.746,2.106684
1378.332,2.106236
1378.918,2.1057885
1379.504,2.1053412
1380.09,2.1048942
1380.676,2.1044474
1381.262,2.104001
1381.848,2.103555
1382.434,2.1031089
1383.02,2.1026633
1383.606,2.1022182
1384.192,2.101773
1384.778,2.1013284
1385.364,2.100884
1385.95,2.1004398
1386.536,2.0999959
1387.122,2.0995522
1387.708,2.0991089
1388.294,2.0986657
1388.88,2.098223
1389.466,2.0977805
1390.052,2.0973384
1390.638,2.0968964
1391.224,2.0964549
1391.81,2.0960135
1392.396,2.0955725
1392.982,2.0951316
1393.568,2.094691
1394.154,2.0942509
1394.74,2.0938108
1395.326,2.0933712
1395.912,2.0929317
1396.498,2.0924926
1397.084,2.0920539
1397.67,2.0916152
1398.256,2.091177
1398.842,2.090739
1399.428,2.0903013
1400.014,2.0898638
1400.6,2.0894265
1401.186,2.0889897
1401.772,2.088553
1402.358,2.0881166
1402.944,2.0876806
1403.53,2.0872447
1404.116,2.0868092
1404.702,2.086374
1405.288,2.0859389
1405.874,2.0855043
1406.46,2.0850699
1407.046,2.0846355
1407.632,2.0842018
1408.218,2.0837681
1408.804,2.0833347
1409.39,2.0829017
1409.976,2.0824687
1410.562,2.0820363
1411.148,2.081604
1411.734,2.081172
1412.32,2.0807402
1412.906,2.0803089
1413.492,2.0798776
1414.078,2.0794468
1414.664,2.0790162
1415.25,2.0785856
1415.836,2.0781555
1416.422,2.0777256
1417.008,2.077296
1417.594,2.0768669
1418.18,2.0764375
1418.766,2.0760086
1419.352,2.0755799
1419.938,2.0751514
1420.524,2.0747232
1421.11,2.0742953
1421.696,2.0738676
1422.282,2.0734403
1422.868,2.0730131
1423.454,2.0725863
1424.04,2.0721598
1424.626,2.0717332
1425.212,2.0713072
1425.798,2.0708814
1426.384,2.0704558
1426.97,2.0700307
1427.556,2.0696056
1428.142,2.0691807
1428.728,2.0687563
1429.314,2.0683322
1429.9,2.067908
1430.486,2.0674844
1431.072,2.0670609
1431.658,2.0666378
1432.244,2.0662148
1432.83,2.0657923
1433.416,2.0653698
1434.002,2.0649476
1434.588,2.0645258
1435.174,2.0641043
1435.76,2.0636828
1436.346,2.0632617
1436.932,2.0628409
1437.518,2.0624204
1438.104,2.062
1438.69,2.0615799
1439.276,2.0611601
1439.862,2.0607405
1440.448,2.0603213
1441.034,2.0599022
1441.62,2.0594833
1442.206,2.0590649
1442.792,2.0586467
1443.378,2.0582285
1443.964,2.0578108
1444.55,2.0573933
1445.136,2.0569761
1445.722,2.0565591
1446.308,2.0561423
1446.894,2.0557258
1447.48,2.0553095
1448.066,2.0548937
1448.652,2.0544779
1449.238,2.0540626
1449.824,2.0536473
1450.41,2.0532322
1450.996,2.0528176
1451.582,2.0524032
1452.168,2.0519888
1452.754,2.0515749
1453.34,2.0511613
1453.926,2.0507479
1454.512,2.0503347
1455.098,2.0499215
1455.684,2.049509
1456.27,2.0490966
1456.856,2.0486844
1457.442,2.0482724
1458.028,2.0478606
1458.614,2.0474491
1459.2,2.0470381
1459.786,2.046627
1460.372,2.0462162
1460.958,2.0458059
1461.544,2.0453956
1462.13,2.0449858
1462.716,2.0445759
1463.302,2.0441666
1463.888,2.0437574
1464.474,2.0433483
1465.06,2.0429397
1465.646,2.0425313
1466.232,2.0421228
1466.818,2.0417149
1467.404,2.0413072
1467.99,2.0408998
1468.576,2.0404925
1469.162,2.0400856
1469.748,2.0396788
1470.334,2.0392723
1470.92,2.038866
1471.506,2.03846
1472.092,2.0380542
1472.678,2.0376484
1473.264,2.0372434
1473.85,2.0368383
1474.436,2.0364335
1475.022,2.0360289
1475.608,2.0356245
1476.194,2.0352204
1476.78,2.0348167
1477.366,2.0344131
1477.952,2.0340097
1478.538,2.0336065
1479.124,2.0332036
1479.71,2.0328012
1480.296,2.0323987
1480.882,2.0319965
1481.468,2.0315945
1482.054,2.031193
1482.64,2.0307915
1483.226,2.0303903
1483.812,2.0299895
1484.398,2.0295887
1484.984,2.0291882
1485.57,2.0287879
1486.156,2.028388
1486.742,2.0279882
1487.328,2.0275886
1487.914,2.0271895
1488.5,2.0267904
1489.086,2.0263915
1489.672,2.0259929
1490.258,2.0255945
1490.844,2.0251966
1491.43,2.0247986
1492.016,2.0244009
1492.602,2.0240037
1493.188,2.0236065
1493.774,2.0232096
1494.36,2.0228128
1494.946,2.0224164
1495.532,2.0220201
1496.118,2.0216241
1496.704,2.0212283
1497.29,2.020833
1497.876,2.0204377
1498.462,2.0200427
1499.048,2.0196478
1499.634,2.0192533
1500.22,2.0188589
1500.806,2.0184648
1501.392,2.0180709
1501.978,2.0176773
1502.564,2.0172837
1503.15,2.0168905
1503.736,2.0164976
1504.322,2.0161049
1504.908,2.0157123
1505.494,2.0153201
1506.08,2.0149281
1506.666,2.0145361
1507.252,2.0141447
1507.838,2.0137534
1508.424,2.0133622
1509.01,2.0129714
1509.596,2.0125806
1510.182,2.0121903
1510.768,2.0118001
1511.354,2.01141
1511.94,2.0110204
1512.526,2.0106308
1513.112,2.0102415
1513.698,2.0098526
1514.284,2.0094638
1514.87,2.0090752
1515.456,2.0086868
1516.042,2.0082986
1516.628,2.0079107
1517.214,2.0075231
1517.8,2.0071354
1518.386,2.006748
1518.972,2.0063605
1519.558,2.0059736
1520.144,2.0055866
1520.73,2.0051999
1521.316,2.0048134
1521.902,2.0044274
1522.488,2.0040414
1523.074,2.0036557
1523.66,2.0032701
1524.246,2.0028849
1524.832,2.0024998
1525.418,2.002115
1526.004,2.0017304
1526.59,2.0013461
1527.176,2.000962
1527.762,2.0005779
1528.348,2.0001943
1528.934,1.9998108
1529.52,1.9994276
1530.106,1.9990445
1530.692,1.9986618
1531.278,1.9982792
1531.864,1.9978968
1532.45,1.9975147
1533.036,1.9971328
1533.622,1.9967511
1534.208,1.9963696
1534.794,1.9959884
1535.38,1.9956073
1535.966,1.9952265
1536.552,1.9948459
1537.138,1.9944655
1537.724,1.9940853
1538.31,1.9937054
1538.896,1.9933257
1539.482,1.9929463
1540.068,1.9925669
1540.654,1.992188
1541.24,1.991809
1541.826,1.9914304
1542.412,1.991052
1542.998,1.9906739
1543.584,1.9902959
1544.17,1.9899181
1544.756,1.9895407
1545.342,1.9891634
1545.928,1.9887862
1546.514,1.9884094
1547.1,1.9880327
1547.686,1.9876562
1548.272,1.98728
1548.858,1.986904
1549.444,1.9865283
1550.03,1.9861526
1550.616,1.9857773
1551.202,1.9854021
1551.788,1.9850272
1552.374,1.9846525
1552.96,1.984278
1553.546,1.9839038
1554.132,1.9835297
1554.718,1.9831558
1555.304,1.9827821
1555.89,1.9824088
1556.476,1.9820355
1557.062,1.9816625
1557.648,1.9812897
1558.234,1.9809171
1558.82,1.9805448
1559.406,1.9801726
1559.992,1.9798007
1560.578,1.9794289
1561.164,1.9790574
1561.75,1.9786861
1562.336,1.978315
1562.922,1.9779441
1563.508,1.9775735
1564.094,1.977203
1564.68,1.9768327
1565.266,1.9764627
1565.852,1.9760928
1566.438,1.9757233
1567.024,1.9753538
1567.61,1.9749846
1568.196,1.9746156
1568.782,1.9742469
1569.368,1.9738783
1569.954,1.9735099
1570.54,1.9731417
1571.126,1.9727738
1571.712,1.972406
1572.298,1.9720385
1572.884,1.9716711
1573.47,1.9713041
1574.056,1.9709371
1574.642,1.9705703
1575.228,1.9702039
1575.814,1.9698377
1576.4,1.9694716
1576.986,1.9691056
1577.572,1.96874
1578.158,1.9683745
1578.744,1.9680092
1579.33,1.9676442
1579.916,1.9672793
1580.502,1.9669147
1581.088,1.9665502
1581.674,1.9661859
1582.26,1.965822
1582.846,1.9654582
1583.432,1.9650944
1584.018,1.9647311
1584.604,1.9643679
1585.19,1.9640049
1585.776,1.963642
1586.362,1.9632794
1586.948,1.962917
1587.534,1.9625547
1588.12,1.9621928
1588.706,1.961831
1589.292,1.9614693
1589.878,1.961108
1590.464,1.9607468
1591.05,1.9603858
1591.636,1.960025
1592.222,1.9596643
1592.808,1.959304
1593.394,1.9589435
1593.98,1.9585832
1594.566,1.9582232
1595.152,1.9578633
1595.738,1.9575037
1596.324,1.9571441
1596.91,1.956785
1597.496,1.9564259
1598.082,1.956067
1598.668,1.9557083
1599.254,1.9553498
1599.84,1.9549916
1600.426,1.9546335
1601.012,1.9542756
1601.598,1.953918
1602.184,1.9535605
1602.77,1.9532032
1603.356,1.9528461
1603.942,1.9524893
1604.528,1.9521325
1605.114,1.951776
1605.7,1.9514197
1606.286,1.9510636
1606.872,1.9507078
1607.458,1.9503521
1608.044,1.9499965
1608.63,1.9496412
1609.216,1.9492861
1609.802,1.9489312
1610.388,1.9485765
1610.974,1.9482219
1611.56,1.9478676
1612.146,1.9475135
1612.732,1.9471595
1613.318,1.9468058
1613.904,1.9464521
1614.49,1.9460988
1615.076,1.9457457
1615.662,1.9453927
1616.248,1.9450399
1616.834,1.9446874
1617.42,1.944335
1618.006,1.9439828
1618.592,1.9436307
1619.178,1.9432789
1619.764,1.9429274
1620.35,1.9425759
1620.936,1.9422246
1621.522,1.9418737
1622.108,1.9415227
1622.694,1.9411721
1623.28,1.9408216
1623.866,1.9404714
1624.452,1.9401213
1625.038,1.9397714
1625.624,1.9394217
1626.21,1.9390721
1626.796,1.9387228
1627.382,1.9383737
1627.968,1.9380248
1628.554,1.9376761
1629.14,1.9373275
1629.726,1.9369791
1630.312,1.936631
1630.898,1.9362829
1631.484,1.9359351
1632.07,1.9355875
1632.656,1.93524
1633.242,1.9348929
1633.828,1.9345458
1634.414,1.934199
1635,1.9338523
1635.586,1.9335058
1636.172,1.9331595
1636.758,1.9328134
1637.344,1.9324675
1637.93,1.9321218
1638.516,1.9317762
1639.102,1.9314308
1639.688,1.9310856
1640.274,1.9307406
1640.86,1.9303958
1641.446,1.9300512
1642.032,1.9297068
1642.618,1.9293625
1643.204,1.9290185
1643.79,1.9286746
1644.376,1.9283309
1644.962,1.9279875
1645.548,1.9276441
1646.134,1.9273009
1646.72,1.9269581
1647.306,1.9266152
1647.892,1.9262726
1648.478,1.9259303
1649.064,1.925588
1649.65,1.925246
1650.236,1.9249042
1650.822,1.9245626
1651.408,1.924221
1651.994,1.9238797
1652.58,1.9235387
1653.166,1.9231977
1653.752,1.9228569
1654.338,1.9225165
1654.924,1.922176
1655.51,1.9218358
1656.096,1.9214958
1656.682,1.9211559
1657.268,1.9208163
1657.854,1.9204768
1658.44,1.9201375
1659.026,1.9197984
1659.612,1.9194595
1660.198,1.9191208
1660.784,1.9187822
1661.37,1.9184438
1661.956,1.9181056
1662.542,1.9177675
1663.128,1.9174297
1663.714,1.9170921
1664.3,1.9167546
1664.886,1.9164172
1665.472,1.9160801
1666.058,1.9157431
1666.644,1.9154063
1667.23,1.9150698
1667.816,1.9147334
1668.402,1.9143971
1668.988,1.9140611
1669.574,1.9137253
1670.16,1.9133896
1670.746,1.913054
1671.332,1.9127187
1671.918,1.9123834
1672.504,1.9120485
1673.09,1.9117137
1673.676,1.911379
1674.262,1.9110445
1674.848,1.9107102
1675.434,1.9103762
1676.02,1.9100423
1676.606,1.9097085
1677.192,1.909375
1677.778,1.9090415
1678.364,1.9087082
1678.95,1.9083753
1679.536,1.9080423
1680.122,1.9077096
1680.708,1.9073771
1681.294,1.9070448
1681.88,1.9067125
1682.466,1.9063807
1683.052,1.9060488
1683.638,1.9057171
1684.224,1.9053856
1684.81,1.9050543
1685.396,1.9047232
1685.982,1.9043922
1686.568,1.9040614
1687.154,1.9037309
1687.74,1.9034004
1688.326,1.9030701
1688.912,1.90274
1689.498,1.90241
1690.084,1.9020803
1690.67,1.9017508
1691.256,1.9014214
1691.842,1.9010919
1692.428,1.9007627
1693.014,1.9004335
1693.6,1.9001046
1694.186,1.899776
1694.772,1.8994473
1695.358,1.8991189
1695.944,1.8987907
1696.53,1.8984627
1697.116,1.8981347
1697.702,1.897807
1698.288,1.8974794
1698.874,1.8971521
1699.46,1.8968248
1700.046,1.8964977
1700.632,1.896171
1701.218,1.8958442
1701.804,1.8955177
1702.39,1.8951913
1702.976,1.8948652
1703.562,1.8945391
1704.148,1.8942133
1704.734,1.8938875
1705.32,1.8935621
1705.906,1.8932368
1706.492,1.8929116
1707.078,1.8925865
1707.664,1.8922616
1708.25,1.891937
1708.836,1.8916125
1709.422,1.8912882
1710.008,1.8909639
1710.594,1.8906399
1711.18,1.8903161
1711.766,1.8899925
1712.352,1.8896689
1712.938,1.8893456
1713.524,1.8890225
1714.11,1.8886994
1714.696,1.8883766
1715.282,1.8880539
1715.868,1.8877314
1716.454,1.8874091
1717.04,1.887087
1717.626,1.8867649
1718.212,1.8864431
1718.798,1.8861214
1719.384,1.8858
1719.97,1.8854786
1720.556,1.8851575
1721.142,1.8848364
1721.728,1.8845155
1722.314,1.8841949
1722.9,1.8838743
1723.486,1.883554
1724.072,1.8832338
1724.658,1.8829138
1725.244,1.8825939
1725.83,1.8822743
1726.416,1.8819547
1727.002,1.8816353
1727.588,1.8813162
1728.174,1.8809971
1728.76,1.8806782
1729.346,1.8803595
1729.932,1.880041
1730.518,1.8797226
1731.104,1.8794043
1731.69,1.8790863
1732.276,1.8787683
1732.862,1.8784506
1733.448,1.8781331
1734.034,1.8778156
1734.62,1.8774984
1735.206,1.8771813
1735.792,1.8768643
1736.378,1.8765476
1736.964,1.876231
1737.55,1.8759145
1738.136,1.8755982
1738.722,1.875282
1739.308,1.8749661
1739.894,1.8746504
1740.48,1.8743347
1741.066,1.8740191
1741.652,1.8737038
1742.238,1.8733886
1742.824,1.8730737
1743.41,1.8727589
1743.996,1.8724442
1744.582,1.8721296
1745.168,1.8718152
1745.754,1.871501
1746.34,1.871187
1746.926,1.8708731
1747.512,1.8705593
1748.098,1.8702458
1748.684,1.8699324
1749.27,1.8696191
1749.856,1.869306
1750.442,1.868993
1751.028,1.8686802
1751.614,1.8683677
1752.2,1.8680552
1752.786,1.8677429
1753.372,1.8674307
1753.958,1.8671187
1754.544,1.8668069
1755.13,1.8664953
1755.716,1.8661836
1756.302,1.8658723
1756.888,1.865561
1757.474,1.86525
1758.06,1.8649391
1758.646,1.8646284
1759.232,1.8643178
1759.818,1.8640074
1760.404,1.8636971
1760.99,1.863387
1761.576,1.863077
1762.162,1.8627672
1762.748,1.8624575
1763.334,1.862148
1763.92,1.8618387
1764.506,1.8615295
1765.092,1.8612205
1765.678,1.8609116
1766.264,1.8606029
1766.85,1.8602942
1767.436,1.8599858
1768.022,1.8596776
1768.608,1.8593695
1769.194,1.8590615
1769.78,1.8587537
1770.366,1.858446
1770.952,1.8581386
1771.538,1.8578312
1772.124,1.857524
1772.71,1.857217
1773.296,1.8569101
1773.882,1.8566034
1774.468,1.8562968
1775.054,1.8559904
1775.64,1.8556842
1776.226,1.8553779
1776.812,1.855072
1777.398,1.8547661
1777.984,1.8544605
1778.57,1.8541549
1779.156,1.8538496
1779.742,1.8535445
1780.328,1.8532394
1780.914,1.8529345
1781.5,1.8526297
1782.086,1.8523251
1782.672,1.8520206
1783.258,1.8517163
1783.844,1.8514122
1784.43,1.8511082
1785.016,1.8508043
1785.602,1.8505006
1786.188,1.8501971
1786.774,1.8498936
1787.36,1.8495904
1787.946,1.8492873
1788.532,1.8489844
1789.118,1.8486816
1789.704,1.8483788
1790.29,1.8480763
1790.876,1.8477739
1791.462,1.8474717
1792.048,1.8471696
1792.634,1.8468678
1793.22,1.846566
1793.806,1.8462644
1794.392,1.8459629
1794.978,1.8456615
1795.564,1.8453604
1796.15,1.8450594
1796.736,1.8447585
1797.322,1.8444577
1797.908,1.8441572
1798.494,1.8438568
1799.08,1.8435565
1799.666,1.8432564
1800.252,1.8429563
1800.838,1.8426565
1801.424,1.8423568
1802.01,1.8420572
1802.596,1.8417579
1803.182,1.8414586
1803.768,1.8411595
1804.354,1.8408605
1804.94,1.8405616
1805.526,1.840263
1806.112,1.8399645
1806.698,1.8396661
1807.284,1.8393679
1807.87,1.8390697
1808.456,1.8387718
1809.042,1.838474
1809.628,1.8381764
1810.214,1.8378788
1810.8,1.8375815
1811.386,1.8372842
1811.972,1.8369871
1812.558,1.8366903
1813.144,1.8363935
1813.73,1.8360968
1814.316,1.8358003
1814.902,1.8355039
1815.488,1.8352077
1816.074,1.8349117
1816.66,1.8346157
1817.246,1.8343199
1817.832,1.8340243
1818.418,1.8337288
1819.004,1.8334334
1819.59,1.8331382
1820.176,1.8328432
1820.762,1.8325483
1821.348,1.8322535
1821.934,1.8319589
1822.52,1.8316643
1823.106,1.83137
1823.692,1.8310758
1824.278,1.8307817
1824.864,1.8304877
1825.45,1.830194
1826.036,1.8299004
1826.622,1.8296069
1827.208,1.8293135
1827.794,1.8290203
1828.38,1.8287271
1828.966,1.8284342
1829.552,1.8281415
1830.138,1.8278488
1830.724,1.8275563
1831.31,1.827264
1831.896,1.8269717
1832.482,1.8266796
1833.068,1.8263876
1833.654,1.8260958
1834.24,1.8258041
1834.826,1.8255126
1835.412,1.8252212
1835.998,1.82493
1836.584,1.8246388
1837.17,1.8243479
1837.756,1.8240571
1838.342,1.8237664
1838.928,1.8234758
1839.514,1.8231854
1840.1,1.8228952
1840.686,1.822605
1841.272,1.8223149
1841.858,1.8220248
1842.444,1.821735
1843.03,1.8214453
1843.616,1.8211558
1844.202,1.8208663
1844.788,1.820577
1845.374,1.8202879
1845.96,1.8199989
1846.546,1.81971
1847.132,1.8194213
1847.718,1.8191327
1848.304,1.8188441
1848.89,1.8185558
1849.476,1.8182677
1850.062,1.8179796
1850.648,1.8176917
1851.234,1.8174039
1851.82,1.8171163
1852.406,1.8168287
1852.992,1.8165414
1853.578,1.8162541
1854.164,1.8159671
1854.75,1.8156801
1855.336,1.8153933
1855.922,1.8151065
1856.508,1.8148201
1857.094,1.8145336
1857.68,1.8142474
1858.266,1.8139613
1858.852,1.8136753
1859.438,1.8133893
1860.024,1.8131036
1860.61,1.8128181
1861.196,1.8125325
1861.782,1.8122472
1862.368,1.811962
1862.954,1.811677
1863.54,1.8113921
1864.126,1.8111072
1864.712,1.8108226
1865.298,1.8105381
1865.884,1.8102536
1866.47,1.8099694
1867.056,1.8096853
1867.642,1.8094013
1868.228,1.8091174
1868.814,1.8088338
1869.4,1.8085501
1869.986,1.8082668
1870.572,1.8079834
1871.158,1.8077003
1871.744,1.8074172
1872.33,1.8071343
1872.916,1.8068515
1873.502,1.8065689
1874.088,1.8062863
1874.674,1.8060039
1875.26,1.8057216
1875.846,1.8054396
1876.432,1.8051575
1877.018,1.8048757
1877.604,1.804594
1878.19,1.8043125
1878.776,1.804031
1879.362,1.8037497
1879.948,1.8034685
1880.534,1.8031875
1881.12,1.8029065
1881.706,1.8026258
1882.292,1.802345
1882.878,1.8020645
1883.464,1.801784
1884.05,1.8015038
1884.636,1.8012236
1885.222,1.8009437
1885.808,1.8006638
1886.394,1.800384
1886.98,1.8001045
1887.566,1.799825
1888.152,1.7995456
1888.738,1.7992663
1889.324,1.7989873
1889.91,1.7987083
1890.496,1.7984295
1891.082,1.7981508
1891.668,1.7978722
1892.254,1.7975937
1892.84,1.7973155
1893.426,1.7970372
1894.012,1.7967591
1894.598,1.7964813
1895.184,1.7962035
1895.77,1.7959259
1896.356,1.7956482
1896.942,1.7953708
1897.528,1.7950935
1898.114,1.7948164
1898.7,1.7945393
1899.286,1.7942625
1899.872,1.7939857
1900.458,1.793709
1901.044,1.7934326
1901.63,1.7931561
1902.216,1.7928799
1902.802,1.7926037
1903.388,1.7923278
1903.974,1.7920519
1904.56,1.7917762
1905.146,1.7915006
1905.732,1.7912251
1906.318,1.7909497
1906.904,1.7906744
1907.49,1.7903994
1908.076,1.7901243
1908.662,1.7898495
1909.248,1.7895747
1909.834,1.7893002
1910.42,1.7890257
1911.006,1.7887514
1911.592,1.7884772
1912.178,1.788203
1912.764,1.7879291
1913.35,1.7876552
1913.936,1.7873815
1914.522,1.7871079
1915.108,1.7868345
1915.694,1.7865611
1916.28,1.7862879
1916.866,1.7860148
1917.452,1.7857418
1918.038,1.7854689
1918.624,1.7851963
1919.21,1.7849237
1919.796,1.7846513
1920.382,1.7843789
1920.968,1.7841067
1921.554,1.7838346
1922.14,1.7835627
1922.726,1.7832909
1923.312,1.7830192
1923.898,1.7827475
1924.484,1.7824761
1925.07,1.7822047
1925.656,1.7819335
1926.242,1.7816623
1926.828,1.7813915
1927.414,1.7811205
1928,1.7808498
1928.586,1.7805792
1929.172,1.7803087
1929.758,1.7800385
1930.344,1.7797682
1930.93,1.7794981
1931.516,1.7792281
1932.102,1.7789583
1932.688,1.7786885
1933.274,1.7784189
1933.86,1.7781494
1934.446,1.7778801
1935.032,1.7776108
1935.618,1.7773417
1936.204,1.7770727
1936.79,1.7768039
1937.376,1.776535
1937.962,1.7762665
1938.548,1.7759979
1939.134,1.7757295
1939.72,1.7754612
1940.306,1.7751931
1940.892,1.7749251
1941.478,1.7746572
1942.064,1.7743894
1942.65,1.7741218
1943.236,1.7738543
1943.822,1.7735868
1944.408,1.7733195
1944.994,1.7730523
1945.58,1.7727853
1946.166,1.7725183
1946.752,1.7722515
1947.338,1.7719848
1947.924,1.7717183
1948.51,1.7714518
1949.096,1.7711855
1949.682,1.7709192
1950.268,1.7706531
1950.854,1.7703872
1951.44,1.7701213
1952.026,1.7698556
1952.612,1.76959
1953.198,1.7693245
1953.784,1.7690592
1954.37,1.7687938
1954.956,1.7685288
1955.542,1.7682637
1956.128,1.7679988
1956.714,1.7677341
1957.3,1.7674694
1957.886,1.7672049
1958.472,1.7669405
1959.058,1.7666762
1959.644,1.766412
1960.23,1.7661479
1960.816,1.765884
1961.402,1.7656201
1961.988,1.7653564
1962.574,1.7650928
1963.16,1.7648294
1963.746,1.7645661
1964.332,1.7643028
1964.918,1.7640396
1965.504,1.7637767
1966.09,1.7635138
1966.676,1.7632511
1967.262,1.7629884
1967.848,1.7627258
1968.434,1.7624635
1969.02,1.7622012
1969.606,1.7619389
1970.192,1.7616769
1970.778,1.761415
1971.364,1.7611531
1971.95,1.7608914
1972.536,1.7606299
1973.122,1.7603683
1973.708,1.760107
1974.294,1.7598457
1974.88,1.7595847
1975.466,1.7593236
1976.052,1.7590628
1976.638,1.7588019
1977.224,1.7585413
1977.81,1.7582808
1978.396,1.7580203
1978.982,1.75776
1979.568,1.7574998
1980.154,1.7572397
1980.74,1.7569798
1981.326,1.7567199
1981.912,1.7564602
1982.498,1.7562006
1983.084,1.755941
1983.67,1.7556816
1984.256,1.7554224
1984.842,1.7551632
1985.428,1.7549042
1986.014,1.7546452
1986.6,1.7543864
1987.186,1.7541277
1987.772,1.7538692
1988.358,1.7536106
1988.944,1.7533523
1989.53,1.7530941
1990.116,1.752836
1990.702,1.7525779
1991.288,1.7523201
1991.874,1.7520622
1992.46,1.7518046
1993.046,1.751547
1993.632,1.7512896
1994.218,1.7510322
1994.804,1.750775
1995.39,1.7505178
1995.976,1.7502609
1996.562,1.7500041
1997.148,1.7497473
1997.734,1.7494906
1998.32,1.7492341
1998.906,1.7489777
1999.492,1.7487212
2000.078,1.7484651
2000.664,1.748209
2001.25,1.7479531
2001.836,1.7476971
2002.422,1.7474414
2003.008,1.7471858
2003.594,1.7469302
2004.18,1.7466749
2004.766,1.7464195
2005.352,1.7461643
2005.938,1.7459092
2006.524,1.7456543
2007.11,1.7453995
2007.696,1.7451447
2008.282,1.7448901
2008.868,1.7446356
2009.454,1.7443812
2010.04,1.7441268
2010.626,1.7438726
2011.212,1.7436186
2011.798,1.7433646
2012.384,1.7431108
2012.97,1.742857
2013.556,1.7426034
2014.142,1.7423499
2014.728,1.7420964
2015.314,1.7418431
2015.9,1.7415899
2016.486,1.7413368
2017.072,1.7410839
2017.658,1.740831
2018.244,1.7405783
2018.83,1.7403256
2019.416,1.7400731
2020.002,1.7398207
2020.588,1.7395684
2021.174,1.7393162
2021.76,1.7390641
2022.346,1.7388121
2022.932,1.7385602
2023.518,1.7383084
2024.104,1.7380569
2024.69,1.7378052
2025.276,1.7375538
2025.862,1.7373025
2026.448,1.7370512
2027.034,1.7368002
2027.62,1.7365493
2028.206,1.7362983
2028.792,1.7360476
2029.378,1.7357969
2029.964,1.7355464
2030.55,1.7352959
2031.136,1.7350456
2031.722,1.7347953
2032.308,1.7345451
2032.894,1.7342951
2033.48,1.7340453
2034.066,1.7337954
2034.652,1.7335458
2035.238,1.7332962
2035.824,1.7330467
2036.41,1.7327973
2036.996,1.732548
2037.582,1.7322989
2038.168,1.7320498
2038.754,1.7318009
2039.34,1.731552
2039.926,1.7313033
2040.512,1.7310547
2041.098,1.7308062
2041.684,1.7305578
2042.27,1.7303095
2042.856,1.7300613
2043.442,1.7298132
2044.028,1.7295651
2044.614,1.7293173
2045.2,1.7290696
2045.786,1.7288219
2046.372,1.7285744
2046.958,1.7283269
2047.544,1.7280796
2048.13,1.7278323
2048.716,1.7275852
2049.302,1.7273382
2049.888,1.7270913
2050.474,1.7268444
2051.06,1.7265978
2051.646,1.7263511
2052.232,1.7261046
2052.818,1.7258582
2053.404,1.725612
2053.99,1.7253658
2054.576,1.7251197
2055.162,1.7248738
2055.748,1.7246279
2056.334,1.7243822
2056.92,1.7241365
2057.506,1.7238909
2058.092,1.7236456
2058.678,1.7234002
2059.264,1.7231549
2059.85,1.7229098
2060.436,1.7226648
2061.022,1.7224199
2061.608,1.722175
2062.194,1.7219304
2062.78,1.7216858
2063.366,1.7214413
2063.952,1.7211969
2064.538,1.7209525
2065.124,1.7207084
2065.71,1.7204642
2066.296,1.7202203
2066.882,1.7199764
2067.468,1.7197326
2068.054,1.719489
2068.64,1.7192454
2069.226,1.719002
2069.812,1.7187586
2070.398,1.7185154
2070.984,1.7182722
2071.57,1.7180291
2072.156,1.7177862
2072.742,1.7175434
2073.328,1.7173007
2073.914,1.7170579
2074.5,1.7168155
2075.086,1.716573
2075.672,1.7163306
2076.258,1.7160884
2076.844,1.7158463
2077.43,1.7156043
2078.016,1.7153624
2078.602,1.7151206
2079.188,1.7148788
2079.774,1.7146372
2080.36,1.7143958
2080.946,1.7141544
2081.532,1.713913
2082.118,1.7136718
2082.704,1.7134308
2083.29,1.7131897
2083.876,1.7129488
2084.462,1.712708
2085.048,1.7124673
2085.634,1.7122267
2086.22,1.7119862
2086.806,1.7117457
2087.392,1.7115055
2087.978,1.7112653
2088.564,1.7110252
2089.15,1.7107853
2089.736,1.7105454
2090.322,1.7103056
2090.908,1.710066
2091.494,1.7098264
2092.08,1.7095869
2092.666,1.7093475
2093.252,1.7091081
2093.838,1.708869
2094.424,1.7086298
2095.01,1.708391
2095.596,1.7081521
2096.182,1.7079133
2096.768,1.7076746
2097.354,1.707436
2097.94,1.7071975
2098.526,1.7069591
2099.112,1.7067208
2099.698,1.7064826
2100.284,1.7062446
2100.87,1.7060066
2101.456,1.7057687
2102.042,1.705531
2102.628,1.7052932
2103.214,1.7050557
2103.8,1.7048182
2104.386,1.7045808
2104.972,1.7043436
2105.558,1.7041063
2106.144,1.7038692
2106.73,1.7036322
2107.316,1.7033954
2107.902,1.7031586
2108.488,1.7029219
2109.074,1.7026852
2109.66,1.7024488
2110.246,1.7022123
2110.832,1.7019761
2111.418,1.7017399
2112.004,1.7015038
2112.59,1.7012677
2113.176,1.7010319
2113.762,1.700796
2114.348,1.7005603
2114.934,1.7003247
2115.52,1.7000892
2116.106,1.6998538
2116.692,1.6996185
2117.278,1.6993833
2117.864,1.6991481
2118.45,1.6989131
2119.036,1.6986781
2119.622,1.6984433
2120.208,1.6982086
2120.794,1.697974
2121.38,1.6977395
2121.966,1.697505
2122.552,1.6972706
2123.138,1.6970364
2123.724,1.6968023
2124.31,1.6965681
2124.896,1.6963342
2125.482,1.6961004
2126.068,1.6958666
2126.654,1.6956329
2127.24,1.6953993
2127.826,1.6951659
2128.412,1.6949325
2128.998,1.6946992
2129.584,1.694466
2130.17,1.6942329
2130.756,1.6939999
2131.342,1.6937671
2131.928,1.6935343
2132.514,1.6933016
2133.1,1.6930689
2133.686,1.6928364
2134.272,1.6926041
2134.858,1.6923717
2135.444,1.6921395
2136.03,1.6919073
2136.616,1.6916753
2137.202,1.6914433
2137.788,1.6912115
2138.374,1.6909797
2138.96,1.6907481
2139.546,1.6905165
2140.132,1.6902851
2140.718,1.6900537
2141.304,1.6898224
2141.89,1.6895913
2142.476,1.6893601
2143.062,1.6891291
2143.648,1.6888983
2144.234,1.6886675
2144.82,1.6884367
2145.406,1.6882062
2145.992,1.6879756
2146.578,1.6877452
2147.164,1.6875149
2147.75,1.6872847
2148.336,1.6870545
2148.922,1.6868244
2149.508,1.6865945
2150.094,1.6863647
2150.68,1.6861349
2151.266,1.6859052
2151.852,1.6856756
2152.438,1.6854461
2153.024,1.6852168
2153.61,1.6849874
2154.196,1.6847583
2154.782,1.6845292
2155.368,1.6843001
2155.954,1.6840712
2156.54,1.6838424
2157.126,1.6836137
2157.712,1.683385
2158.298,1.6831565
2158.884,1.682928
2159.47,1.6826997
2160.056,1.6824714
2160.642,1.6822431
2161.228,1.6820151
2161.814,1.6817871
2162.4,1.6815592
2162.986,1.6813314
2163.572,1.6811037
2164.158,1.6808761
2164.744,1.6806486
2165.33,1.6804211
2165.916,1.6801938
2166.502,1.6799666
2167.088,1.6797394
2167.674,1.6795123
2168.26,1.6792853
2168.846,1.6790584
2169.432,1.6788316
2170.018,1.678605
2170.604,1.6783783
2171.19,1.6781518
2171.776,1.6779253
2172.362,1.6776991
2172.948,1.6774728
2173.534,1.6772467
2174.12,1.6770205
2174.706,1.6767946
2175.292,1.6765687
2175.878,1.676343
2176.464,1.6761173
2177.05,1.6758916
2177.636,1.6756661
2178.222,1.6754407
2178.808,1.6752154
2179.394,1.6749902
2179.98,1.674765
2180.566,1.6745399
2181.152,1.674315
2181.738,1.6740901
2182.324,1.6738653
2182.91,1.6736406
2183.496,1.673416
2184.082,1.6731914
2184.668,1.6729671
2185.254,1.6727427
2185.84,1.6725185
2186.426,1.6722944
2187.012,1.6720703
2187.598,1.6718463
2188.184,1.6716224
2188.77,1.6713986
2189.356,1.6711749
2189.942,1.6709512
2190.528,1.6707278
2191.114,1.6705043
2191.7,1.6702809
2192.286,1.6700577
2192.872,1.6698345
2193.458,1.6696115
2194.044,1.6693885
2194.63,1.6691656
2195.216,1.6689428
2195.802,1.66872
2196.388,1.6684974
2196.974,1.6682749
2197.56,1.6680524
2198.146,1.6678301
2198.732,1.6676078
2199.318,1.6673856
2199.904,1.6671635
2200.49,1.6669415
2201.076,1.6667196
2201.662,1.6664978
2202.248,1.666276
2202.834,1.6660544
2203.42,1.6658328
2204.006,1.6656113
2204.592,1.6653899
2205.178,1.6651686
2205.764,1.6649474
2206.35,1.6647263
2206.936,1.6645052
2207.522,1.6642842
2208.108,1.6640635
2208.694,1.6638427
2209.28,1.663622
2209.866,1.6634014
2210.452,1.6631808
2211.038,1.6629604
2211.624,1.6627401
2212.21,1.6625198
2212.796,1.6622998
2213.382,1.6620796
2213.968,1.6618596
2214.554,1.6616397
2215.14,1.6614199
2215.726,1.6612002
2216.312,1.6609806
2216.898,1.660761
2217.484,1.6605415
2218.07,1.6603222
2218.656,1.6601028
2219.242,1.6598836
2219.828,1.6596645
2220.414,1.6594455
2221,1.6592265
2221.586,1.6590077
2222.172,1.6587889
2222.758,1.6585703
2223.344,1.6583517
2223.93,1.6581331
2224.516,1.6579148
2225.102,1.6576964
2225.688,1.6574782
2226.274,1.6572599
2226.86,1.6570419
2227.446,1.6568239
2228.032,1.6566061
2228.618,1.6563882
2229.204,1.6561705
2229.79,1.6559528
2230.376,1.6557353
2230.962,1.6555178
2231.548,1.6553004
2232.134,1.6550831
2232.72,1.6548659
2233.306,1.6546487
2233.892,1.6544317
2234.478,1.6542146
2235.064,1.6539978
2235.65,1.6537811
2236.236,1.6535643
2236.822,1.6533477
2237.408,1.6531311
2237.994,1.6529146
2238.58,1.6526983
2239.166,1.652482
2239.752,1.6522658
2240.338,1.6520497
2240.924,1.6518337
2241.51,1.6516178
2242.096,1.6514019
2242.682,1.6511861
2243.268,1.6509705
2243.854,1.6507548
2244.44,1.6505393
2245.026,1.6503239
2245.612,1.6501085
2246.198,1.6498933
2246.784,1.649678
2247.37,1.6494629
2247.956,1.6492479
2248.542,1.649033
2249.128,1.6488181
2249.714,1.6486034
2250.3,1.6483887
2250.886,1.6481742
2251.472,1.6479596
2252.058,1.6477451
2252.644,1.6475308
2253.23,1.6473166
2253.816,1.6471024
2254.402,1.6468883
2254.988,1.6466743
2255.574,1.6464603
2256.16,1.6462464
2256.746,1.6460327
2257.332,1.6458191
2257.918,1.6456054
2258.504,1.6453919
2259.09,1.6451786
2259.676,1.6449652
2260.262,1.6447519
2260.848,1.6445388
2261.434,1.6443256
2262.02,1.6441126
2262.606,1.6438997
2263.192,1.6436869
2263.778,1.6434741
2264.364,1.6432614
2264.95,1.6430488
2265.536,1.6428362
2266.122,1.6426238
2266.708,1.6424115
2267.294,1.6421992
2267.88,1.641987
2268.466,1.6417749
2269.052,1.6415628
2269.638,1.6413509
2270.224,1.641139
2270.81,1.6409273
2271.396,1.6407156
2271.982,1.640504
2272.568,1.6402924
2273.154,1.6400809
2273.74,1.6398696
2274.326,1.6396583
2274.912,1.6394471
2275.498,1.639236
2276.084,1.639025
2276.67,1.638814
2277.256,1.6386031
2277.842,1.6383923
2278.428,1.6381816
2279.014,1.6379709
2279.6,1.6377604
2280.186,1.6375499
2280.772,1.6373395
2281.358,1.6371292
2281.944,1.636919
2282.53,1.6367089
2283.116,1.6364988
2283.702,1.6362888
2284.288,1.6360788
2284.874,1.635869
2285.46,1.6356593
2286.046,1.6354496
2286.632,1.6352401
2287.218,1.6350305
2287.804,1.6348211
2288.39,1.6346117
2288.976,1.6344025
2289.562,1.6341933
2290.148,1.6339842
2290.734,1.6337752
2291.32,1.6335663
2291.906,1.6333574
2292.492,1.6331486
2293.078,1.6329399
2293.664,1.6327312
2294.25,1.6325227
2294.836,1.6323142
2295.422,1.6321058
2296.008,1.6318976
2296.594,1.6316893
2297.18,1.6314812
2297.766,1.6312732
2298.352,1.6310651
2298.938,1.6308572
2299.524,1.6306494
2300.11,1.6304417
2300.696,1.630234
2301.282,1.6300265
2301.868,1.6298189
2302.454,1.6296115
2303.04,1.6294042
2303.626,1.6291969
2304.212,1.6289897
2304.798,1.6287826
2305.384,1.6285754
2305.97,1.6283686
2306.556,1.6281617
2307.142,1.6279548
2307.728,1.6277481
2308.314,1.6275415
2308.9,1.627335
2309.486,1.6271285
2310.072,1.6269221
2310.658,1.6267158
2311.244,1.6265095
2311.83,1.6263033
2312.416,1.6260973
2313.002,1.6258912
2313.588,1.6256853
2314.174,1.6254795
2314.76,1.6252737
2315.346,1.6250679
2315.932,1.6248624
2316.518,1.6246568
2317.104,1.6244514
2317.69,1.624246
2318.276,1.6240406
2318.862,1.6238354
2319.448,1.6236303
2320.034,1.6234252
2320.62,1.6232202
2321.206,1.6230153
2321.792,1.6228105
2322.378,1.6226057
2322.964,1.622401
2323.55,1.6221963
2324.136,1.6219919
2324.722,1.6217874
2325.308,1.621583
2325.894,1.6213788
2326.48,1.6211745
2327.066,1.6209704
2327.652,1.6207663
2328.238,1.6205623
2328.824,1.6203583
2329.41,1.6201545
2329.996,1.6199508
2330.582,1.619747
2331.168,1.6195434
2331.754,1.6193399
2332.34,1.6191365
2332.926,1.6189331
2333.512,1.6187298
2334.098,1.6185266
2334.684,1.6183234
2335.27,1.6181203
2335.856,1.6179174
2336.442,1.6177144
2337.028,1.6175116
2337.614,1.6173089
2338.2,1.6171062
2338.786,1.6169035
2339.372,1.616701
2339.958,1.6164986
2340.544,1.6162962
2341.13,1.6160939
2341.716,1.6158916
2342.302,1.6156894
2342.888,1.6154873
2343.474,1.6152854
2344.06,1.6150835
2344.646,1.6148816
2345.232,1.6146798
2345.818,1.6144781
2346.404,1.6142764
2346.99,1.6140749
2347.576,1.6138734
2348.162,1.613672
2348.748,1.6134708
2349.334,1.6132694
2349.92,1.6130682
2350.506,1.6128672
2351.092,1.6126661
2351.678,1.6124653
2352.264,1.6122644
2352.85,1.6120635
2353.436,1.6118628
2354.022,1.6116621
2354.608,1.6114616
2355.194,1.6112611
2355.78,1.6110606
2356.366,1.6108603
2356.952,1.6106601
2357.538,1.6104598
2358.124,1.6102597
2358.71,1.6100596
2359.296,1.6098597
2359.882,1.6096598
2360.468,1.6094599
2361.054,1.6092602
2361.64,1.6090605
2362.226,1.6088609
2362.812,1.6086614
2363.398,1.6084619
2363.984,1.6082625
2364.57,1.6080632
2365.156,1.607864
2365.742,1.6076648
2366.328,1.6074657
2366.914,1.6072668
2367.5,1.6070678
2368.086,1.6068689
2368.672,1.6066701
2369.258,1.6064714
2369.844,1.6062728
2370.43,1.6060742
2371.016,1.6058757
2371.602,1.6056772
2372.188,1.605479
2372.774,1.6052808
2373.36,1.6050825
2373.946,1.6048844
2374.532,1.6046863
2375.118,1.6044884
2375.704,1.6042905
2376.29,1.6040926
2376.876,1.6038948
2377.462,1.6036972
2378.048,1.6034995
2378.634,1.603302
2379.22,1.6031045
2379.806,1.6029071
2380.392,1.6027098
2380.978,1.6025126
2381.564,1.6023153
2382.15,1.6021183
2382.736,1.6019212
2383.322,1.6017243
2383.908,1.6015273
2384.494,1.6013305
2385.08,1.6011338
2385.666,1.6009371
2386.252,1.6007406
2386.838,1.6005441
2387.424,1.6003476
2388.01,1.6001512
2388.596,1.599955
2389.182,1.5997586
2389.768,1.5995625
2390.354,1.5993664
2390.94,1.5991704
2391.526,1.5989745
2392.112,1.5987786
2392.698,1.5985827
2393.284,1.598387
2393.87,1.5981914
2394.456,1.5979959
2395.042,1.5978003
2395.628,1.5976049
2396.214,1.5974095
2396.8,1.5972142
2397.386,1.597019
2397.972,1.5968238
2398.558,1.5966287
2399.144,1.5964338
2399.73,1.5962387
2400.316,1.5960439
2400.902,1.595849
2401.488,1.5956544
2402.074,1.5954597
2402.66,1.5952652
2403.246,1.5950706
2403.832,1.5948762
2404.418,1.5946817
2405.004,1.5944875
2405.59,1.5942932
2406.176,1.5940992
2406.762,1.593905
2407.348,1.593711
2407.934,1.5935171
2408.52,1.5933232
2409.106,1.5931294
2409.692,1.5929357
2410.278,1.592742
2410.864,1.5925484
2411.45,1.5923549
2412.036,1.5921614
2412.622,1.5919681
2413.208,1.5917747
2413.794,1.5915815
2414.38,1.5913883
2414.966,1.5911952
2415.552,1.5910022
2416.138,1.5908092
2416.724,1.5906163
2417.31,1.5904236
2417.896,1.5902308
2418.482,1.5900382
2419.068,1.5898455
2419.654,1.589653
2420.24,1.5894605
2420.826,1.5892681
2421.412,1.5890758
2421.998,1.5888835
2422.584,1.5886914
2423.17,1.5884992
2423.756,1.5883071
2424.342,1.5881152
2424.928,1.5879233
2425.514,1.5877315
2426.1,1.5875397
2426.686,1.587348
2427.272,1.5871564
2427.858,1.5869648
2428.444,1.5867733
2429.03,1.5865818
2429.616,1.5863905
2430.202,1.5861993
2430.788,1.5860081
2431.374,1.5858169
2431.96,1.5856258
2432.546,1.5854348
2433.132,1.5852438
2433.718,1.585053
2434.304,1.5848622
2434.89,1.5846715
2435.476,1.5844809
2436.062,1.5842903
2436.648,1.5840998
2437.234,1.5839093
2437.82,1.5837188
2438.406,1.5835285
2438.992,1.5833383
2439.578,1.5831481
2440.164,1.582958
2440.75,1.582768
2441.336,1.5825779
2441.922,1.582388
2442.508,1.5821983
2443.094,1.5820085
2443.68,1.5818188
2444.266,1.5816292
2444.852,1.5814396
2445.438,1.5812501
2446.024,1.5810606
2446.61,1.5808713
2447.196,1.580682
2447.782,1.5804927
2448.368,1.5803035
2448.954,1.5801145
2449.54,1.5799255
2450.126,1.5797366
2450.712,1.5795476
2451.298,1.5793588
2451.884,1.5791701
2452.47,1.5789814
2453.056,1.5787928
2453.642,1.5786043
2454.228,1.5784158
2454.814,1.5782274
2455.4,1.5780391
2455.986,1.5778507
2456.572,1.5776626
2457.158,1.5774745
2457.744,1.5772864
2458.33,1.5770984
2458.916,1.5769104
2459.502,1.5767225
2460.088,1.5765347
2460.674,1.576347
2461.26,1.5761594
2461.846,1.5759717
2462.432,1.5757842
2463.018,1.5755967
2463.604,1.5754093
2464.19,1.575222
2464.776,1.5750347
2465.362,1.5748476
2465.948,1.5746604
2466.534,1.5744733
2467.12,1.5742863
2467.706,1.5740994
2468.292,1.5739125
2468.878,1.5737257
2469.464,1.573539
2470.05,1.5733523
2470.636,1.5731657
2471.222,1.5729792
2471.808,1.5727928
2472.394,1.5726063
2472.98,1.57242
2473.566,1.5722337
2474.152,1.5720475
2474.738,1.5718614
2475.324,1.5716753
2475.91,1.5714892
2476.496,1.5713034
2477.082,1.5711175
2477.668,1.5709317
2478.254,1.5707459
2478.84,1.5705602
2479.426,1.5703746
2480.012,1.5701891
2480.598,1.5700036
2481.184,1.5698183
2481.77,1.5696329
2482.356,1.5694476
2482.942,1.5692624
2483.528,1.5690773
2484.114,1.5688922
2484.7,1.5687072
2485.286,1.5685222
2485.872,1.5683373
2486.458,1.5681525
2487.044,1.5679678
2487.63,1.567783
2488.216,1.5675985
2488.802,1.5674138
2489.388,1.5672294
2489.974,1.567045
2490.56,1.5668606
2491.146,1.5666763
2491.732,1.5664921
2492.318,1.5663079
2492.904,1.5661238
2493.49,1.5659398
2494.076,1.5657557
2494.662,1.5655719
2495.248,1.5653881
2495.834,1.5652043
2496.42,1.5650206
2497.006,1.5648369
2497.592,1.5646533
2498.178,1.5644698
2498.764,1.5642864
2499.35,1.564103
2499.936,1.5639197
2500.522,1.5637363
2501.108,1.5635532
2501.694,1.56337
2502.28,1.563187
2502.866,1.563004
2503.452,1.562821
2504.038,1.5626382
2504.624,1.5624554
2505.21,1.5622725
2505.796,1.5620899
2506.382,1.5619073
2506.968,1.5617248
2507.554,1.5615423
2508.14,1.5613599
2508.726,1.5611775
2509.312,1.5609952
2509.898,1.560813
2510.484,1.5606308
2511.07,1.5604486
2511.656,1.5602666
2512.242,1.5600847
2512.828,1.5599028
2513.414,1.5597209
2514,1.5595391
2514.586,1.5593574
2515.172,1.5591757
2515.758,1.5589942
2516.344,1.5588126
2516.93,1.5586312
2517.516,1.5584497
2518.102,1.5582684
2518.688,1.5580871
2519.274,1.5579059
2519.86,1.5577248
2520.446,1.5575436
2521.032,1.5573627
2521.618,1.5571817
2522.204,1.5570008
2522.79,1.5568199
2523.376,1.5566392
2523.962,1.5564585
2524.548,1.5562779
2525.134,1.5560973
2525.72,1.5559167
2526.306,1.5557363
2526.892,1.5555559
2527.478,1.5553756
2528.064,1.5551952
2528.65,1.5550151
2529.236,1.554835
2529.822,1.5546548
2530.408,1.5544748
2530.994,1.5542949
2531.58,1.5541149
2532.166,1.5539352
2532.752,1.5537554
2533.338,1.5535756
2533.924,1.5533961
2534.51,1.5532165
2535.096,1.5530369
2535.682,1.5528575
2536.268,1.5526781
2536.854,1.5524988
2537.44,1.5523195
2538.026,1.5521404
2538.612,1.5519612
2539.198,1.5517821
2539.784,1.5516031
2540.37,1.5514241
2540.956,1.5512452
2541.542,1.5510664
2542.128,1.5508876
2542.714,1.5507089
2543.3,1.5505302
2543.886,1.5503517
2544.472,1.5501732
2545.058,1.5499947
2545.644,1.5498164
2546.23,1.549638
2546.816,1.5494597
2547.402,1.5492815
2547.988,1.5491034
2548.574,1.5489253
2549.16,1.5487472
2549.746,1.5485692
2550.332,1.5483913
2550.918,1.5482135
2551.504,1.5480357
2552.09,1.547858
2552.676,1.5476803
2553.262,1.5475028
2553.848,1.5473251
2554.434,1.5471476
2555.02,1.5469702
2555.606,1.546793
2556.192,1.5466156
2556.778,1.5464385
2557.364,1.5462612
2557.95,1.5460842
2558.536,1.545907
2559.122,1.5457301
2559.708,1.5455531
2560.294,1.5453763
2560.88,1.5451995
2561.466,1.5450227
2562.052,1.5448461
2562.638,1.5446695
2563.224,1.5444928
2563.81,1.5443164
2564.396,1.54414
2564.982,1.5439636
2565.568,1.5437872
2566.154,1.5436109
2566.74,1.5434347
2567.326,1.5432587
2567.912,1.5430826
2568.498,1.5429065
2569.084,1.5427306
2569.67,1.5425547
2570.256,1.5423789
2570.842,1.5422031
2571.428,1.5420274
2572.014,1.5418518
2572.6,1.5416762
2573.186,1.5415006
2573.772,1.5413251
2574.358,1.5411497
2574.944,1.5409744
2575.53,1.540799
2576.116,1.5406238
2576.702,1.5404487
2577.288,1.5402735
2577.874,1.5400984
2578.46,1.5399234
2579.046,1.5397485
2579.632,1.5395737
2580.218,1.5393989
2580.804,1.5392241
2581.39,1.5390494
2581.976,1.5388747
2582.562,1.5387002
2583.148,1.5385257
2583.734,1.5383512
2584.32,1.5381768
2584.906,1.5380025
2585.492,1.5378282
2586.078,1.5376539
2586.664,1.5374798
2587.25,1.5373057
2587.836,1.5371317
2588.422,1.5369577
2589.008,1.5367838
2589.594,1.5366099
2590.18,1.5364361
2590.766,1.5362624
2591.352,1.5360887
2591.938,1.535915
2592.524,1.5357414
2593.11,1.535568
2593.696,1.5353945
2594.282,1.5352211
2594.868,1.5350479
2595.454,1.5348746
2596.04,1.5347013
2596.626,1.5345281
2597.212,1.534355
2597.798,1.534182
2598.384,1.534009
2598.97,1.5338361
2599.556,1.5336633
2600.142,1.5334904
2600.728,1.5333177
2601.314,1.533145
2601.9,1.5329725
2602.486,1.5327998
2603.072,1.5326273
2603.658,1.5324548
2604.244,1.5322825
2604.83,1.5321101
2605.416,1.5319378
2606.002,1.5317656
2606.588,1.5315934
2607.174,1.5314213
2607.76,1.5312493
2608.346,1.5310773
2608.932,1.5309054
2609.518,1.5307336
2610.104,1.5305617
2610.69,1.53039
2611.276,1.5302182
2611.862,1.5300467
2612.448,1.529875
2613.034,1.5297035
2613.62,1.5295321
2614.206,1.5293607
2614.792,1.5291892
2615.378,1.529018
2615.964,1.5288469
2616.55,1.5286756
2617.136,1.5285045
2617.722,1.5283334
2618.308,1.5281625
2618.894,1.5279915
2619.48,1.5278206
2620.066,1.5276498
2620.652,1.5274789
2621.238,1.5273082
2621.824,1.5271376
2622.41,1.526967
2622.996,1.5267965
2623.582,1.526626
2624.168,1.5264555
2624.754,1.5262852
2625.34,1.5261148
2625.926,1.5259446
2626.512,1.5257745
2627.098,1.5256042
2627.684,1.5254341
2628.27,1.5252641
2628.856,1.5250943
2629.442,1.5249243
2630.028,1.5247544
2630.614,1.5245847
2631.2,1.5244149
2631.786,1.5242453
2632.372,1.5240756
2632.958,1.523906
2633.544,1.5237365
2634.13,1.5235671
2634.716,1.5233976
2635.302,1.5232283
2635.888,1.523059
2636.474,1.5228897
2637.06,1.5227206
2637.646,1.5225513
2638.232,1.5223821
2638.818,1.5222131
2639.404,1.5220441
2639.99,1.521875
2640.576,1.5217061
2641.162,1.5215373
2641.748,1.5213685
2642.334,1.5211997
2642.92,1.521031
2643.506,1.5208623
2644.092,1.5206938
2644.678,1.5205252
2645.264,1.5203568
2645.85,1.5201883
2646.436,1.52002
2647.022,1.5198516
2647.608,1.5196835
2648.194,1.5195152
2648.78,1.5193471
2649.366,1.519179
2649.952,1.5190109
2650.538,1.5188431
2651.124,1.5186751
2651.71,1.5185072
2652.296,1.5183394
2652.882,1.5181717
2653.468,1.5180039
2654.054,1.5178363
2654.64,1.5176687
2655.226,1.5175012
2655.812,1.5173337
2656.398,1.5171663
2656.984,1.516999
2657.57,1.5168316
2658.156,1.5166644
2658.742,1.5164971
2659.328,1.5163301
2659.914,1.516163
2660.5,1.515996
2661.086,1.515829
2661.672,1.5156621
2662.258,1.5154952
2662.844,1.5153284
2663.43,1.5151616
2664.016,1.514995
2664.602,1.5148283
2665.188,1.5146618
2665.774,1.5144953
2666.36,1.5143287
2666.946,1.5141623
2667.532,1.513996
2668.118,1.5138296
2668.704,1.5136633
2669.29,1.5134971
2669.876,1.5133311
2670.462,1.513165
2671.048,1.5129989
2671.634,1.5128329
2672.22,1.5126669
2672.806,1.5125011
2673.392,1.5123353
2673.978,1.5121695
2674.564,1.5120038
2675.15,1.5118382
2675.736,1.5116726
2676.322,1.511507
2676.908,1.5113416
2677.494,1.5111761
2678.08,1.5110106
2678.666,1.5108454
2679.252,1.5106801
2679.838,1.5105149
2680.424,1.5103498
2681.01,1.5101846
2681.596,1.5100195
2682.182,1.5098546
2682.768,1.5096896
2683.354,1.5095247
2683.94,1.5093598
2684.526,1.5091951
2685.112,1.5090303
2685.698,1.5088657
2686.284,1.5087011
2686.87,1.5085366
2687.456,1.5083719
2688.042,1.5082074
2688.628,1.5080432
2689.214,1.5078788
2689.8,1.5077145
2690.386,1.5075502
2690.972,1.5073861
2691.558,1.5072218
2692.144,1.5070578
2692.73,1.5068938
2693.316,1.5067298
2693.902,1.5065658
2694.488,1.506402
2695.074,1.5062382
2695.66,1.5060744
2696.246,1.5059108
2696.832,1.5057471
2697.418,1.5055834
2698.004,1.50542
2698.59,1.5052564
2699.176,1.505093
2699.762,1.5049295
2700.348,1.5047662
2700.934,1.504603
2701.52,1.5044397
2702.106,1.5042765
2702.692,1.5041134
2703.278,1.5039504
2703.864,1.5037874
2704.45,1.5036244
2705.036,1.5034615
2705.622,1.5032986
2706.208,1.5031358
2706.794,1.5029731
2707.38,1.5028104
2707.966,1.5026478
2708.552,1.5024852
2709.138,1.5023226
2709.724,1.5021601
2710.31,1.5019977
2710.896,1.5018353
2711.482,1.501673
2712.068,1.5015107
2712.654,1.5013485
2713.24,1.5011863
2713.826,1.5010241
2714.412,1.5008621
2714.998,1.5007001
2715.584,1.5005381
2716.17,1.5003762
2716.756,1.5002145
2717.342,1.5000526
2717.928,1.4998909
2718.514,1.4997292
2719.1,1.4995675
2719.686,1.4994059
2720.272,1.4992443
2720.858,1.4990829
2721.444,1.4989215
2722.03,1.4987601
2722.616,1.4985988
2723.202,1.4984374
2723.788,1.4982762
2724.374,1.4981151
2724.96,1.4979539
2725.546,1.4977928
2726.132,1.4976319
2726.718,1.4974709
2727.304,1.4973099
2727.89,1.4971491
2728.476,1.4969883
2729.062,1.4968276
2729.648,1.4966669
2730.234,1.4965062
2730.82,1.4963456
2731.406,1.4961851
2731.992,1.4960245
2732.578,1.4958642
2733.164,1.4957037
2733.75,1.4955434
2734.336,1.495383
2734.922,1.4952228
2735.508,1.4950627
2736.094,1.4949025
2736.68,1.4947424
2737.266,1.4945824
2737.852,1.4944224
2738.438,1.4942625
2739.024,1.4941026
2739.61,1.4939427
2740.196,1.493783
2740.782,1.4936233
2741.368,1.4934636
2741.954,1.493304
2742.54,1.4931444
2743.126,1.4929849
2743.712,1.4928255
2744.298,1.4926661
2744.884,1.4925067
2745.47,1.4923474
2746.056,1.4921881
2746.642,1.492029
2747.228,1.4918697
2747.814,1.4917107
2748.4,1.4915515
2748.986,1.4913926
2749.572,1.4912336
2750.158,1.4910747
2750.744,1.4909159
2751.33,1.4907571
2751.916,1.4905983
2752.502,1.4904395
2753.088,1.490281
2753.674,1.4901223
2754.26,1.4899639
2754.846,1.4898053
2755.432,1.4896469
2756.018,1.4894885
2756.604,1.4893302
2757.19,1.4891719
2757.776,1.4890136
2758.362,1.4888554
2758.948,1.4886973
2759.534,1.4885391
2760.12,1.4883811
2760.706,1.4882232
2761.292,1.4880652
2761.878,1.4879073
2762.464,1.4877495
2763.05,1.4875916
2763.636,1.4874339
2764.222,1.4872763
2764.808,1.4871186
2765.394,1.486961
2765.98,1.4868035
2766.566,1.4866461
2767.152,1.4864886
2767.738,1.4863312
2768.324,1.4861739
2768.91,1.4860165
2769.496,1.4858593
2770.082,1.4857022
2770.668,1.485545
2771.254,1.4853879
2771.84,1.4852309
2772.426,1.4850739
2773.012,1.4849169
2773.598,1.48476
2774.184,1.4846033
2774.77,1.4844464
2775.356,1.4842898
2775.942,1.484133
2776.528,1.4839764
2777.114,1.4838198
2777.7,1.4836633
2778.286,1.4835068
2778.872,1.4833504
2779.458,1.483194
2780.044,1.4830376
2780.63,1.4828813
2781.216,1.4827251
2781.802,1.4825689
2782.388,1.4824127
2782.974,1.4822567
2783.56,1.4821006
2784.146,1.4819447
2784.732,1.4817886
2785.318,1.4816328
2785.904,1.481477
2786.49,1.4813211
2787.076,1.4811654
2787.662,1.4810097
2788.248,1.4808542
2788.834,1.4806985
2789.42,1.480543
2790.006,1.4803874
2790.592,1.480232
2791.178,1.4800766
2791.764,1.4799212
2792.35,1.4797659
2792.936,1.4796107
2793.522,1.4794555
2794.108,1.4793004
2794.694,1.4791453
2795.28,1.4789902
2795.866,1.4788352
2796.452,1.4786803
2797.038,1.4785253
2797.624,1.4783704
2798.21,1.4782157
2798.796,1.4780608
2799.382,1.4779062
2799.968,1.4777515
2800.554,1.4775969
2801.14,1.4774423
2801.726,1.4772878
2802.312,1.4771334
2802.898,1.4769789
2803.484,1.4768245
2804.07,1.4766701
2804.656,1.4765159
2805.242,1.4763618
2805.828,1.4762075
2806.414,1.4760534
2807,1.4758993
2807.586,1.4757453
2808.172,1.4755913
2808.758,1.4754374
2809.344,1.4752835
2809.93,1.4751296
2810.516,1.4749758
2811.102,1.4748222
2811.688,1.4746684
2812.274,1.4745148
2812.86,1.4743612
2813.446,1.4742076
2814.032,1.4740541
2814.618,1.4739007
2815.204,1.4737473
2815.79,1.4735938
2816.376,1.4734406
2816.962,1.4732873
2817.548,1.4731342
2818.134,1.472981
2818.72,1.4728278
2819.306,1.4726747
2819.892,1.4725218
2820.478,1.4723688
2821.064,1.4722159
2821.65,1.4720629
2822.236,1.4719101
2822.822,1.4717574
2823.408,1.4716047
2823.994,1.471452
2824.58,1.4712993
2825.166,1.4711467
2825.752,1.4709942
2826.338,1.4708416
2826.924,1.4706893
2827.51,1.4705368
2828.096,1.4703845
2828.682,1.4702321
2829.268,1.4700799
2829.854,1.4699277
2830.44,1.4697756
2831.026,1.4696234
2831.612,1.4694715
2832.198,1.4693193
2832.784,1.4691674
2833.37,1.4690155
2833.956,1.4688636
2834.542,1.4687117
2835.128,1.46856
2835.714,1.4684082
2836.3,1.4682565
2836.886,1.468105
2837.472,1.4679533
2838.058,1.4678018
2838.644,1.4676503
2839.23,1.4674989
2839.816,1.4673474
2840.402,1.4671961
2840.988,1.4670447
2841.574,1.4668936
2842.16,1.4667423
2842.746,1.4665911
2843.332,1.46644
2843.918,1.4662889
2844.504,1.4661379
2845.09,1.4659868
2845.676,1.4658359
2846.262,1.4656851
2846.848,1.4655342
2847.434,1.4653834
2848.02,1.4652327
2848.606,1.465082
2849.192,1.4649314
2849.778,1.4647807
2850.364,1.4646302
2850.95,1.4644797
2851.536,1.4643292
2852.122,1.4641788
2852.708,1.4640284
2853.294,1.4638782
2853.88,1.4637278
2854.466,1.4635776
2855.052,1.4634274
2855.638,1.4632772
2856.224,1.4631271
2856.81,1.4629771
2857.396,1.4628271
2857.982,1.4626771
2858.568,1.4625272
2859.154,1.4623773
2859.74,1.4622276
2860.326,1.4620777
2860.912,1.461928
2861.498,1.4617784
2862.084,1.4616288
2862.67,1.4614792
2863.256,1.4613296
2863.842,1.4611801
2864.428,1.4610307
2865.014,1.4608812
2865.6,1.4607319
2866.186,1.4605826
2866.772,1.4604334
2867.358,1.4602841
2867.944,1.460135
2868.53,1.4599859
2869.116,1.4598368
2869.702,1.4596877
2870.288,1.4595388
2870.874,1.4593898
2871.46,1.4592409
2872.046,1.459092
2872.632,1.4589432
2873.218,1.4587945
2873.804,1.4586458
2874.39,1.4584972
2874.976,1.4583485
2875.562,1.4582
2876.148,1.4580514
2876.734,1.4579029
2877.32,1.4577545
2877.906,1.4576061
2878.492,1.4574578
2879.078,1.4573095
2879.664,1.4571612
2880.25,1.457013
2880.836,1.4568648
2881.422,1.4567168
2882.008,1.4565686
2882.594,1.4564207
2883.18,1.4562726
2883.766,1.4561247
2884.352,1.4559768
2884.938,1.4558289
2885.524,1.4556811
2886.11,1.4555334
2886.696,1.4553857
2887.282,1.4552381
2887.868,1.4550904
2888.454,1.4549428
2889.04,1.4547952
2889.626,1.4546478
2890.212,1.4545003
2890.798,1.454353
2891.384,1.4542056
2891.97,1.4540583
2892.556,1.4539111
2893.142,1.453764
2893.728,1.4536167
2894.314,1.4534696
2894.9,1.4533225
2895.486,1.4531754
2896.072,1.4530286
2896.658,1.4528815
2897.244,1.4527346
2897.83,1.4525878
2898.416,1.452441
2899.002,1.4522942
2899.588,1.4521475
2900.174,1.4520009
2900.76,1.4518542
2901.346,1.4517076
2901.932,1.4515611
2902.518,1.4514146
2903.104,1.4512681
2903.69,1.4511217
2904.276,1.4509754
2904.862,1.450829
2905.448,1.4506828
2906.034,1.4505366
2906.62,1.4503903
2907.206,1.4502442
2907.792,1.4500982
2908.378,1.449952
2908.964,1.4498061
2909.55,1.4496601
2910.136,1.4495143
2910.722,1.4493684
2911.308,1.4492224
2911.894,1.4490767
2912.48,1.448931
2913.066,1.4487853
2913.652,1.4486396
2914.238,1.4484941
2914.824,1.4483484
2915.41,1.448203
2915.996,1.4480575
2916.582,1.4479121
2917.168,1.4477667
2917.754,1.4476213
2918.34,1.447476
2918.926,1.4473308
2919.512,1.4471855
2920.098,1.4470404
2920.684,1.4468952
2921.27,1.4467502
2921.856,1.4466052
2922.442,1.4464601
2923.028,1.4463153
2923.614,1.4461703
2924.2,1.4460255
2924.786,1.4458807
2925.372,1.4457359
2925.958,1.4455911
2926.544,1.4454465
2927.13,1.4453018
2927.716,1.4451572
2928.302,1.4450127
2928.888,1.4448682
2929.474,1.4447237
2930.06,1.4445792
2930.646,1.4444349
2931.232,1.4442905
2931.818,1.4441463
2932.404,1.444002
2932.99,1.4438578
2933.576,1.4437134
2934.162,1.4435692
2934.748,1.4434249
2935.334,1.4432808
2935.92,1.4431367
2936.506,1.4429927
2937.092,1.4428487
2937.678,1.4427047
2938.264,1.4425608
2938.85,1.4424169
2939.436,1.442273
2940.022,1.4421293
2940.608,1.4419855
2941.194,1.4418417
2941.78,1.4416981
2942.366,1.4415544
2942.952,1.4414108
2943.538,1.4412673
2944.124,1.4411237
2944.71,1.4409803
2945.296,1.4408369
2945.882,1.4406935
2946.468,1.4405502
2947.054,1.4404069
2947.64,1.4402636
2948.226,1.4401205
2948.812,1.4399773
2949.398,1.4398342
2949.984,1.4396911
2950.57,1.4395481
2951.156,1.4394051
2951.742,1.4392622
2952.328,1.4391192
2952.914,1.4389764
2953.5,1.4388336
2954.086,1.4386908
2954.672,1.4385481
2955.258,1.4384054
2955.844,1.4382628
2956.43,1.4381201
2957.016,1.4379776
2957.602,1.4378351
2958.188,1.4376926
2958.774,1.4375502
2959.36,1.4374079
2959.946,1.4372654
2960.532,1.4371232
2961.118,1.4369808
2961.704,1.4368386
2962.29,1.4366964
2962.876,1.4365543
2963.462,1.4364122
2964.048,1.4362702
2964.634,1.4361281
2965.22,1.4359862
2965.806,1.4358443
2966.392,1.4357023
2966.978,1.4355606
2967.564,1.4354188
2968.15,1.435277
2968.736,1.4351354
2969.322,1.4349936
2969.908,1.434852
2970.494,1.4347104
2971.08,1.4345689
2971.666,1.4344274
2972.252,1.4342859
2972.838,1.4341445
2973.424,1.4340031
2974.01,1.4338619
2974.596,1.4337205
2975.182,1.4335793
2975.768,1.4334381
2976.354,1.4332969
2976.94,1.4331558
2977.526,1.4330146
2978.112,1.4328737
2978.698,1.4327327
2979.284,1.4325917
2979.87,1.4324508
2980.456,1.43231
2981.042,1.4321691
2981.628,1.4320283
2982.214,1.4318875
2982.8,1.4317468
2983.386,1.4316062
2983.972,1.4314656
2984.558,1.4313251
2985.144,1.4311844
2985.73,1.431044
2986.316,1.4309036
2986.902,1.4307631
2987.488,1.4306227
2988.074,1.4304824
2988.66,1.4303421
2989.246,1.4302019
2989.832,1.4300617
2990.418,1.4299215
2991.004,1.4297813
2991.59,1.4296412
2992.176,1.4295013
2992.762,1.4293612
2993.348,1.4292214
2993.934,1.4290814
2994.52,1.4289415
2995.106,1.4288017
2995.692,1.4286619
2996.278,1.4285221
2996.864,1.4283825
2997.45,1.4282428
2998.036,1.4281032
2998.622,1.4279636
2999.208,1.427824
2999.794,1.4276845
3000.38,1.4275451
3000.966,1.4274056
3001.552,1.4272662
3002.138,1.4271269
3002.724,1.4269876
3003.31,1.4268483
3003.896,1.4267092
3004.482,1.4265699
3005.068,1.4264308
3005.654,1.4262917
3006.24,1.4261527
3006.826,1.4260137
3007.412,1.4258747
3007.998,1.4257358
3008.584,1.4255968
3009.17,1.4254581
3009.756,1.4253193
3010.342,1.4251804
3010.928,1.4250418
3011.514,1.4249032
3012.1,1.4247644
3012.686,1.4246259
3013.272,1.4244872
3013.858,1.4243487
3014.444,1.4242103
3015.03,1.4240719
3015.616,1.4239335
3016.202,1.4237951
3016.788,1.4236568
3017.374,1.4235185
3017.96,1.4233803
3018.546,1.4232421
3019.132,1.4231039
3019.718,1.4229658
3020.304,1.4228277
3020.89,1.4226898
3021.476,1.4225518
3022.062,1.4224137
3022.648,1.4222759
3023.234,1.422138
3023.82,1.4220002
3024.406,1.4218624
3024.992,1.4217246
3025.578,1.4215869
3026.164,1.4214492
3026.75,1.4213116
3027.336,1.421174
3027.922,1.4210365
3028.508,1.4208989
3029.094,1.4207615
3029.68,1.420624
3030.266,1.4204867
3030.852,1.4203494
3031.438,1.420212
3032.024,1.4200747
3032.61,1.4199375
3033.196,1.4198003
3033.782,1.4196632
3034.368,1.4195261
3034.954,1.419389
3035.54,1.419252
3036.126,1.4191149
3036.712,1.4189781
3037.298,1.4188411
3037.884,1.4187043
3038.47,1.4185674
3039.056,1.4184307
3039.642,1.4182938
3040.228,1.4181572
3040.814,1.4180205
3041.4,1.4178839
3041.986,1.4177473
3042.572,1.4176108
3043.158,1.4174743
3043.744,1.4173378
3044.33,1.4172013
3044.916,1.4170649
3045.502,1.4169285
3046.088,1.4167923
3046.674,1.416656
3047.26,1.4165198
3047.846,1.4163836
3048.432,1.4162474
3049.018,1.4161114
3049.604,1.4159752
3050.19,1.4158392
3050.776,1.4157032
3051.362,1.4155673
3051.948,1.4154314
3052.534,1.4152955
3053.12,1.4151596
3053.706,1.4150238
3054.292,1.4148881
3054.878,1.4147524
3055.464,1.4146167
3056.05,1.414481
3056.636,1.4143455
3057.222,1.4142098
3057.808,1.4140743
3058.394,1.4139389
3058.98,1.4138035
3059.566,1.413668
3060.152,1.4135326
3060.738,1.4133973
3061.324,1.413262
3061.91,1.4131268
3062.496,1.4129916
3063.082,1.4128565
3063.668,1.4127213
3064.254,1.4125862
3064.84,1.4124511
3065.426,1.4123161
3066.012,1.4121811
3066.598,1.4120462
3067.184,1.4119114
3067.77,1.4117764
3068.356,1.4116417
3068.942,1.4115069
3069.528,1.4113722
3070.114,1.4112375
3070.7,1.4111028
3071.286,1.4109682
3071.872,1.4108336
3072.458,1.410699
3073.044,1.4105645
3073.63,1.4104301
3074.216,1.4102956
3074.802,1.4101613
3075.388,1.4100269
3075.974,1.4098926
3076.56,1.4097583
3077.146,1.4096241
3077.732,1.4094899
3078.318,1.4093558
3078.904,1.4092215
3079.49,1.4090875
3080.076,1.4089534
3080.662,1.4088194
3081.248,1.4086854
3081.834,1.4085516
3082.42,1.4084177
3083.006,1.4082838
3083.592,1.40815
3084.178,1.4080162
3084.764,1.4078825
3085.35,1.4077488
3085.936,1.4076152
3086.522,1.4074816
3087.108,1.4073479
3087.694,1.4072144
3088.28,1.4070809
3088.866,1.4069475
3089.452,1.406814
3090.038,1.4066806
3090.624,1.4065473
3091.21,1.4064139
3091.796,1.4062806
3092.382,1.4061475
3092.968,1.4060142
3093.554,1.405881
3094.14,1.405748
3094.726,1.4056149
3095.312,1.4054818
3095.898,1.4053488
3096.484,1.4052159
3097.07,1.4050829
3097.656,1.40495
3098.242,1.4048172
3098.828,1.4046843
3099.414,1.4045516
3100,1.4044188
