170,5.8779173
170.586,5.8678088
171.172,5.8577514
171.758,5.8477454
172.344,5.8377905
172.93,5.8278866
173.516,5.8180327
174.102,5.808229
174.688,5.7984748
175.274,5.7887692
175.86,5.7791123
176.446,5.7695036
177.032,5.759943
177.618,5.7504296
178.204,5.7409635
178.79,5.7315435
179.376,5.7221699
179.962,5.7128425
180.548,5.7035604
181.134,5.6943235
181.72,5.6851306
182.306,5.675983
182.892,5.6668792
183.478,5.6578188
184.064,5.6488013
184.65,5.6398268
185.236,5.6308951
185.822,5.6220059
186.408,5.6131582
186.994,5.6043525
187.58,5.5955882
188.166,5.5868649
188.752,5.5781822
189.338,5.56954
189.924,5.5609374
190.51,5.5523748
191.096,5.5438519
191.682,5.535368
192.268,5.5269227
192.854,5.5185161
193.44,5.5101476
194.026,5.5018172
194.612,5.4935246
195.198,5.4852691
195.784,5.4770508
196.37,5.4688697
196.956,5.4607248
197.542,5.4526162
198.128,5.4445438
198.714,5.4365072
199.3,5.4285059
199.886,5.4205399
200.472,5.4126086
201.058,5.4047122
201.644,5.3968506
202.23,5.3890228
202.816,5.3812289
203.402,5.3734694
203.988,5.3657427
204.574,5.3580494
205.16,5.3503895
205.746,5.342762
206.332,5.3351669
206.918,5.3276043
207.504,5.3200731
208.09,5.3125744
208.676,5.3051071
209.262,5.2976708
209.848,5.290266
210.434,5.2828922
211.02,5.2755489
211.606,5.2682366
212.192,5.2609539
212.778,5.2537022
213.364,5.24648
213.95,5.2392874
214.536,5.2321243
215.122,5.2249908
215.708,5.2178864
216.294,5.2108107
216.88,5.203764
217.466,5.1967454
218.052,5.1897554
218.638,5.1827941
219.224,5.1758599
219.81,5.1689539
220.396,5.1620755
220.982,5.1552248
221.568,5.1484008
222.154,5.1416044
222.74,5.1348343
223.326,5.1280909
223.912,5.1213737
224.498,5.1146827
225.084,5.1080179
225.67,5.1013789
226.256,5.0947661
226.842,5.0881786
227.428,5.0816174
228.014,5.0750809
228.6,5.0685697
229.186,5.0620832
229.772,5.0556221
230.358,5.0491858
230.944,5.0427737
231.53,5.036386
232.116,5.0300226
232.702,5.0236835
233.288,5.0173683
233.874,5.0110765
234.46,5.0048084
235.046,4.9985642
235.632,4.9923429
236.218,4.986145
236.804,4.97997
237.39,4.9738183
237.976,4.9676886
238.562,4.9615817
239.148,4.9554968
239.734,4.9494348
240.32,4.9433947
240.906,4.9373765
241.492,4.9313803
242.078,4.925406
242.664,4.9194536
243.25,4.9135222
243.836,4.9076128
244.422,4.9017243
245.008,4.8958569
245.594,4.8900108
246.18,4.8841853
246.766,4.8783808
247.352,4.8725972
247.938,4.8668337
248.524,4.8610907
249.11,4.8553681
249.696,4.8496656
250.282,4.8439832
250.868,4.8383207
251.454,4.8326778
252.04,4.827055
252.626,4.8214517
253.212,4.8158674
253.798,4.8103027
254.384,4.8047576
254.97,4.7992315
255.556,4.7937241
256.142,4.7882361
256.728,4.7827663
257.314,4.7773156
257.9,4.7718835
258.486,4.76647
259.072,4.7610745
259.658,4.7556977
260.244,4.750339
260.83,4.744998
261.416,4.7396755
262.002,4.7343702
262.588,4.7290831
263.174,4.723814
263.76,4.7185621
264.346,4.7133274
264.932,4.7081103
265.518,4.7029109
266.104,4.6977282
266.69,4.6925626
267.276,4.6874146
267.862,4.6822829
268.448,4.6771684
269.034,4.67207
269.62,4.6669888
270.206,4.6619239
270.792,4.6568756
271.378,4.6518435
271.964,4.6468282
272.55,4.6418285
273.136,4.6368451
273.722,4.6318779
274.308,4.6269264
274.894,4.6219912
275.48,4.6170712
276.066,4.6121669
276.652,4.6072783
277.238,4.6024055
277.824,4.597548
278.41,4.5927057
278.996,4.5878787
279.582,4.5830669
280.168,4.5782704
280.754,4.5734887
281.34,4.5687222
281.926,4.5639706
282.512,4.5592337
283.098,4.5545111
283.684,4.5498033
284.27,4.5451097
284.856,4.540431
285.442,4.5357666
286.028,4.5311165
286.614,4.5264807
287.2,4.5218592
287.786,4.5172515
288.372,4.5126581
288.958,4.5080786
289.544,4.5035133
290.13,4.4989614
290.716,4.4944239
291.302,4.4898996
291.888,4.4853892
292.474,4.4808922
293.06,4.476409
293.646,4.4719386
294.232,4.4674821
294.818,4.4630389
295.404,4.4586091
295.99,4.4541922
296.576,4.4497886
297.162,4.4453979
297.748,4.44102
298.334,4.4366555
298.92,4.4323034
299.506,4.4279647
300.092,4.4236379
300.678,4.4193244
301.264,4.4150233
301.85,4.4107351
302.436,4.4064593
303.022,4.4021955
303.608,4.3979445
304.194,4.3937054
304.78,4.3894777
305.366,4.385263
305.952,4.3810601
306.538,4.3768687
307.124,4.3726902
307.71,4.3685231
308.296,4.3643684
308.882,4.3602252
309.468,4.3560939
310.054,4.3519745
310.64,4.3478665
311.226,4.3437705
311.812,4.3396854
312.398,4.3356128
312.984,4.3315511
313.57,4.3275008
314.156,4.323462
314.742,4.3194342
315.328,4.3154182
315.914,4.3114128
316.5,4.3074193
317.086,4.3034363
317.672,4.2994642
318.258,4.2955036
318.844,4.2915535
319.43,4.2876148
320.016,4.2836866
320.602,4.2797694
321.188,4.2758627
321.774,4.2719669
322.36,4.2680812
322.946,4.2642064
323.532,4.2603421
324.118,4.2564878
324.704,4.2526441
325.29,4.2488108
325.876,4.244988
326.462,4.2411752
327.048,4.2373729
327.634,4.2335806
328.22,4.2297983
328.806,4.2260265
329.392,4.2222652
329.978,4.218513
330.564,4.2147717
331.15,4.2110395
331.736,4.2073178
332.322,4.2036057
332.908,4.1999035
333.494,4.1962113
334.08,4.1925282
334.666,4.1888552
335.252,4.1851921
335.838,4.1815381
336.424,4.1778941
337.01,4.1742592
337.596,4.1706343
338.182,4.1670184
338.768,4.1634121
339.354,4.1598148
339.94,4.1562271
340.526,4.1526484
341.112,4.1490793
341.698,4.1455193
342.284,4.1419683
342.87,4.1384268
343.456,4.1348939
344.042,4.1313701
344.628,4.1278553
345.214,4.1243496
345.8,4.1208529
346.386,4.1173649
346.972,4.1138859
347.558,4.1104155
348.144,4.1069541
348.73,4.1035013
349.316,4.1000571
349.902,4.0966215
350.488,4.093195
351.074,4.0897765
351.66,4.0863671
352.246,4.0829659
352.832,4.0795732
353.418,4.076189
354.004,4.072813
354.59,4.0694456
355.176,4.0660863
355.762,4.0627356
356.348,4.0593929
356.934,4.0560589
357.52,4.0527325
358.106,4.0494146
358.692,4.0461049
359.278,4.0428033
359.864,4.0395093
360.45,4.0362239
361.036,4.0329461
361.622,4.0296764
362.208,4.0264149
362.794,4.0231609
363.38,4.0199151
363.966,4.0166769
364.552,4.0134468
365.138,4.0102243
365.724,4.0070095
366.31,4.0038023
366.896,4.0006032
367.482,3.9974115
368.068,3.9942274
368.654,3.991051
369.24,3.9878821
369.826,3.9847207
370.412,3.9815667
370.998,3.9784205
371.584,3.9752815
372.17,3.9721501
372.756,3.9690259
373.342,3.965909
373.928,3.9627995
374.514,3.9596975
375.1,3.9566026
375.686,3.9535151
376.272,3.9504347
376.858,3.9473615
377.444,3.9442954
378.03,3.9412365
378.616,3.9381845
379.202,3.9351399
379.788,3.9321022
380.374,3.9290717
380.96,3.9260478
381.546,3.9230313
382.132,3.9200215
382.718,3.9170187
383.304,3.9140227
383.89,3.9110336
384.476,3.9080515
385.062,3.905076
385.648,3.9021075
386.234,3.8991456
386.82,3.8961904
387.406,3.8932419
387.992,3.8903003
388.578,3.8873651
389.164,3.8844368
389.75,3.881515
390.336,3.8785996
390.922,3.8756912
391.508,3.8727889
392.094,3.8698933
392.68,3.8670042
393.266,3.8641214
393.852,3.8612452
394.438,3.8583753
395.024,3.8555121
395.61,3.8526549
396.196,3.8498044
396.782,3.8469598
397.368,3.8441219
397.954,3.84129
398.54,3.8384645
399.126,3.8356452
399.712,3.8328321
400.298,3.8300252
400.884,3.8272245
401.47,3.82443
402.056,3.8216414
402.642,3.8188591
403.228,3.8160827
403.814,3.8133125
404.4,3.8105483
404.986,3.80779
405.572,3.8050377
406.158,3.8022916
406.744,3.7995512
407.33,3.7968168
407.916,3.7940884
408.502,3.7913656
409.088,3.7886486
409.674,3.7859373
410.26,3.7832317
410.846,3.7805321
411.432,3.777838
412.018,3.7751498
412.604,3.7724674
413.19,3.7697906
413.776,3.7671196
414.362,3.7644544
414.948,3.7617948
415.534,3.7591407
416.12,3.7564921
416.706,3.7538495
417.292,3.7512121
417.878,3.7485805
418.464,3.7459543
419.05,3.7433336
419.636,3.7407184
420.222,3.7381089
420.808,3.7355046
421.394,3.7329059
421.98,3.7303126
422.566,3.7277246
423.152,3.725142
423.738,3.7225649
424.324,3.7199931
424.91,3.7174265
425.496,3.7148654
426.082,3.7123096
426.668,3.709759
427.254,3.7072136
427.84,3.7046735
428.426,3.7021387
429.012,3.699609
429.598,3.6970847
430.184,3.6945653
430.77,3.6920512
431.356,3.6895423
431.942,3.6870382
432.528,3.6845396
433.114,3.6820459
433.7,3.6795573
434.286,3.6770737
434.872,3.6745951
435.458,3.6721218
436.044,3.6696532
436.63,3.6671898
437.216,3.6647313
437.802,3.6622777
438.388,3.6598284
438.974,3.6573839
439.56,3.6549447
440.146,3.6525102
440.732,3.6500804
441.318,3.6476555
441.904,3.6452355
442.49,3.6428204
443.076,3.6404099
443.662,3.6380045
444.248,3.6356037
444.834,3.6332078
445.42,3.6308165
446.006,3.6284301
446.592,3.6260481
447.178,3.6236711
447.764,3.6212988
448.35,3.6189311
448.936,3.6165679
449.522,3.6142094
450.108,3.6118555
450.694,3.6095064
451.28,3.6071618
451.866,3.6048217
452.452,3.6024861
453.038,3.6001551
453.624,3.5978289
454.21,3.5955069
454.796,3.5931895
455.382,3.5908766
455.968,3.5885682
456.554,3.5862641
457.14,3.5839646
457.726,3.5816696
458.312,3.5793788
458.898,3.5770926
459.484,3.5748107
460.07,3.5725329
460.656,3.5702598
461.242,3.567991
461.828,3.5657265
462.414,3.5634663
463,3.5612104
463.586,3.5589585
464.172,3.5567107
464.758,3.5544672
465.344,3.5522277
465.93,3.5499928
466.516,3.5477619
467.102,3.5455353
467.688,3.5433128
468.274,3.5410945
468.86,3.5388803
469.446,3.5366704
470.032,3.5344646
470.618,3.532263
471.204,3.5300653
471.79,3.5278718
472.376,3.5256827
472.962,3.5234973
473.548,3.5213161
474.134,3.5191391
474.72,3.5169659
475.306,3.5147967
475.892,3.5126317
476.478,3.5104706
477.064,3.5083137
477.65,3.5061605
478.236,3.5040114
478.822,3.5018661
479.408,3.4997249
479.994,3.4975874
480.58,3.4954541
481.166,3.4933248
481.752,3.491199
482.338,3.4890773
482.924,3.4869595
483.51,3.4848454
484.096,3.4827352
484.682,3.480629
485.268,3.4785264
485.854,3.4764278
486.44,3.4743328
487.026,3.4722416
487.612,3.4701543
488.198,3.4680707
488.784,3.465991
489.37,3.4639149
489.956,3.4618425
490.542,3.4597738
491.128,3.4577088
491.714,3.4556477
492.3,3.4535902
492.886,3.4515362
493.472,3.449486
494.058,3.4474394
494.644,3.4453967
495.23,3.4433572
495.816,3.4413216
496.402,3.4392896
496.988,3.4372611
497.574,3.4352362
498.16,3.4332149
498.746,3.4311972
499.332,3.429183
499.918,3.4271722
500.504,3.4251652
501.09,3.4231615
501.676,3.4211614
502.262,3.4191649
502.848,3.4171717
503.434,3.4151821
504.02,3.4131961
504.606,3.4112134
505.192,3.4092343
505.778,3.4072585
506.364,3.4052861
506.95,3.4033172
507.536,3.4013517
508.122,3.3993895
508.708,3.3974309
509.294,3.3954754
509.88,3.3935235
510.466,3.3915749
511.052,3.3896296
511.638,3.3876877
512.224,3.3857493
512.81,3.3838139
513.396,3.381882
513.982,3.3799534
514.568,3.3780279
515.154,3.376106
515.74,3.3741872
516.326,3.3722718
516.912,3.3703594
517.498,3.3684502
518.084,3.3665445
518.67,3.3646417
519.256,3.3627422
519.842,3.360846
520.428,3.358953
521.014,3.3570633
521.6,3.3551767
522.186,3.3532932
522.772,3.351413
523.358,3.3495357
523.944,3.347662
524.53,3.3457911
525.116,3.3439233
525.702,3.3420589
526.288,3.3401973
526.874,3.3383391
527.46,3.336484
528.046,3.3346317
528.632,3.3327827
529.218,3.3309367
529.804,3.3290937
530.39,3.3272538
530.976,3.325417
531.562,3.3235834
532.148,3.3217525
532.734,3.3199248
533.32,3.3181002
533.906,3.3162785
534.492,3.3144598
535.078,3.312644
535.664,3.3108313
536.25,3.3090217
536.836,3.3072147
537.422,3.3054109
538.008,3.3036101
538.594,3.3018122
539.18,3.3000171
539.766,3.2982252
540.352,3.2964358
540.938,3.2946496
541.524,3.2928662
542.11,3.291086
542.696,3.2893083
543.282,3.2875338
543.868,3.2857618
544.454,3.2839928
545.04,3.2822268
545.626,3.2804635
546.212,3.278703
546.798,3.2769456
547.384,3.2751908
547.97,3.2734389
548.556,3.2716897
549.142,3.2699432
549.728,3.2681997
550.314,3.2664592
550.9,3.2647212
551.486,3.2629859
552.072,3.2612536
552.658,3.2595239
553.244,3.257797
553.83,3.2560728
554.416,3.2543511
555.002,3.2526326
555.588,3.2509165
556.174,3.2492032
556.76,3.2474928
557.346,3.2457848
557.932,3.2440796
558.518,3.2423773
559.104,3.2406774
559.69,3.2389803
560.276,3.2372856
560.862,3.235594
561.448,3.2339048
562.034,3.2322183
562.62,3.2305343
563.206,3.228853
563.792,3.2271745
564.378,3.2254984
564.964,3.2238252
565.55,3.2221544
566.136,3.2204862
566.722,3.2188206
567.308,3.2171574
567.894,3.2154968
568.48,3.2138388
569.066,3.2121832
569.652,3.2105305
570.238,3.2088802
570.824,3.2072322
571.41,3.2055871
571.996,3.2039442
572.582,3.2023041
573.168,3.2006664
573.754,3.1990311
574.34,3.1973984
574.926,3.1957684
575.512,3.1941407
576.098,3.1925154
576.684,3.1908927
577.27,3.1892724
577.856,3.1876545
578.442,3.1860392
579.028,3.1844265
579.614,3.182816
580.2,3.1812079
580.786,3.1796026
581.372,3.1779993
581.958,3.1763985
582.544,3.1748002
583.13,3.1732044
583.716,3.1716108
584.302,3.1700199
584.888,3.1684313
585.474,3.1668448
586.06,3.165261
586.646,3.1636794
587.232,3.1621003
587.818,3.1605234
588.404,3.1589489
588.99,3.1573768
589.576,3.155807
590.162,3.1542397
590.748,3.1526747
591.334,3.1511118
591.92,3.1495514
592.506,3.1479933
593.092,3.1464374
593.678,3.1448839
594.264,3.1433327
594.85,3.141784
595.436,3.1402371
596.022,3.1386929
596.608,3.1371508
597.194,3.1356111
597.78,3.1340735
598.366,3.1325381
598.952,3.1310053
599.538,3.1294744
600.124,3.1279459
600.71,3.1264195
601.296,3.1248956
601.882,3.1233737
602.468,3.1218543
603.054,3.1203368
603.64,3.1188216
604.226,3.1173086
604.812,3.115798
605.398,3.1142893
605.984,3.112783
606.57,3.1112788
607.156,3.1097767
607.742,3.1082771
608.328,3.1067793
608.914,3.105284
609.5,3.1037905
610.086,3.1022995
610.672,3.1008103
611.258,3.0993235
611.844,3.0978386
612.43,3.0963562
613.016,3.0948756
613.602,3.0933974
614.188,3.0919211
614.774,3.0904469
615.36,3.088975
615.946,3.0875051
616.532,3.0860372
617.118,3.0845716
617.704,3.0831079
618.29,3.0816464
618.876,3.0801871
619.462,3.0787296
620.048,3.0772743
620.634,3.0758209
621.22,3.0743699
621.806,3.0729208
622.392,3.0714736
622.978,3.0700285
623.564,3.0685856
624.15,3.0671446
624.736,3.0657058
625.322,3.0642688
625.908,3.062834
626.494,3.0614011
627.08,3.0599701
627.666,3.0585413
628.252,3.0571146
628.838,3.0556898
629.424,3.0542669
630.01,3.052846
630.596,3.0514274
631.182,3.0500102
631.768,3.0485954
632.354,3.0471826
632.94,3.0457716
633.526,3.0443625
634.112,3.0429554
634.698,3.0415504
635.284,3.0401473
635.87,3.0387461
636.456,3.0373468
637.042,3.0359495
637.628,3.034554
638.214,3.0331607
638.8,3.031769
639.386,3.0303795
639.972,3.0289915
640.558,3.0276051
641.144,3.0262208
641.73,3.0248387
642.316,3.023458
642.902,3.0220795
643.488,3.0207028
644.074,3.0193281
644.66,3.0179553
645.246,3.0165842
645.832,3.0152149
646.418,3.0138476
647.004,3.0124822
647.59,3.0111187
648.176,3.0097568
648.762,3.0083969
649.348,3.0070388
649.934,3.0056829
650.52,3.0043285
651.106,3.0029759
651.692,3.0016253
652.278,3.0002763
652.864,2.9989293
653.45,2.9975841
654.036,2.9962406
654.622,2.994899
655.208,2.9935594
655.794,2.9922214
656.38,2.990885
656.966,2.9895506
657.552,2.9882181
658.138,2.9868872
658.724,2.985558
659.31,2.9842308
659.896,2.9829054
660.482,2.9815817
661.068,2.9802597
661.654,2.9789395
662.24,2.9776211
662.826,2.9763043
663.412,2.9749892
663.998,2.9736762
664.584,2.9723647
665.17,2.971055
665.756,2.9697471
666.342,2.9684408
666.928,2.9671361
667.514,2.9658334
668.1,2.9645324
668.686,2.963233
669.272,2.9619353
669.858,2.9606395
670.444,2.9593453
671.03,2.9580526
671.616,2.9567618
672.202,2.9554727
672.788,2.9541852
673.374,2.9528995
673.96,2.9516156
674.546,2.9503331
675.132,2.9490523
675.718,2.9477735
676.304,2.946496
676.89,2.9452202
677.476,2.9439464
678.062,2.9426737
678.648,2.9414032
679.234,2.940134
679.82,2.9388666
680.406,2.9376009
680.992,2.9363368
681.578,2.9350741
682.164,2.9338133
682.75,2.9325542
683.336,2.9312966
683.922,2.9300406
684.508,2.928786
685.094,2.9275327
685.68,2.926281
686.266,2.9250309
686.852,2.9237826
687.438,2.9225359
688.024,2.9212906
688.61,2.920047
689.196,2.9188049
689.782,2.9175644
690.368,2.9163256
690.954,2.9150884
691.54,2.9138529
692.126,2.9126186
692.712,2.9113863
693.298,2.9101553
693.884,2.908926
694.47,2.9076982
695.056,2.906472
695.642,2.9052472
696.228,2.9040241
696.814,2.9028025
697.4,2.9015825
697.986,2.9003642
698.572,2.899147
699.158,2.8979318
699.744,2.8967178
700.33,2.8955057
700.916,2.8942947
701.502,2.8930855
702.088,2.8918779
702.674,2.8906715
703.26,2.889467
703.846,2.8882637
704.432,2.8870621
705.018,2.8858619
705.604,2.8846631
706.19,2.883466
706.776,2.8822703
707.362,2.8810761
707.948,2.8798835
708.534,2.8786922
709.12,2.8775024
709.706,2.8763142
710.292,2.8751276
710.878,2.8739421
711.464,2.8727584
712.05,2.8715761
712.636,2.8703952
713.222,2.8692157
713.808,2.8680379
714.394,2.8668613
714.98,2.8656862
715.566,2.8645127
716.152,2.8633404
716.738,2.8621697
717.324,2.8610005
717.91,2.8598328
718.496,2.8586664
719.082,2.8575015
719.668,2.8563378
720.254,2.8551757
720.84,2.8540151
721.426,2.8528559
722.012,2.8516974
722.598,2.8505406
723.184,2.8493853
723.77,2.8482311
724.356,2.8470783
724.942,2.8459272
725.528,2.8447773
726.114,2.8436289
726.7,2.8424819
727.286,2.8413363
727.872,2.8401921
728.458,2.8390491
729.044,2.8379076
729.63,2.8367674
730.216,2.8356287
730.802,2.8344913
731.388,2.8333554
731.974,2.8322208
732.56,2.8310876
733.146,2.8299558
733.732,2.8288252
734.318,2.8276961
734.904,2.8265681
735.49,2.8254418
736.076,2.8243165
736.662,2.8231928
737.248,2.8220704
737.834,2.8209493
738.42,2.8198297
739.006,2.8187113
739.592,2.8175943
740.178,2.8164785
740.764,2.8153641
741.35,2.8142509
741.936,2.8131392
742.522,2.8120289
743.108,2.8109198
743.694,2.8098121
744.28,2.8087056
744.866,2.8076003
745.452,2.8064964
746.038,2.8053939
746.624,2.8042927
747.21,2.8031926
747.796,2.802094
748.382,2.8009968
748.968,2.7999005
749.554,2.7988057
750.14,2.7977123
750.726,2.7966201
751.312,2.7955291
751.898,2.7944396
752.484,2.7933512
753.07,2.792264
753.656,2.7911782
754.242,2.7900937
754.828,2.7890103
755.414,2.7879283
756,2.7868476
756.586,2.785768
757.172,2.7846897
757.758,2.7836127
758.344,2.782537
758.93,2.7814627
759.516,2.7803893
760.102,2.7793174
760.688,2.7782466
761.274,2.7771771
761.86,2.7761087
762.446,2.7750418
763.032,2.7739758
763.618,2.7729113
764.204,2.771848
764.79,2.7707858
765.376,2.7697248
765.962,2.7686651
766.548,2.7676067
767.134,2.7665493
767.72,2.7654934
768.306,2.7644386
768.892,2.7633848
769.478,2.7623324
770.064,2.7612813
770.65,2.7602313
771.236,2.7591825
771.822,2.7581348
772.408,2.7570884
772.994,2.7560432
773.58,2.7549989
774.166,2.7539563
774.752,2.7529144
775.338,2.751874
775.924,2.7508347
776.51,2.7497966
777.096,2.7487595
777.682,2.7477238
778.268,2.7466891
778.854,2.7456553
779.44,2.7446227
780.026,2.7435913
780.612,2.7425611
781.198,2.7415321
781.784,2.7405043
782.37,2.7394774
782.956,2.738452
783.542,2.7374275
784.128,2.7364042
784.714,2.7353821
785.3,2.7343612
785.886,2.7333412
786.472,2.7323225
787.058,2.7313051
787.644,2.7302885
788.23,2.7292733
788.816,2.7282591
789.402,2.7272463
789.988,2.7262344
790.574,2.7252235
791.16,2.7242141
791.746,2.7232056
792.332,2.722198
792.918,2.7211919
793.504,2.7201867
794.09,2.7191825
794.676,2.7181797
795.262,2.7171779
795.848,2.7161772
796.434,2.7151775
797.02,2.714179
797.606,2.7131817
798.192,2.7121854
798.778,2.7111902
799.364,2.710196
799.95,2.7092032
800.536,2.7082112
801.122,2.7072206
801.708,2.7062306
802.294,2.7052419
802.88,2.7042544
803.466,2.7032681
804.052,2.7022827
804.638,2.7012982
805.224,2.700315
805.81,2.699333
806.396,2.6983519
806.982,2.6973717
807.568,2.6963928
808.154,2.695415
808.74,2.6944382
809.326,2.6934624
809.912,2.6924877
810.498,2.691514
811.084,2.6905415
811.67,2.68957
812.256,2.6885993
812.842,2.6876299
813.428,2.6866615
814.014,2.6856942
814.6,2.6847279
815.186,2.6837628
815.772,2.6827986
816.358,2.6818354
816.944,2.6808732
817.53,2.6799121
818.116,2.678952
818.702,2.6779931
819.288,2.6770351
819.874,2.6760781
820.46,2.675122
821.046,2.6741672
821.632,2.6732132
822.218,2.6722605
822.804,2.6713085
823.39,2.6703577
823.976,2.6694078
824.562,2.6684592
825.148,2.6675112
825.734,2.6665645
826.32,2.6656187
826.906,2.664674
827.492,2.6637301
828.078,2.6627874
828.664,2.6618457
829.25,2.6609049
829.836,2.659965
830.422,2.6590264
831.008,2.6580884
831.594,2.6571517
832.18,2.6562159
832.766,2.6552811
833.352,2.6543474
833.938,2.6534145
834.524,2.6524825
835.11,2.6515517
835.696,2.6506219
836.282,2.649693
836.868,2.6487648
837.454,2.6478381
838.04,2.6469121
838.626,2.645987
839.212,2.6450629
839.798,2.64414
840.384,2.6432178
840.97,2.6422966
841.556,2.6413765
842.142,2.6404572
842.728,2.639539
843.314,2.6386216
843.9,2.6377053
844.486,2.6367898
845.072,2.6358755
845.658,2.6349618
846.244,2.6340494
846.83,2.6331377
847.416,2.6322272
848.002,2.6313174
848.588,2.6304085
849.174,2.6295006
849.76,2.6285939
850.346,2.6276879
850.932,2.6267829
851.518,2.6258788
852.104,2.6249757
852.69,2.6240735
853.276,2.6231723
853.862,2.6222718
854.448,2.6213725
855.034,2.6204739
855.62,2.6195762
856.206,2.6186795
856.792,2.6177838
857.378,2.616889
857.964,2.6159952
858.55,2.6151021
859.136,2.6142101
859.722,2.6133189
860.308,2.6124287
860.894,2.6115394
861.48,2.6106508
862.066,2.6097634
862.652,2.6088767
863.238,2.607991
863.824,2.6071062
864.41,2.6062222
864.996,2.6053393
865.582,2.6044571
866.168,2.6035759
866.754,2.6026955
867.34,2.6018162
867.926,2.6009376
868.512,2.6000597
869.098,2.5991831
869.684,2.5983071
870.27,2.5974321
870.856,2.5965581
871.442,2.5956848
872.028,2.5948124
872.614,2.593941
873.2,2.5930703
873.786,2.5922005
874.372,2.5913317
874.958,2.5904639
875.544,2.5895967
876.13,2.5887303
876.716,2.5878651
877.302,2.5870006
877.888,2.5861368
878.474,2.5852742
879.06,2.5844121
879.646,2.5835512
880.232,2.582691
880.818,2.5818317
881.404,2.5809731
881.99,2.5801156
882.576,2.5792587
883.162,2.5784028
883.748,2.5775478
884.334,2.5766935
884.92,2.5758402
885.506,2.5749876
886.092,2.574136
886.678,2.5732851
887.264,2.5724351
887.85,2.5715861
888.436,2.5707378
889.022,2.5698903
889.608,2.5690436
890.194,2.568198
890.78,2.567353
891.366,2.5665088
891.952,2.5656655
892.538,2.5648232
893.124,2.5639813
893.71,2.5631406
894.296,2.5623007
894.882,2.5614614
895.468,2.5606232
896.054,2.5597856
896.64,2.558949
897.226,2.5581131
897.812,2.5572782
898.398,2.5564439
898.984,2.5556104
899.57,2.5547779
900.156,2.553946
900.742,2.5531151
901.328,2.552285
901.914,2.5514555
902.5,2.550627
903.086,2.5497992
903.672,2.5489724
904.258,2.5481462
904.844,2.5473208
905.43,2.5464964
906.016,2.5456727
906.602,2.5448496
907.188,2.5440276
907.774,2.5432062
908.36,2.5423856
908.946,2.5415659
909.532,2.5407469
910.118,2.5399289
910.704,2.5391114
911.29,2.5382948
911.876,2.5374792
912.462,2.536664
913.048,2.5358498
913.634,2.5350363
914.22,2.5342236
914.806,2.5334117
915.392,2.5326006
915.978,2.5317903
916.564,2.5309808
917.15,2.5301721
917.736,2.5293641
918.322,2.5285568
918.908,2.5277503
919.494,2.5269446
920.08,2.5261397
920.666,2.5253358
921.252,2.5245323
921.838,2.5237296
922.424,2.5229278
923.01,2.5221267
923.596,2.5213265
924.182,2.5205269
924.768,2.5197282
925.354,2.51893
925.94,2.5181327
926.526,2.5173364
927.112,2.5165405
927.698,2.5157454
928.284,2.5149512
928.87,2.5141578
929.456,2.5133648
930.042,2.512573
930.628,2.5117817
931.214,2.5109911
931.8,2.5102015
932.386,2.5094123
932.972,2.5086241
933.558,2.5078366
934.144,2.5070498
934.73,2.5062637
935.316,2.5054784
935.902,2.5046937
936.488,2.5039101
937.074,2.5031269
937.66,2.5023446
938.246,2.5015628
938.832,2.500782
939.418,2.5000017
940.004,2.4992223
940.59,2.4984436
941.176,2.4976656
941.762,2.4968884
942.348,2.4961119
942.934,2.4953361
943.52,2.494561
944.106,2.4937866
944.692,2.4930129
945.278,2.49224
945.864,2.4914677
946.45,2.4906962
947.036,2.4899254
947.622,2.4891555
948.208,2.4883862
948.794,2.4876175
949.38,2.4868495
949.966,2.4860823
950.552,2.4853158
951.138,2.48455
951.724,2.4837849
952.31,2.4830205
952.896,2.4822569
953.482,2.4814939
954.068,2.4807317
954.654,2.47997
955.24,2.4792092
955.826,2.4784491
956.412,2.4776895
956.998,2.4769309
957.584,2.4761727
958.17,2.4754155
958.756,2.4746587
959.342,2.4739027
959.928,2.4731474
960.514,2.4723928
961.1,2.4716389
961.686,2.4708858
962.272,2.4701331
962.858,2.4693813
963.444,2.4686301
964.03,2.4678798
964.616,2.4671299
965.202,2.4663808
965.788,2.4656324
966.374,2.4648848
966.96,2.4641376
967.546,2.4633913
968.132,2.4626455
968.718,2.4619005
969.304,2.4611561
969.89,2.4604125
970.476,2.4596694
971.062,2.4589272
971.648,2.4581854
972.234,2.4574444
972.82,2.4567041
973.406,2.4559646
973.992,2.4552255
974.578,2.4544873
975.164,2.4537497
975.75,2.4530125
976.336,2.4522762
976.922,2.4515407
977.508,2.4508057
978.094,2.4500713
978.68,2.4493377
979.266,2.4486046
979.852,2.4478724
980.438,2.4471407
981.024,2.4464095
981.61,2.4456792
982.196,2.4449494
982.782,2.4442203
983.368,2.4434919
983.954,2.4427643
984.54,2.4420371
985.126,2.4413106
985.712,2.4405847
986.298,2.4398596
986.884,2.4391351
987.47,2.4384112
988.056,2.4376881
988.642,2.4369655
989.228,2.4362433
989.814,2.4355221
990.4,2.4348016
990.986,2.4340813
991.572,2.433362
992.158,2.4326434
992.744,2.4319253
993.33,2.4312077
993.916,2.4304907
994.502,2.4297745
995.088,2.429059
995.674,2.4283442
996.26,2.4276297
996.846,2.4269161
997.432,2.426203
998.018,2.4254906
998.604,2.4247789
999.19,2.4240677
999.776,2.4233572
1000.362,2.4226472
1000.948,2.4219379
1001.534,2.4212294
1002.12,2.4205213
1002.706,2.4198139
1003.292,2.419107
1003.878,2.4184008
1004.464,2.4176953
1005.05,2.4169903
1005.636,2.416286
1006.222,2.4155824
1006.808,2.4148793
1007.394,2.4141767
1007.98,2.4134748
1008.566,2.4127736
1009.152,2.4120729
1009.738,2.4113729
1010.324,2.4106736
1010.91,2.4099748
1011.496,2.4092765
1012.082,2.4085789
1012.668,2.407882
1013.254,2.4071856
1013.84,2.4064898
1014.426,2.4057946
1015.012,2.4051001
1015.598,2.4044061
1016.184,2.4037127
1016.77,2.4030199
1017.356,2.4023278
1017.942,2.4016361
1018.528,2.4009452
1019.114,2.400255
1019.7,2.3995652
1020.286,2.398876
1020.872,2.3981874
1021.458,2.3974993
1022.044,2.396812
1022.63,2.3961251
1023.216,2.3954389
1023.802,2.3947532
1024.388,2.3940682
1024.974,2.3933837
1025.56,2.3927
1026.146,2.3920166
1026.732,2.3913341
1027.318,2.3906519
1027.904,2.3899703
1028.49,2.3892894
1029.076,2.3886092
1029.662,2.3879294
1030.248,2.3872502
1030.834,2.3865716
1031.42,2.3858936
1032.006,2.385216
1032.592,2.3845391
1033.178,2.383863
1033.764,2.3831873
1034.35,2.3825121
1034.936,2.3818376
1035.522,2.3811634
1036.108,2.3804901
1036.694,2.3798172
1037.28,2.3791449
1037.866,2.3784733
1038.452,2.3778021
1039.038,2.3771312
1039.624,2.3764613
1040.21,2.3757915
1040.796,2.3751225
1041.382,2.374454
1041.968,2.373786
1042.554,2.3731186
1043.14,2.3724518
1043.726,2.3717856
1044.312,2.37112
1044.898,2.3704548
1045.484,2.3697903
1046.07,2.3691263
1046.656,2.3684628
1047.242,2.3678
1047.828,2.3671377
1048.414,2.3664758
1049,2.3658147
1049.586,2.365154
1050.172,2.3644938
1050.758,2.3638341
1051.344,2.3631754
1051.93,2.3625169
1052.516,2.3618588
1053.102,2.3612015
1053.688,2.3605447
1054.274,2.3598886
1054.86,2.3592329
1055.446,2.3585777
1056.032,2.357923
1056.618,2.357269
1057.204,2.3566155
1057.79,2.3559625
1058.376,2.3553102
1058.962,2.3546581
1059.548,2.3540068
1060.134,2.3533561
1060.72,2.3527057
1061.306,2.352056
1061.892,2.3514068
1062.478,2.3507583
1063.064,2.3501101
1063.65,2.3494625
1064.236,2.3488154
1064.822,2.3481691
1065.408,2.347523
1065.994,2.3468776
1066.58,2.3462327
1067.166,2.3455882
1067.752,2.3449445
1068.338,2.3443012
1068.924,2.3436584
1069.51,2.3430161
1070.096,2.3423746
1070.682,2.3417332
1071.268,2.3410926
1071.854,2.3404524
1072.44,2.3398128
1073.026,2.3391738
1073.612,2.3385351
1074.198,2.3378971
1074.784,2.3372598
1075.37,2.3366227
1075.956,2.3359861
1076.542,2.3353503
1077.128,2.3347149
1077.714,2.3340797
1078.3,2.3334455
1078.886,2.3328116
1079.472,2.3321781
1080.058,2.3315454
1080.644,2.3309131
1081.23,2.3302813
1081.816,2.3296499
1082.402,2.3290193
1082.988,2.3283889
1083.574,2.3277593
1084.16,2.3271301
1084.746,2.3265014
1085.332,2.3258731
1085.918,2.3252454
1086.504,2.3246181
1087.09,2.3239913
1087.676,2.3233652
1088.262,2.3227396
1088.848,2.3221145
1089.434,2.3214898
1090.02,2.3208656
1090.606,2.3202419
1091.192,2.3196187
1091.778,2.3189962
1092.364,2.3183739
1092.95,2.3177524
1093.536,2.3171313
1094.122,2.3165107
1094.708,2.3158906
1095.294,2.3152709
1095.88,2.3146517
1096.466,2.314033
1097.052,2.3134148
1097.638,2.3127973
1098.224,2.31218
1098.81,2.3115635
1099.396,2.3109474
1099.982,2.3103316
1100.568,2.3097165
1101.154,2.3091018
1101.74,2.3084877
1102.326,2.307874
1102.912,2.3072608
1103.498,2.306648
1104.084,2.3060358
1104.67,2.305424
1105.256,2.3048127
1105.842,2.3042021
1106.428,2.3035917
1107.014,2.3029819
1107.6,2.3023727
1108.186,2.3017638
1108.772,2.3011556
1109.358,2.3005476
1109.944,2.2999403
1110.53,2.2993336
1111.116,2.298727
1111.702,2.2981212
1112.288,2.2975156
1112.874,2.2969108
1113.46,2.2963064
1114.046,2.2957022
1114.632,2.2950988
1115.218,2.2944956
1115.804,2.2938931
1116.39,2.2932911
1116.976,2.2926893
1117.562,2.2920883
1118.148,2.2914877
1118.734,2.2908874
1119.32,2.2902877
1119.906,2.2896886
1120.492,2.2890897
1121.078,2.2884912
1121.664,2.2878935
1122.25,2.2872963
1122.836,2.2866993
1123.422,2.2861028
1124.008,2.285507
1124.594,2.2849114
1125.18,2.2843165
1125.766,2.2837219
1126.352,2.2831278
1126.938,2.2825341
1127.524,2.2819409
1128.11,2.2813485
1128.696,2.2807562
1129.282,2.2801645
1129.868,2.2795732
1130.454,2.2789822
1131.04,2.2783918
1131.626,2.277802
1132.212,2.2772126
1132.798,2.2766235
1133.384,2.2760351
1133.97,2.2754469
1134.556,2.2748592
1135.142,2.2742722
1135.728,2.2736855
1136.314,2.2730992
1136.9,2.2725134
1137.486,2.2719276
1138.072,2.2713425
1138.658,2.2707579
1139.244,2.2701735
1139.83,2.2695899
1140.416,2.2690065
1141.002,2.2684236
1141.588,2.2678411
1142.174,2.2672591
1142.76,2.2666774
1143.346,2.2660964
1143.932,2.2655158
1144.518,2.2649355
1145.104,2.2643557
1145.69,2.2637765
1146.276,2.2631977
1146.862,2.262619
1147.448,2.2620411
1148.034,2.2614636
1148.62,2.2608864
1149.206,2.2603099
1149.792,2.2597337
1150.378,2.2591579
1150.964,2.2585826
1151.55,2.2580078
1152.136,2.2574332
1152.722,2.2568593
1153.308,2.2562857
1153.894,2.2557125
1154.48,2.2551398
1155.066,2.2545676
1155.652,2.2539959
1156.238,2.2534244
1156.824,2.2528534
1157.41,2.2522831
1157.996,2.251713
1158.582,2.2511432
1159.168,2.2505741
1159.754,2.2500052
1160.34,2.2494371
1160.926,2.2488692
1161.512,2.2483015
1162.098,2.2477345
1162.684,2.2471681
1163.27,2.2466018
1163.856,2.2460361
1164.442,2.2454708
1165.028,2.2449059
1165.614,2.2443414
1166.2,2.2437775
1166.786,2.2432139
1167.372,2.2426507
1167.958,2.2420878
1168.544,2.2415257
1169.13,2.2409637
1169.716,2.2404022
1170.302,2.239841
1170.888,2.2392805
1171.474,2.2387202
1172.06,2.2381604
1172.646,2.237601
1173.232,2.2370422
1173.818,2.2364836
1174.404,2.2359257
1174.99,2.2353678
1175.576,2.2348106
1176.162,2.2342536
1176.748,2.2336974
1177.334,2.2331414
1177.92,2.2325857
1178.506,2.2320306
1179.092,2.2314758
1179.678,2.2309215
1180.264,2.2303677
1180.85,2.2298141
1181.436,2.2292609
1182.022,2.2287083
1182.608,2.2281561
1183.194,2.2276042
1183.78,2.2270527
1184.366,2.2265017
1184.952,2.2259512
1185.538,2.2254009
1186.124,2.2248511
1186.71,2.2243016
1187.296,2.2237527
1187.882,2.2232041
1188.468,2.222656
1189.054,2.2221081
1189.64,2.221561
1190.226,2.221014
1190.812,2.2204673
1191.398,2.2199214
1191.984,2.2193756
1192.57,2.2188303
1193.156,2.2182853
1193.742,2.2177408
1194.328,2.2171967
1194.914,2.2166531
1195.5,2.2161098
1196.086,2.2155669
1196.672,2.2150242
1197.258,2.2144821
1197.844,2.2139404
1198.43,2.2133992
1199.016,2.2128582
1199.602,2.2123177
1200.188,2.2117777
1200.774,2.2112379
1201.36,2.2106986
1201.946,2.2101598
1202.532,2.2096212
1203.118,2.2090831
1203.704,2.2085454
1204.29,2.2080081
1204.876,2.2074711
1205.462,2.2069347
1206.048,2.2063985
1206.634,2.2058628
1207.22,2.2053273
1207.806,2.2047925
1208.392,2.204258
1208.978,2.2037237
1209.564,2.2031898
1210.15,2.2026565
1210.736,2.2021234
1211.322,2.201591
1211.908,2.2010586
1212.494,2.2005267
1213.08,2.1999953
1213.666,2.1994643
1214.252,2.1989336
1214.838,2.1984034
1215.424,2.1978734
1216.01,2.1973438
1216.596,2.1968148
1217.182,2.196286
1217.768,2.1957572
1218.354,2.1952288
1218.94,2.1947007
1219.526,2.1941731
1220.112,2.193646
1220.698,2.193119
1221.284,2.1925926
1221.87,2.1920667
1222.456,2.191541
1223.042,2.1910157
1223.628,2.1904907
1224.214,2.1899662
1224.8,2.1894422
1225.386,2.1889184
1225.972,2.1883948
1226.558,2.1878719
1227.144,2.1873493
1227.73,2.1868269
1228.316,2.186305
1228.902,2.1857836
1229.488,2.1852624
1230.074,2.1847417
1230.66,2.1842215
1231.246,2.1837015
1231.832,2.1831818
1232.418,2.1826625
1233.004,2.1821437
1233.59,2.1816251
1234.176,2.181107
1234.762,2.1805894
1235.348,2.1800721
1235.934,2.1795549
1236.52,2.1790385
1237.106,2.1785221
1237.692,2.1780062
1238.278,2.1774907
1238.864,2.1769757
1239.45,2.1764607
1240.036,2.1759465
1240.622,2.1754324
1241.208,2.1749187
1241.794,2.1744056
1242.38,2.1738925
1242.966,2.1733799
1243.552,2.1728678
1244.138,2.1723559
1244.724,2.1718445
1245.31,2.1713333
1245.896,2.1708226
1246.482,2.1703124
1247.068,2.1698022
1247.654,2.1692927
1248.24,2.1687834
1248.826,2.1682744
1249.412,2.1677659
1249.998,2.1672578
1250.584,2.16675
1251.17,2.1662424
1251.756,2.1657352
1252.342,2.1652286
1252.928,2.1647222
1253.514,2.1642163
1254.1,2.1637106
1254.686,2.1632051
1255.272,2.1627002
1255.858,2.1621957
1256.444,2.1616914
1257.03,2.1611874
1257.616,2.1606841
1258.202,2.1601808
1258.788,2.159678
1259.374,2.1591756
1259.96,2.1586735
1260.546,2.1581717
1261.132,2.1576703
1261.718,2.1571693
1262.304,2.1566687
1262.89,2.1561682
1263.476,2.1556683
1264.062,2.1551685
1264.648,2.1546693
1265.234,2.1541703
1265.82,2.1536717
1266.406,2.1531737
1266.992,2.1526756
1267.578,2.1521783
1268.164,2.1516809
1268.75,2.1511841
1269.336,2.1506877
1269.922,2.1501915
1270.508,2.1496956
1271.094,2.1492002
1271.68,2.148705
1272.266,2.1482103
1272.852,2.1477158
1273.438,2.1472218
1274.024,2.146728
1274.61,2.1462348
1275.196,2.1457417
1275.782,2.1452491
1276.368,2.1447566
1276.954,2.1442647
1277.54,2.1437728
1278.126,2.1432812
1278.712,2.1427898
1279.298,2.1422987
1279.884,2.141808
1280.47,2.1413176
1281.056,2.1408277
1281.642,2.1403379
1282.228,2.1398487
1282.814,2.1393597
1283.4,2.138871
1283.986,2.1383827
1284.572,2.1378946
1285.158,2.1374071
1285.744,2.1369197
1286.33,2.1364329
1286.916,2.135946
1287.502,2.1354599
1288.088,2.1349738
1288.674,2.1344883
1289.26,2.1340029
1289.846,2.133518
1290.432,2.1330333
1291.018,2.132549
1291.604,2.1320651
1292.19,2.1315815
1292.776,2.131098
1293.362,2.1306152
1293.948,2.1301324
1294.534,2.1296504
1295.12,2.1291683
1295.706,2.1286867
1296.292,2.1282053
1296.878,2.1277244
1297.464,2.1272438
1298.05,2.1267633
1298.636,2.1262834
1299.222,2.1258037
1299.808,2.1253242
1300.394,2.1248453
1300.98,2.1243668
1301.566,2.1238883
1302.152,2.1234102
1302.738,2.1229324
1303.324,2.1224551
1303.91,2.121978
1304.496,2.1215012
1305.082,2.1210248
1305.668,2.1205487
1306.254,2.1200731
1306.84,2.1195977
1307.426,2.1191225
1308.012,2.1186478
1308.598,2.1181731
1309.184,2.1176991
1309.77,2.1172252
1310.356,2.1167517
1310.942,2.1162784
1311.528,2.1158056
1312.114,2.1153331
1312.7,2.1148608
1313.286,2.1143889
1313.872,2.1139174
1314.458,2.113446
1315.044,2.1129751
1315.63,2.1125045
1316.216,2.1120341
1316.802,2.1115639
1317.388,2.1110942
1317.974,2.110625
1318.56,2.1101558
1319.146,2.1096871
1319.732,2.1092186
1320.318,2.1087506
1320.904,2.1082828
1321.49,2.1078153
1322.076,2.107348
1322.662,2.1068811
1323.248,2.1064146
1323.834,2.1059484
1324.42,2.1054823
1325.006,2.1050169
1325.592,2.1045516
1326.178,2.1040864
1326.764,2.1036217
1327.35,2.1031575
1327.936,2.1026933
1328.522,2.1022296
1329.108,2.1017661
1329.694,2.1013031
1330.28,2.1008401
1330.866,2.1003776
1331.452,2.0999155
1332.038,2.0994534
1332.624,2.0989919
1333.21,2.0985308
1333.796,2.0980697
1334.382,2.097609
1334.968,2.0971487
1335.554,2.0966885
1336.14,2.0962286
1336.726,2.0957692
1337.312,2.0953102
1337.898,2.0948513
1338.484,2.0943928
1339.07,2.0939343
1339.656,2.0934765
1340.242,2.0930188
1340.828,2.0925615
1341.414,2.0921044
1342,2.0916476
1342.586,2.0911911
1343.172,2.090735
1343.758,2.0902793
1344.344,2.0898237
1344.93,2.0893683
1345.516,2.0889134
1346.102,2.0884588
1346.688,2.0880046
1347.274,2.0875504
1347.86,2.0870967
1348.446,2.0866432
1349.032,2.0861902
1349.618,2.0857372
1350.204,2.0852847
1350.79,2.0848324
1351.376,2.0843804
1351.962,2.0839288
1352.548,2.0834775
1353.134,2.0830264
1353.72,2.0825756
1354.306,2.0821252
1354.892,2.0816748
1355.478,2.0812249
1356.064,2.0807753
1356.65,2.0803258
1357.236,2.0798764
1357.822,2.0794275
1358.408,2.0789788
1358.994,2.0785303
1359.58,2.0780823
1360.166,2.0776343
1360.752,2.0771868
1361.338,2.0767395
1361.924,2.0762925
1362.51,2.075846
1363.096,2.0753994
1363.682,2.0749533
1364.268,2.0745075
1364.854,2.0740621
1365.44,2.0736167
1366.026,2.0731719
1366.612,2.0727272
1367.198,2.0722828
1367.784,2.0718386
1368.37,2.0713949
1368.956,2.0709512
1369.542,2.070508
1370.128,2.070065
1370.714,2.0696225
1371.3,2.06918
1371.886,2.068738
1372.472,2.0682962
1373.058,2.0678546
1373.644,2.0674136
1374.23,2.0669725
1374.816,2.0665319
1375.402,2.0660915
1375.988,2.0656514
1376.574,2.0652115
1377.16,2.0647719
1377.746,2.0643327
1378.332,2.0638938
1378.918,2.0634551
1379.504,2.0630167
1380.09,2.0625784
1380.676,2.0621407
1381.262,2.0617032
1381.848,2.0612659
1382.434,2.0608289
1383.02,2.0603921
1383.606,2.0599556
1384.192,2.0595195
1384.778,2.0590837
1385.364,2.0586479
1385.95,2.0582125
1386.536,2.0577776
1387.122,2.0573428
1387.708,2.0569081
1388.294,2.056474
1388.88,2.05604
1389.466,2.0556064
1390.052,2.0551729
1390.638,2.05474
1391.224,2.054307
1391.81,2.0538745
1392.396,2.0534422
1392.982,2.0530102
1393.568,2.0525784
1394.154,2.0521469
1394.74,2.0517156
1395.326,2.0512848
1395.912,2.050854
1396.498,2.0504236
1397.084,2.0499935
1397.67,2.0495636
1398.256,2.0491343
1398.842,2.0487049
1399.428,2.0482757
1400.014,2.047847
1400.6,2.0474186
1401.186,2.0469904
1401.772,2.0465624
1402.358,2.0461347
1402.944,2.0457072
1403.53,2.0452802
1404.116,2.0448534
1404.702,2.0444267
1405.288,2.0440004
1405.874,2.0435743
1406.46,2.0431485
1407.046,2.0427229
1407.632,2.0422978
1408.218,2.0418727
1408.804,2.0414481
1409.39,2.0410235
1409.976,2.0405993
1410.562,2.0401754
1411.148,2.0397518
1411.734,2.0393283
1412.32,2.0389051
1412.906,2.0384822
1413.492,2.0380597
1414.078,2.0376372
1414.664,2.0372152
1415.25,2.0367935
1415.836,2.0363719
1416.422,2.0359507
1417.008,2.0355296
1417.594,2.0351088
1418.18,2.0346882
1418.766,2.0342681
1419.352,2.033848
1419.938,2.0334284
1420.524,2.0330088
1421.11,2.0325897
1421.696,2.0321708
1422.282,2.0317521
1422.868,2.0313337
1423.454,2.0309155
1424.04,2.0304976
1424.626,2.0300798
1425.212,2.0296626
1425.798,2.0292454
1426.384,2.0288286
1426.97,2.0284119
1427.556,2.0279956
1428.142,2.0275793
1428.728,2.0271635
1429.314,2.0267479
1429.9,2.0263326
1430.486,2.0259175
1431.072,2.0255029
1431.658,2.0250883
1432.244,2.0246739
1432.83,2.0242598
1433.416,2.0238461
1434.002,2.0234325
1434.588,2.0230193
1435.174,2.0226061
1435.76,2.0221934
1436.346,2.021781
1436.932,2.0213687
1437.518,2.0209565
1438.104,2.0205448
1438.69,2.0201333
1439.276,2.019722
1439.862,2.0193112
1440.448,2.0189004
1441.034,2.0184898
1441.62,2.0180795
1442.206,2.0176694
1442.792,2.0172598
1443.378,2.0168502
1443.964,2.0164411
1444.55,2.016032
1445.136,2.0156233
1445.722,2.0152147
1446.308,2.0148065
1446.894,2.0143986
1447.48,2.0139909
1448.066,2.0135832
1448.652,2.013176
1449.238,2.012769
1449.824,2.0123622
1450.41,2.0119557
1450.996,2.0115495
1451.582,2.0111434
1452.168,2.0107377
1452.754,2.0103321
1453.34,2.0099268
1453.926,2.0095217
1454.512,2.0091169
1455.098,2.0087125
1455.684,2.0083082
1456.27,2.0079041
1456.856,2.0075002
1457.442,2.0070965
1458.028,2.0066934
1458.614,2.0062902
1459.2,2.0058873
1459.786,2.0054848
1460.372,2.0050824
1460.958,2.0046804
1461.544,2.0042784
1462.13,2.0038769
1462.716,2.0034754
1463.302,2.0030744
1463.888,2.0026734
1464.474,2.0022728
1465.06,2.0018723
1465.646,2.0014722
1466.232,2.0010722
1466.818,2.0006726
1467.404,2.000273
1467.99,1.9998738
1468.576,1.9994748
1469.162,1.9990761
1469.748,1.9986776
1470.334,1.9982793
1470.92,1.9978813
1471.506,1.9974835
1472.092,1.997086
1472.678,1.9966886
1473.264,1.9962915
1473.85,1.9958948
1474.436,1.9954981
1475.022,1.9951017
1475.608,1.9947057
1476.194,1.9943098
1476.78,1.9939139
1477.366,1.9935184
1477.952,1.9931229
1478.538,1.9927279
1479.124,1.9923331
1479.71,1.9919384
1480.296,1.9915439
1480.882,1.9911498
1481.468,1.9907558
1482.054,1.9903622
1482.64,1.9899687
1483.226,1.9895754
1483.812,1.9891825
1484.398,1.9887896
1484.984,1.9883971
1485.57,1.9880048
1486.156,1.9876127
1486.742,1.9872209
1487.328,1.9868293
1487.914,1.9864379
1488.5,1.9860468
1489.086,1.9856558
1489.672,1.9852651
1490.258,1.9848747
1490.844,1.9844844
1491.43,1.9840945
1492.016,1.9837048
1492.602,1.9833152
1493.188,1.9829259
1493.774,1.9825368
1494.36,1.9821481
1494.946,1.9817594
1495.532,1.981371
1496.118,1.9809828
1496.704,1.980595
1497.29,1.9802072
1497.876,1.9798198
1498.462,1.9794326
1499.048,1.9790455
1499.634,1.9786588
1500.22,1.9782721
1500.806,1.9778858
1501.392,1.9774997
1501.978,1.977114
1502.564,1.9767282
1503.15,1.9763428
1503.736,1.9759576
1504.322,1.9755727
1504.908,1.9751879
1505.494,1.9748033
1506.08,1.974419
1506.666,1.974035
1507.252,1.9736512
1507.838,1.9732676
1508.424,1.9728842
1509.01,1.9725009
1509.596,1.972118
1510.182,1.9717354
1510.768,1.9713528
1511.354,1.9709706
1511.94,1.9705884
1512.526,1.9702066
1513.112,1.969825
1513.698,1.9694436
1514.284,1.9690626
1514.87,1.9686815
1515.456,1.9683008
1516.042,1.9679203
1516.628,1.96754
1517.214,1.96716
1517.8,1.9667801
1518.386,1.9664005
1518.972,1.9660211
1519.558,1.9656419
1520.144,1.965263
1520.73,1.9648842
1521.316,1.9645057
1521.902,1.9641274
1522.488,1.9637493
1523.074,1.9633714
1523.66,1.9629937
1524.246,1.9626163
1524.832,1.9622391
1525.418,1.9618622
1526.004,1.9614854
1526.59,1.9611088
1527.176,1.9607325
1527.762,1.9603564
1528.348,1.9599805
1528.934,1.9596047
1529.52,1.9592294
1530.106,1.9588541
1530.692,1.958479
1531.278,1.9581041
1531.864,1.9577296
1532.45,1.9573551
1533.036,1.9569809
1533.622,1.956607
1534.208,1.9562333
1534.794,1.9558598
1535.38,1.9554864
1535.966,1.9551133
1536.552,1.9547404
1537.138,1.9543678
1537.724,1.9539953
1538.31,1.9536231
1538.896,1.953251
1539.482,1.9528792
1540.068,1.9525075
1540.654,1.9521362
1541.24,1.9517649
1541.826,1.951394
1542.412,1.9510232
1542.998,1.9506527
1543.584,1.9502823
1544.17,1.9499122
1544.756,1.9495423
1545.342,1.9491725
1545.928,1.9488031
1546.514,1.9484338
1547.1,1.9480647
1547.686,1.9476959
1548.272,1.9473271
1548.858,1.9469588
1549.444,1.9465904
1550.03,1.9462224
1550.616,1.9458547
1551.202,1.945487
1551.788,1.9451196
1552.374,1.9447525
1552.96,1.9443854
1553.546,1.9440186
1554.132,1.943652
1554.718,1.9432857
1555.304,1.9429196
1555.89,1.9425536
1556.476,1.9421879
1557.062,1.9418223
1557.648,1.941457
1558.234,1.9410919
1558.82,1.940727
1559.406,1.9403622
1559.992,1.9399978
1560.578,1.9396335
1561.164,1.9392693
1561.75,1.9389055
1562.336,1.9385418
1562.922,1.9381783
1563.508,1.9378151
1564.094,1.937452
1564.68,1.9370891
1565.266,1.9367265
1565.852,1.9363639
1566.438,1.9360017
1567.024,1.9356397
1567.61,1.9352778
1568.196,1.9349163
1568.782,1.9345547
1569.368,1.9341935
1569.954,1.9338325
1570.54,1.9334717
1571.126,1.933111
1571.712,1.9327506
1572.298,1.9323903
1572.884,1.9320303
1573.47,1.9316705
1574.056,1.9313109
1574.642,1.9309515
1575.228,1.9305922
1575.814,1.9302332
1576.4,1.9298744
1576.986,1.9295157
1577.572,1.9291574
1578.158,1.9287992
1578.744,1.9284412
1579.33,1.9280833
1579.916,1.9277257
1580.502,1.9273682
1581.088,1.927011
1581.674,1.926654
1582.26,1.9262972
1582.846,1.9259405
1583.432,1.9255841
1584.018,1.9252279
1584.604,1.9248718
1585.19,1.924516
1585.776,1.9241604
1586.362,1.9238049
1586.948,1.9234496
1587.534,1.9230946
1588.12,1.9227397
1588.706,1.9223851
1589.292,1.9220307
1589.878,1.9216764
1590.464,1.9213223
1591.05,1.9209684
1591.636,1.9206148
1592.222,1.9202613
1592.808,1.919908
1593.394,1.9195549
1593.98,1.9192021
1594.566,1.9188493
1595.152,1.9184968
1595.738,1.9181446
1596.324,1.9177924
1596.91,1.9174405
1597.496,1.9170887
1598.082,1.9167372
1598.668,1.9163859
1599.254,1.9160347
1599.84,1.9156837
1600.426,1.915333
1601.012,1.9149824
1601.598,1.9146321
1602.184,1.9142818
1602.77,1.9139318
1603.356,1.9135821
1603.942,1.9132324
1604.528,1.912883
1605.114,1.9125339
1605.7,1.9121848
1606.286,1.9118359
1606.872,1.9114873
1607.458,1.9111389
1608.044,1.9107906
1608.63,1.9104425
1609.216,1.9100946
1609.802,1.9097469
1610.388,1.9093994
1610.974,1.909052
1611.56,1.9087049
1612.146,1.908358
1612.732,1.9080112
1613.318,1.9076647
1613.904,1.9073184
1614.49,1.9069722
1615.076,1.9066261
1615.662,1.9062803
1616.248,1.9059347
1616.834,1.9055892
1617.42,1.905244
1618.006,1.904899
1618.592,1.9045541
1619.178,1.9042094
1619.764,1.9038649
1620.35,1.9035206
1620.936,1.9031764
1621.522,1.9028325
1622.108,1.9024888
1622.694,1.9021453
1623.28,1.9018018
1623.866,1.9014586
1624.452,1.9011157
1625.038,1.9007728
1625.624,1.9004302
1626.21,1.9000878
1626.796,1.8997455
1627.382,1.8994035
1627.968,1.8990616
1628.554,1.8987198
1629.14,1.8983784
1629.726,1.898037
1630.312,1.8976958
1630.898,1.8973548
1631.484,1.897014
1632.07,1.8966734
1632.656,1.896333
1633.242,1.8959928
1633.828,1.8956528
1634.414,1.8953128
1635,1.8949732
1635.586,1.8946337
1636.172,1.8942943
1636.758,1.8939552
1637.344,1.8936162
1637.93,1.8932774
1638.516,1.8929389
1639.102,1.8926004
1639.688,1.8922622
1640.274,1.8919241
1640.86,1.8915863
1641.446,1.8912486
1642.032,1.8909111
1642.618,1.8905737
1643.204,1.8902366
1643.79,1.8898996
1644.376,1.8895628
1644.962,1.8892263
1645.548,1.8888898
1646.134,1.8885536
1646.72,1.8882176
1647.306,1.8878816
1647.892,1.8875459
1648.478,1.8872104
1649.064,1.886875
1649.65,1.8865399
1650.236,1.8862048
1650.822,1.88587
1651.408,1.8855355
1651.994,1.885201
1652.58,1.8848667
1653.166,1.8845326
1653.752,1.8841987
1654.338,1.8838649
1654.924,1.8835313
1655.51,1.8831979
1656.096,1.8828647
1656.682,1.8825316
1657.268,1.8821988
1657.854,1.8818661
1658.44,1.8815336
1659.026,1.8812013
1659.612,1.8808692
1660.198,1.8805372
1660.784,1.8802054
1661.37,1.8798738
1661.956,1.8795422
1662.542,1.8792109
1663.128,1.8788798
1663.714,1.878549
1664.3,1.8782182
1664.886,1.8778876
1665.472,1.8775572
1666.058,1.8772269
1666.644,1.876897
1667.23,1.876567
1667.816,1.8762373
1668.402,1.8759078
1668.988,1.8755784
1669.574,1.8752493
1670.16,1.8749202
1670.746,1.8745914
1671.332,1.8742627
1671.918,1.8739341
1672.504,1.8736058
1673.09,1.8732777
1673.676,1.8729497
1674.262,1.8726219
1674.848,1.8722943
1675.434,1.8719668
1676.02,1.8716395
1676.606,1.8713124
1677.192,1.8709855
1677.778,1.8706586
1678.364,1.8703321
1678.95,1.8700056
1679.536,1.8696793
1680.122,1.8693533
1680.708,1.8690274
1681.294,1.8687016
1681.88,1.868376
1682.466,1.8680506
1683.052,1.8677254
1683.638,1.8674003
1684.224,1.8670753
1684.81,1.8667506
1685.396,1.8664261
1685.982,1.8661017
1686.568,1.8657775
1687.154,1.8654534
1687.74,1.8651295
1688.326,1.8648058
1688.912,1.8644823
1689.498,1.8641589
1690.084,1.8638356
1690.67,1.8635126
1691.256,1.8631897
1691.842,1.862867
1692.428,1.8625444
1693.014,1.8622221
1693.6,1.8618999
1694.186,1.8615779
1694.772,1.861256
1695.358,1.8609343
1695.944,1.8606128
1696.53,1.8602914
1697.116,1.8599701
1697.702,1.8596491
1698.288,1.8593283
1698.874,1.8590075
1699.46,1.8586869
1700.046,1.8583666
1700.632,1.8580464
1701.218,1.8577263
1701.804,1.8574064
1702.39,1.8570867
1702.976,1.8567672
1703.562,1.8564478
1704.148,1.8561286
1704.734,1.8558095
1705.32,1.8554906
1705.906,1.8551719
1706.492,1.8548533
1707.078,1.8545349
1707.664,1.8542167
1708.25,1.8538986
1708.836,1.8535807
1709.422,1.8532629
1710.008,1.8529453
1710.594,1.8526279
1711.18,1.8523107
1711.766,1.8519936
1712.352,1.8516767
1712.938,1.8513598
1713.524,1.8510432
1714.11,1.8507268
1714.696,1.8504106
1715.282,1.8500944
1715.868,1.8497785
1716.454,1.8494627
1717.04,1.849147
1717.626,1.8488315
1718.212,1.8485162
1718.798,1.848201
1719.384,1.8478861
1719.97,1.8475713
1720.556,1.8472565
1721.142,1.8469421
1721.728,1.8466277
1722.314,1.8463136
1722.9,1.8459996
1723.486,1.8456857
1724.072,1.845372
1724.658,1.8450584
1725.244,1.844745
1725.83,1.8444318
1726.416,1.8441187
1727.002,1.8438059
1727.588,1.8434931
1728.174,1.8431805
1728.76,1.8428681
1729.346,1.8425558
1729.932,1.8422437
1730.518,1.8419317
1731.104,1.84162
1731.69,1.8413084
1732.276,1.8409969
1732.862,1.8406855
1733.448,1.8403744
1734.034,1.8400633
1734.62,1.8397524
1735.206,1.8394418
1735.792,1.8391312
1736.378,1.8388208
1736.964,1.8385106
1737.55,1.8382006
1738.136,1.8378906
1738.722,1.8375809
1739.308,1.8372713
1739.894,1.8369619
1740.48,1.8366526
1741.066,1.8363435
1741.652,1.8360345
1742.238,1.8357257
1742.824,1.835417
1743.41,1.8351085
1743.996,1.8348001
1744.582,1.834492
1745.168,1.8341839
1745.754,1.8338761
1746.34,1.8335683
1746.926,1.8332608
1747.512,1.8329533
1748.098,1.8326461
1748.684,1.8323389
1749.27,1.8320321
1749.856,1.8317252
1750.442,1.8314186
1751.028,1.8311121
1751.614,1.8308058
1752.2,1.8304995
1752.786,1.8301935
1753.372,1.8298876
1753.958,1.829582
1754.544,1.8292764
1755.13,1.8289709
1755.716,1.8286656
1756.302,1.8283606
1756.888,1.8280556
1757.474,1.8277508
1758.06,1.8274461
1758.646,1.8271416
1759.232,1.8268373
1759.818,1.8265331
1760.404,1.826229
1760.99,1.8259251
1761.576,1.8256214
1762.162,1.8253179
1762.748,1.8250144
1763.334,1.8247111
1763.92,1.8244079
1764.506,1.824105
1765.092,1.8238021
1765.678,1.8234994
1766.264,1.8231969
1766.85,1.8228946
1767.436,1.8225923
1768.022,1.8222902
1768.608,1.8219882
1769.194,1.8216865
1769.78,1.8213849
1770.366,1.8210834
1770.952,1.8207821
1771.538,1.8204808
1772.124,1.8201798
1772.71,1.8198789
1773.296,1.8195782
1773.882,1.8192775
1774.468,1.8189771
1775.054,1.8186768
1775.64,1.8183767
1776.226,1.8180767
1776.812,1.8177769
1777.398,1.8174772
1777.984,1.8171777
1778.57,1.8168782
1779.156,1.816579
1779.742,1.8162799
1780.328,1.8159809
1780.914,1.8156821
1781.5,1.8153834
1782.086,1.8150849
1782.672,1.8147866
1783.258,1.8144883
1783.844,1.8141903
1784.43,1.8138924
1785.016,1.8135946
1785.602,1.8132969
1786.188,1.8129994
1786.774,1.8127021
1787.36,1.8124049
1787.946,1.8121078
1788.532,1.811811
1789.118,1.8115141
1789.704,1.8112175
1790.29,1.8109211
1790.876,1.8106247
1791.462,1.8103286
1792.048,1.8100325
1792.634,1.8097366
1793.22,1.809441
1793.806,1.8091453
1794.392,1.8088499
1794.978,1.8085545
1795.564,1.8082594
1796.15,1.8079643
1796.736,1.8076695
1797.322,1.8073747
1797.908,1.8070801
1798.494,1.8067857
1799.08,1.8064915
1799.666,1.8061973
1800.252,1.8059033
1800.838,1.8056095
1801.424,1.8053157
1802.01,1.8050221
1802.596,1.8047287
1803.182,1.8044354
1803.768,1.8041422
1804.354,1.8038492
1804.94,1.8035563
1805.526,1.8032637
1806.112,1.8029711
1806.698,1.8026786
1807.284,1.8023863
1807.87,1.8020942
1808.456,1.8018022
1809.042,1.8015103
1809.628,1.8012186
1810.214,1.8009269
1810.8,1.8006356
1811.386,1.8003442
1811.972,1.8000531
1812.558,1.799762
1813.144,1.7994711
1813.73,1.7991804
1814.316,1.7988899
1814.902,1.7985994
1815.488,1.7983091
1816.074,1.7980189
1816.66,1.7977289
1817.246,1.797439
1817.832,1.7971492
1818.418,1.7968595
1819.004,1.7965701
1819.59,1.7962807
1820.176,1.7959915
1820.762,1.7957025
1821.348,1.7954136
1821.934,1.7951248
1822.52,1.7948362
1823.106,1.7945477
1823.692,1.7942593
1824.278,1.7939711
1824.864,1.7936831
1825.45,1.793395
1826.036,1.7931073
1826.622,1.7928196
1827.208,1.7925321
1827.794,1.7922447
1828.38,1.7919574
1828.966,1.7916703
1829.552,1.7913833
1830.138,1.7910964
1830.724,1.7908098
1831.31,1.7905232
1831.896,1.7902368
1832.482,1.7899505
1833.068,1.7896644
1833.654,1.7893783
1834.24,1.7890924
1834.826,1.7888067
1835.412,1.7885212
1835.998,1.7882357
1836.584,1.7879503
1837.17,1.7876651
1837.756,1.7873801
1838.342,1.7870952
1838.928,1.7868104
1839.514,1.7865257
1840.1,1.7862412
1840.686,1.7859569
1841.272,1.7856725
1841.858,1.7853885
1842.444,1.7851045
1843.03,1.7848207
1843.616,1.784537
1844.202,1.7842534
1844.788,1.78397
1845.374,1.7836866
1845.96,1.7834035
1846.546,1.7831205
1847.132,1.7828376
1847.718,1.7825549
1848.304,1.7822722
1848.89,1.7819898
1849.476,1.7817074
1850.062,1.7814252
1850.648,1.7811431
1851.234,1.7808611
1851.82,1.7805793
1852.406,1.7802976
1852.992,1.7800161
1853.578,1.7797347
1854.164,1.7794534
1854.75,1.7791722
1855.336,1.7788912
1855.922,1.7786103
1856.508,1.7783296
1857.094,1.778049
1857.68,1.7777685
1858.266,1.7774882
1858.852,1.777208
1859.438,1.7769278
1860.024,1.7766479
1860.61,1.7763681
1861.196,1.7760885
1861.782,1.7758088
1862.368,1.7755294
1862.954,1.7752501
1863.54,1.774971
1864.126,1.7746919
1864.712,1.774413
1865.298,1.7741343
1865.884,1.7738556
1866.47,1.7735771
1867.056,1.7732987
1867.642,1.7730205
1868.228,1.7727424
1868.814,1.7724644
1869.4,1.7721866
1869.986,1.7719089
1870.572,1.7716312
1871.158,1.7713538
1871.744,1.7710764
1872.33,1.7707993
1872.916,1.7705222
1873.502,1.7702453
1874.088,1.7699685
1874.674,1.7696918
1875.26,1.7694153
1875.846,1.7691388
1876.432,1.7688625
1877.018,1.7685864
1877.604,1.7683103
1878.19,1.7680345
1878.776,1.7677587
1879.362,1.767483
1879.948,1.7672075
1880.534,1.7669321
1881.12,1.7666569
1881.706,1.7663817
1882.292,1.7661067
1882.878,1.7658318
1883.464,1.7655572
1884.05,1.7652825
1884.636,1.7650081
1885.222,1.7647337
1885.808,1.7644595
1886.394,1.7641853
1886.98,1.7639114
1887.566,1.7636375
1888.152,1.7633638
1888.738,1.7630903
1889.324,1.7628168
1889.91,1.7625434
1890.496,1.7622702
1891.082,1.7619971
1891.668,1.7617242
1892.254,1.7614514
1892.84,1.7611786
1893.426,1.7609061
1894.012,1.7606336
1894.598,1.7603613
1895.184,1.760089
1895.77,1.759817
1896.356,1.7595451
1896.942,1.7592733
1897.528,1.7590016
1898.114,1.7587301
1898.7,1.7584586
1899.286,1.7581873
1899.872,1.7579161
1900.458,1.757645
1901.044,1.757374
1901.63,1.7571032
1902.216,1.7568326
1902.802,1.756562
1903.388,1.7562915
1903.974,1.7560213
1904.56,1.755751
1905.146,1.755481
1905.732,1.7552111
1906.318,1.7549412
1906.904,1.7546716
1907.49,1.7544019
1908.076,1.7541325
1908.662,1.7538632
1909.248,1.753594
1909.834,1.753325
1910.42,1.753056
1911.006,1.7527872
1911.592,1.7525185
1912.178,1.75225
1912.764,1.7519815
1913.35,1.7517132
1913.936,1.7514449
1914.522,1.7511768
1915.108,1.750909
1915.694,1.7506411
1916.28,1.7503734
1916.866,1.7501059
1917.452,1.7498384
1918.038,1.749571
1918.624,1.7493038
1919.21,1.7490367
1919.796,1.7487698
1920.382,1.7485029
1920.968,1.7482361
1921.554,1.7479695
1922.14,1.747703
1922.726,1.7474366
1923.312,1.7471703
1923.898,1.7469043
1924.484,1.7466383
1925.07,1.7463725
1925.656,1.7461066
1926.242,1.745841
1926.828,1.7455754
1927.414,1.7453101
1928,1.7450448
1928.586,1.7447797
1929.172,1.7445146
1929.758,1.7442497
1930.344,1.7439849
1930.93,1.7437203
1931.516,1.7434558
1932.102,1.7431914
1932.688,1.742927
1933.274,1.7426628
1933.86,1.7423987
1934.446,1.7421348
1935.032,1.741871
1935.618,1.7416073
1936.204,1.7413437
1936.79,1.7410802
1937.376,1.7408168
1937.962,1.7405536
1938.548,1.7402905
1939.134,1.7400275
1939.72,1.7397647
1940.306,1.7395018
1940.892,1.7392393
1941.478,1.7389767
1942.064,1.7387143
1942.65,1.7384521
1943.236,1.7381899
1943.822,1.7379279
1944.408,1.737666
1944.994,1.7374042
1945.58,1.7371426
1946.166,1.7368809
1946.752,1.7366195
1947.338,1.7363582
1947.924,1.736097
1948.51,1.7358359
1949.096,1.735575
1949.682,1.735314
1950.268,1.7350533
1950.854,1.7347927
1951.44,1.7345322
1952.026,1.7342718
1952.612,1.7340115
1953.198,1.7337514
1953.784,1.7334913
1954.37,1.7332314
1954.956,1.7329717
1955.542,1.7327119
1956.128,1.7324524
1956.714,1.732193
1957.3,1.7319336
1957.886,1.7316743
1958.472,1.7314153
1959.058,1.7311563
1959.644,1.7308974
1960.23,1.7306386
1960.816,1.7303801
1961.402,1.7301215
1961.988,1.7298632
1962.574,1.7296048
1963.16,1.7293466
1963.746,1.7290887
1964.332,1.7288307
1964.918,1.7285728
1965.504,1.7283151
1966.09,1.7280575
1966.676,1.7278001
1967.262,1.7275428
1967.848,1.7272855
1968.434,1.7270284
1969.02,1.7267712
1969.606,1.7265145
1970.192,1.7262577
1970.778,1.7260009
1971.364,1.7257444
1971.95,1.7254879
1972.536,1.7252316
1973.122,1.7249755
1973.708,1.7247193
1974.294,1.7244633
1974.88,1.7242074
1975.466,1.7239517
1976.052,1.7236961
1976.638,1.7234405
1977.224,1.7231851
1977.81,1.7229297
1978.396,1.7226746
1978.982,1.7224195
1979.568,1.7221646
1980.154,1.7219096
1980.74,1.721655
1981.326,1.7214004
1981.912,1.7211459
1982.498,1.7208915
1983.084,1.7206372
1983.67,1.7203829
1984.256,1.7201289
1984.842,1.719875
1985.428,1.7196212
1986.014,1.7193674
1986.6,1.7191138
1987.186,1.7188603
1987.772,1.7186069
1988.358,1.7183536
1988.944,1.7181005
1989.53,1.7178475
1990.116,1.7175945
1990.702,1.7173417
1991.288,1.7170891
1991.874,1.7168363
1992.46,1.716584
1993.046,1.7163315
1993.632,1.7160792
1994.218,1.7158271
1994.804,1.7155751
1995.39,1.7153231
1995.976,1.7150713
1996.562,1.7148196
1997.148,1.714568
1997.734,1.7143165
1998.32,1.7140652
1998.906,1.7138139
1999.492,1.7135627
2000.078,1.7133117
2000.664,1.7130607
2001.25,1.7128099
2001.836,1.7125592
2002.422,1.7123086
2003.008,1.7120581
2003.594,1.7118077
2004.18,1.7115575
2004.766,1.7113073
2005.352,1.7110572
2005.938,1.7108073
2006.524,1.7105575
2007.11,1.7103077
2007.696,1.7100581
2008.282,1.7098086
2008.868,1.7095592
2009.454,1.7093099
2010.04,1.7090608
2010.626,1.7088116
2011.212,1.7085627
2011.798,1.7083138
2012.384,1.7080652
2012.97,1.7078165
2013.556,1.7075679
2014.142,1.7073196
2014.728,1.7070713
2015.314,1.7068231
2015.9,1.706575
2016.486,1.706327
2017.072,1.7060791
2017.658,1.7058313
2018.244,1.7055837
2018.83,1.7053361
2019.416,1.7050886
2020.002,1.7048414
2020.588,1.7045941
2021.174,1.704347
2021.76,1.7041
2022.346,1.7038531
2022.932,1.7036062
2023.518,1.7033596
2024.104,1.7031131
2024.69,1.7028666
2025.276,1.7026203
2025.862,1.702374
2026.448,1.7021278
2027.034,1.7018818
2027.62,1.7016358
2028.206,1.70139
2028.792,1.7011442
2029.378,1.7008986
2029.964,1.7006531
2030.55,1.7004077
2031.136,1.7001624
2031.722,1.6999172
2032.308,1.6996722
2032.894,1.6994271
2033.48,1.6991823
2034.066,1.6989375
2034.652,1.6986929
2035.238,1.6984483
2035.824,1.6982039
2036.41,1.6979595
2036.996,1.6977153
2037.582,1.6974711
2038.168,1.6972271
2038.754,1.6969832
2039.34,1.6967394
2039.926,1.6964958
2040.512,1.6962521
2041.098,1.6960086
2041.684,1.6957651
2042.27,1.695522
2042.856,1.6952788
2043.442,1.6950357
2044.028,1.6947926
2044.614,1.6945498
2045.2,1.694307
2045.786,1.6940644
2046.372,1.6938218
2046.958,1.6935794
2047.544,1.693337
2048.13,1.6930947
2048.716,1.6928526
2049.302,1.6926106
2049.888,1.6923687
2050.474,1.6921269
2051.06,1.6918851
2051.646,1.6916435
2052.232,1.691402
2052.818,1.6911606
2053.404,1.6909193
2053.99,1.6906781
2054.576,1.690437
2055.162,1.6901959
2055.748,1.6899551
2056.334,1.6897143
2056.92,1.6894736
2057.506,1.6892331
2058.092,1.6889925
2058.678,1.6887522
2059.264,1.6885118
2059.85,1.6882718
2060.436,1.6880317
2061.022,1.6877917
2061.608,1.6875519
2062.194,1.687312
2062.78,1.6870724
2063.366,1.6868328
2063.952,1.6865933
2064.538,1.686354
2065.124,1.6861148
2065.71,1.6858757
2066.296,1.6856365
2066.882,1.6853976
2067.468,1.6851587
2068.054,1.68492
2068.64,1.6846814
2069.226,1.6844429
2069.812,1.6842045
2070.398,1.683966
2070.984,1.6837279
2071.57,1.6834898
2072.156,1.6832516
2072.742,1.6830138
2073.328,1.682776
2073.914,1.6825382
2074.5,1.6823006
2075.086,1.682063
2075.672,1.6818256
2076.258,1.6815883
2076.844,1.6813511
2077.43,1.681114
2078.016,1.680877
2078.602,1.68064
2079.188,1.6804032
2079.774,1.6801665
2080.36,1.6799299
2080.946,1.6796933
2081.532,1.6794569
2082.118,1.6792207
2082.704,1.6789844
2083.29,1.6787483
2083.876,1.6785122
2084.462,1.6782763
2085.048,1.6780405
2085.634,1.6778048
2086.22,1.6775692
2086.806,1.6773337
2087.392,1.6770983
2087.978,1.6768628
2088.564,1.6766278
2089.15,1.6763926
2089.736,1.6761575
2090.322,1.6759226
2090.908,1.6756878
2091.494,1.6754531
2092.08,1.6752185
2092.666,1.674984
2093.252,1.6747495
2093.838,1.6745151
2094.424,1.674281
2095.01,1.6740468
2095.596,1.6738127
2096.182,1.6735787
2096.768,1.673345
2097.354,1.6731112
2097.94,1.6728777
2098.526,1.672644
2099.112,1.6724106
2099.698,1.6721773
2100.284,1.671944
2100.87,1.6717108
2101.456,1.6714778
2102.042,1.6712449
2102.628,1.6710119
2103.214,1.6707792
2103.8,1.6705465
2104.386,1.670314
2104.972,1.6700815
2105.558,1.6698492
2106.144,1.6696168
2106.73,1.6693847
2107.316,1.6691526
2107.902,1.6689206
2108.488,1.6686888
2109.074,1.668457
2109.66,1.6682253
2110.246,1.6679937
2110.832,1.6677622
2111.418,1.6675308
2112.004,1.6672995
2112.59,1.6670682
2113.176,1.6668372
2113.762,1.6666062
2114.348,1.6663753
2114.934,1.6661444
2115.52,1.6659136
2116.106,1.6656828
2116.692,1.6654521
2117.278,1.6652216
2117.864,1.6649911
2118.45,1.6647607
2119.036,1.6645305
2119.622,1.6643003
2120.208,1.6640702
2120.794,1.6638403
2121.38,1.6636103
2121.966,1.6633805
2122.552,1.6631508
2123.138,1.6629213
2123.724,1.6626918
2124.31,1.6624624
2124.896,1.662233
2125.482,1.6620038
2126.068,1.6617746
2126.654,1.6615456
2127.24,1.6613168
2127.826,1.6610879
2128.412,1.6608591
2128.998,1.6606305
2129.584,1.6604019
2130.17,1.6601734
2130.756,1.659945
2131.342,1.6597167
2131.928,1.6594887
2132.514,1.6592605
2133.1,1.6590325
2133.686,1.6588047
2134.272,1.6585768
2134.858,1.6583492
2135.444,1.6581215
2136.03,1.6578939
2136.616,1.6576666
2137.202,1.6574392
2137.788,1.657212
2138.374,1.6569848
2138.96,1.6567577
2139.546,1.6565309
2140.132,1.656304
2140.718,1.6560771
2141.304,1.6558504
2141.89,1.6556239
2142.476,1.6553974
2143.062,1.655171
2143.648,1.6549447
2144.234,1.6547185
2144.82,1.6544924
2145.406,1.6542664
2145.992,1.6540403
2146.578,1.6538146
2147.164,1.6535888
2147.75,1.6533631
2148.336,1.6531376
2148.922,1.6529121
2149.508,1.6526867
2150.094,1.6524614
2150.68,1.6522362
2151.266,1.6520112
2151.852,1.6517861
2152.438,1.6515611
2153.024,1.6513363
2153.61,1.6511116
2154.196,1.650887
2154.782,1.6506624
2155.368,1.650438
2155.954,1.6502136
2156.54,1.6499894
2157.126,1.6497651
2157.712,1.6495411
2158.298,1.649317
2158.884,1.6490932
2159.47,1.6488693
2160.056,1.6486456
2160.642,1.648422
2161.228,1.6481985
2161.814,1.647975
2162.4,1.6477516
2162.986,1.6475283
2163.572,1.6473051
2164.158,1.6470821
2164.744,1.646859
2165.33,1.6466361
2165.916,1.6464133
2166.502,1.6461906
2167.088,1.645968
2167.674,1.6457454
2168.26,1.645523
2168.846,1.6453006
2169.432,1.6450783
2170.018,1.6448561
2170.604,1.644634
2171.19,1.644412
2171.776,1.6441901
2172.362,1.6439683
2172.948,1.6437466
2173.534,1.6435249
2174.12,1.6433034
2174.706,1.6430819
2175.292,1.6428605
2175.878,1.6426393
2176.464,1.642418
2177.05,1.6421969
2177.636,1.6419759
2178.222,1.641755
2178.808,1.6415342
2179.394,1.6413134
2179.98,1.6410928
2180.566,1.6408722
2181.152,1.6406517
2181.738,1.6404313
2182.324,1.640211
2182.91,1.6399908
2183.496,1.6397706
2184.082,1.6395507
2184.668,1.6393307
2185.254,1.6391109
2185.84,1.6388911
2186.426,1.6386714
2187.012,1.6384518
2187.598,1.6382324
2188.184,1.6380129
2188.77,1.6377935
2189.356,1.6375743
2189.942,1.6373552
2190.528,1.6371361
2191.114,1.6369171
2191.7,1.6366982
2192.286,1.6364794
2192.872,1.6362607
2193.458,1.6360421
2194.044,1.6358236
2194.63,1.6356051
2195.216,1.6353868
2195.802,1.6351686
2196.388,1.6349503
2196.974,1.6347322
2197.56,1.6345142
2198.146,1.6342963
2198.732,1.6340785
2199.318,1.6338607
2199.904,1.633643
2200.49,1.6334255
2201.076,1.633208
2201.662,1.6329906
2202.248,1.6327733
2202.834,1.6325561
2203.42,1.632339
2204.006,1.6321219
2204.592,1.631905
2205.178,1.6316881
2205.764,1.6314713
2206.35,1.6312546
2206.936,1.631038
2207.522,1.6308215
2208.108,1.630605
2208.694,1.6303886
2209.28,1.6301724
2209.866,1.6299562
2210.452,1.6297401
2211.038,1.6295241
2211.624,1.6293082
2212.21,1.6290923
2212.796,1.6288766
2213.382,1.6286609
2213.968,1.6284454
2214.554,1.6282299
2215.14,1.6280144
2215.726,1.6277992
2216.312,1.6275839
2216.898,1.6273687
2217.484,1.6271536
2218.07,1.6269387
2218.656,1.6267238
2219.242,1.626509
2219.828,1.6262943
2220.414,1.6260796
2221,1.6258651
2221.586,1.6256506
2222.172,1.6254362
2222.758,1.625222
2223.344,1.6250077
2223.93,1.6247936
2224.516,1.6245795
2225.102,1.6243656
2225.688,1.6241517
2226.274,1.623938
2226.86,1.6237242
2227.446,1.6235106
2228.032,1.6232971
2228.618,1.6230837
2229.204,1.6228702
2229.79,1.6226571
2230.376,1.6224438
2230.962,1.6222308
2231.548,1.6220177
2232.134,1.6218047
2232.72,1.6215918
2233.306,1.6213791
2233.892,1.6211663
2234.478,1.6209538
2235.064,1.6207412
2235.65,1.6205288
2236.236,1.6203165
2236.822,1.6201042
2237.408,1.619892
2237.994,1.6196799
2238.58,1.6194679
2239.166,1.619256
2239.752,1.6190442
2240.338,1.6188323
2240.924,1.6186206
2241.51,1.618409
2242.096,1.6181976
2242.682,1.6179861
2243.268,1.6177747
2243.854,1.6175635
2244.44,1.6173524
2245.026,1.6171412
2245.612,1.6169301
2246.198,1.6167192
2246.784,1.6165084
2247.37,1.6162976
2247.956,1.616087
2248.542,1.6158763
2249.128,1.6156658
2249.714,1.6154554
2250.3,1.615245
2250.886,1.6150347
2251.472,1.6148245
2252.058,1.6146145
2252.644,1.6144044
2253.23,1.6141944
2253.816,1.6139846
2254.402,1.6137749
2254.988,1.6135651
2255.574,1.6133555
2256.16,1.6131461
2256.746,1.6129365
2257.332,1.6127272
2257.918,1.612518
2258.504,1.6123086
2259.09,1.6120995
2259.676,1.6118906
2260.262,1.6116816
2260.848,1.6114727
2261.434,1.6112639
2262.02,1.6110551
2262.606,1.6108465
2263.192,1.6106379
2263.778,1.6104295
2264.364,1.6102211
2264.95,1.6100128
2265.536,1.6098045
2266.122,1.6095964
2266.708,1.6093884
2267.294,1.6091803
2267.88,1.6089724
2268.466,1.6087646
2269.052,1.6085569
2269.638,1.6083492
2270.224,1.6081417
2270.81,1.6079342
2271.396,1.6077267
2271.982,1.6075194
2272.568,1.6073121
2273.154,1.607105
2273.74,1.606898
2274.326,1.6066909
2274.912,1.6064839
2275.498,1.6062771
2276.084,1.6060703
2276.67,1.6058636
2277.256,1.605657
2277.842,1.6054505
2278.428,1.605244
2279.014,1.6050377
2279.6,1.6048313
2280.186,1.6046251
2280.772,1.604419
2281.358,1.6042129
2281.944,1.604007
2282.53,1.603801
2283.116,1.6035953
2283.702,1.6033895
2284.288,1.6031839
2284.874,1.6029783
2285.46,1.6027728
2286.046,1.6025674
2286.632,1.602362
2287.218,1.6021568
2287.804,1.6019516
2288.39,1.6017466
2288.976,1.6015415
2289.562,1.6013366
2290.148,1.6011317
2290.734,1.6009269
2291.32,1.6007222
2291.906,1.6005176
2292.492,1.6003131
2293.078,1.6001086
2293.664,1.5999042
2294.25,1.5996999
2294.836,1.5994956
2295.422,1.5992914
2296.008,1.5990874
2296.594,1.5988834
2297.18,1.5986794
2297.766,1.5984757
2298.352,1.5982718
2298.938,1.5980682
2299.524,1.5978646
2300.11,1.5976611
2300.696,1.5974576
2301.282,1.5972543
2301.868,1.597051
2302.454,1.5968478
2303.04,1.5966446
2303.626,1.5964416
2304.212,1.5962386
2304.798,1.5960357
2305.384,1.5958329
2305.97,1.5956302
2306.556,1.5954275
2307.142,1.5952249
2307.728,1.5950224
2308.314,1.5948199
2308.9,1.5946176
2309.486,1.5944153
2310.072,1.5942131
2310.658,1.5940109
2311.244,1.593809
2311.83,1.5936069
2312.416,1.5934051
2313.002,1.5932033
2313.588,1.5930016
2314.174,1.5927999
2314.76,1.5925983
2315.346,1.5923967
2315.932,1.5921954
2316.518,1.591994
2317.104,1.5917927
2317.69,1.5915915
2318.276,1.5913905
2318.862,1.5911894
2319.448,1.5909884
2320.034,1.5907875
2320.62,1.5905867
2321.206,1.5903859
2321.792,1.5901853
2322.378,1.5899847
2322.964,1.5897841
2323.55,1.5895838
2324.136,1.5893835
2324.722,1.5891831
2325.308,1.5889829
2325.894,1.5887828
2326.48,1.5885828
2327.066,1.5883827
2327.652,1.5881829
2328.238,1.5879831
2328.824,1.5877833
2329.41,1.5875837
2329.996,1.5873841
2330.582,1.5871845
2331.168,1.5869851
2331.754,1.5867857
2332.34,1.5865865
2332.926,1.5863873
2333.512,1.5861881
2334.098,1.585989
2334.684,1.58579
2335.27,1.5855911
2335.856,1.5853922
2336.442,1.5851935
2337.028,1.5849948
2337.614,1.5847962
2338.2,1.5845976
2338.786,1.5843992
2339.372,1.5842009
2339.958,1.5840025
2340.544,1.5838042
2341.13,1.5836061
2341.716,1.583408
2342.302,1.58321
2342.888,1.5830121
2343.474,1.5828142
2344.06,1.5826163
2344.646,1.5824187
2345.232,1.582221
2345.818,1.5820235
2346.404,1.581826
2346.99,1.5816286
2347.576,1.5814313
2348.162,1.581234
2348.748,1.5810368
2349.334,1.5808396
2349.92,1.5806426
2350.506,1.5804456
2351.092,1.5802487
2351.678,1.5800519
2352.264,1.579855
2352.85,1.5796582
2353.436,1.5794615
2354.022,1.5792648
2354.608,1.5790681
2355.194,1.5788715
2355.78,1.578675
2356.366,1.5784787
2356.952,1.5782824
2357.538,1.5780861
2358.124,1.5778899
2358.71,1.5776938
2359.296,1.5774977
2359.882,1.5773019
2360.468,1.5771059
2361.054,1.5769101
2361.64,1.5767144
2362.226,1.5765188
2362.812,1.5763232
2363.398,1.5761276
2363.984,1.5759323
2364.57,1.5757369
2365.156,1.5755415
2365.742,1.5753462
2366.328,1.5751511
2366.914,1.5749561
2367.5,1.574761
2368.086,1.5745661
2368.672,1.5743713
2369.258,1.5741765
2369.844,1.5739818
2370.43,1.5737871
2371.016,1.5735925
2371.602,1.573398
2372.188,1.5732036
2372.774,1.5730093
2373.36,1.5728149
2373.946,1.5726207
2374.532,1.5724267
2375.118,1.5722326
2375.704,1.5720387
2376.29,1.5718447
2376.876,1.5716509
2377.462,1.571457
2378.048,1.5712633
2378.634,1.5710697
2379.22,1.5708761
2379.806,1.5706826
2380.392,1.5704893
2380.978,1.5702959
2381.564,1.5701027
2382.15,1.5699095
2382.736,1.5697163
2383.322,1.5695232
2383.908,1.5693303
2384.494,1.5691373
2385.08,1.5689445
2385.666,1.5687517
2386.252,1.5685591
2386.838,1.5683664
2387.424,1.5681739
2388.01,1.5679814
2388.596,1.567789
2389.182,1.5675967
2389.768,1.5674044
2390.354,1.5672122
2390.94,1.5670201
2391.526,1.566828
2392.112,1.566636
2392.698,1.566444
2393.284,1.5662522
2393.87,1.5660604
2394.456,1.5658687
2395.042,1.5656772
2395.628,1.5654856
2396.214,1.565294
2396.8,1.5651027
2397.386,1.5649112
2397.972,1.56472
2398.558,1.5645288
2399.144,1.5643376
2399.73,1.5641466
2400.316,1.5639555
2400.902,1.5637647
2401.488,1.5635738
2402.074,1.5633831
2402.66,1.5631924
2403.246,1.5630018
2403.832,1.5628111
2404.418,1.5626206
2405.004,1.5624301
2405.59,1.5622398
2406.176,1.5620495
2406.762,1.5618593
2407.348,1.5616691
2407.934,1.5614791
2408.52,1.5612891
2409.106,1.5610991
2409.692,1.5609092
2410.278,1.5607194
2410.864,1.5605297
2411.45,1.56034
2412.036,1.5601504
2412.622,1.5599608
2413.208,1.5597714
2413.794,1.559582
2414.38,1.5593927
2414.966,1.5592035
2415.552,1.5590143
2416.138,1.5588253
2416.724,1.5586361
2417.31,1.5584471
2417.896,1.5582582
2418.482,1.5580693
2419.068,1.5578806
2419.654,1.5576919
2420.24,1.5575033
2420.826,1.5573148
2421.412,1.5571263
2421.998,1.5569378
2422.584,1.5567495
2423.17,1.5565612
2423.756,1.556373
2424.342,1.5561849
2424.928,1.5559968
2425.514,1.5558088
2426.1,1.5556209
2426.686,1.555433
2427.272,1.5552452
2427.858,1.5550575
2428.444,1.5548698
2429.03,1.5546823
2429.616,1.5544946
2430.202,1.5543072
2430.788,1.5541198
2431.374,1.5539324
2431.96,1.5537453
2432.546,1.553558
2433.132,1.553371
2433.718,1.5531839
2434.304,1.5529969
2434.89,1.55281
2435.476,1.5526232
2436.062,1.5524364
2436.648,1.5522497
2437.234,1.552063
2437.82,1.5518764
2438.406,1.5516899
2438.992,1.5515035
2439.578,1.5513171
2440.164,1.5511308
2440.75,1.5509446
2441.336,1.5507584
2441.922,1.5505723
2442.508,1.5503863
2443.094,1.5502002
2443.68,1.5500144
2444.266,1.5498285
2444.852,1.5496428
2445.438,1.5494571
2446.024,1.5492715
2446.61,1.549086
2447.196,1.5489004
2447.782,1.548715
2448.368,1.5485296
2448.954,1.5483444
2449.54,1.5481591
2450.126,1.547974
2450.712,1.5477889
2451.298,1.5476038
2451.884,1.5474188
2452.47,1.5472339
2453.056,1.5470492
2453.642,1.5468644
2454.228,1.5466797
2454.814,1.5464951
2455.4,1.5463105
2455.986,1.546126
2456.572,1.5459416
2457.158,1.5457572
2457.744,1.5455729
2458.33,1.5453887
2458.916,1.5452045
2459.502,1.5450205
2460.088,1.5448364
2460.674,1.5446525
2461.26,1.5444685
2461.846,1.5442847
2462.432,1.544101
2463.018,1.5439173
2463.604,1.5437336
2464.19,1.54355
2464.776,1.5433666
2465.362,1.5431832
2465.948,1.5429997
2466.534,1.5428165
2467.12,1.5426333
2467.706,1.5424501
2468.292,1.542267
2468.878,1.542084
2469.464,1.541901
2470.05,1.5417181
2470.636,1.5415353
2471.222,1.5413524
2471.808,1.5411698
2472.394,1.5409871
2472.98,1.5408045
2473.566,1.540622
2474.152,1.5404396
2474.738,1.5402572
2475.324,1.5400748
2475.91,1.5398926
2476.496,1.5397104
2477.082,1.5395283
2477.668,1.5393462
2478.254,1.5391643
2478.84,1.5389824
2479.426,1.5388005
2480.012,1.5386187
2480.598,1.5384369
2481.184,1.5382553
2481.77,1.5380737
2482.356,1.5378922
2482.942,1.5377107
2483.528,1.5375292
2484.114,1.5373479
2484.7,1.5371667
2485.286,1.5369854
2485.872,1.5368043
2486.458,1.5366232
2487.044,1.5364422
2487.63,1.5362612
2488.216,1.5360804
2488.802,1.5358995
2489.388,1.5357188
2489.974,1.5355381
2490.56,1.5353575
2491.146,1.5351769
2491.732,1.5349964
2492.318,1.5348159
2492.904,1.5346355
2493.49,1.5344553
2494.076,1.5342749
2494.662,1.5340948
2495.248,1.5339147
2495.834,1.5337347
2496.42,1.5335547
2497.006,1.5333747
2497.592,1.5331949
2498.178,1.5330151
2498.764,1.5328354
2499.35,1.5326557
2499.936,1.5324761
2500.522,1.5322965
2501.108,1.532117
2501.694,1.5319376
2502.28,1.5317583
2502.866,1.531579
2503.452,1.5313997
2504.038,1.5312206
2504.624,1.5310415
2505.21,1.5308625
2505.796,1.5306835
2506.382,1.5305046
2506.968,1.5303258
2507.554,1.530147
2508.14,1.5299683
2508.726,1.5297896
2509.312,1.529611
2509.898,1.5294324
2510.484,1.529254
2511.07,1.5290756
2511.656,1.5288973
2512.242,1.5287189
2512.828,1.5285407
2513.414,1.5283626
2514,1.5281845
2514.586,1.5280064
2515.172,1.5278286
2515.758,1.5276507
2516.344,1.5274729
2516.93,1.527295
2517.516,1.5271173
2518.102,1.5269396
2518.688,1.526762
2519.274,1.5265845
2519.86,1.5264071
2520.446,1.5262297
2521.032,1.5260524
2521.618,1.5258751
2522.204,1.5256979
2522.79,1.5255207
2523.376,1.5253437
2523.962,1.5251666
2524.548,1.5249896
2525.134,1.5248128
2525.72,1.5246359
2526.306,1.5244592
2526.892,1.5242825
2527.478,1.5241058
2528.064,1.5239292
2528.65,1.5237527
2529.236,1.5235763
2529.822,1.5233998
2530.408,1.5232235
2530.994,1.5230472
2531.58,1.522871
2532.166,1.5226948
2532.752,1.5225188
2533.338,1.5223427
2533.924,1.5221667
2534.51,1.5219909
2535.096,1.5218149
2535.682,1.5216392
2536.268,1.5214635
2536.854,1.5212878
2537.44,1.5211122
2538.026,1.5209367
2538.612,1.5207611
2539.198,1.5205858
2539.784,1.5204104
2540.37,1.5202352
2540.956,1.5200599
2541.542,1.5198847
2542.128,1.5197096
2542.714,1.5195346
2543.3,1.5193596
2543.886,1.5191847
2544.472,1.5190098
2545.058,1.5188351
2545.644,1.5186603
2546.23,1.5184857
2546.816,1.518311
2547.402,1.5181364
2547.988,1.5179619
2548.574,1.5177875
2549.16,1.5176131
2549.746,1.5174388
2550.332,1.5172645
2550.918,1.5170903
2551.504,1.5169162
2552.09,1.5167421
2552.676,1.5165681
2553.262,1.5163939
2553.848,1.5162197
2554.434,1.5160457
2555.02,1.5158718
2555.606,1.5156978
2556.192,1.515524
2556.778,1.5153502
2557.364,1.5151765
2557.95,1.5150028
2558.536,1.5148293
2559.122,1.5146557
2559.708,1.5144821
2560.294,1.5143088
2560.88,1.5141354
2561.466,1.5139621
2562.052,1.5137888
2562.638,1.5136157
2563.224,1.5134426
2563.81,1.5132695
2564.396,1.5130966
2564.982,1.5129236
2565.568,1.5127507
2566.154,1.5125779
2566.74,1.512405
2567.326,1.5122324
2567.912,1.5120598
2568.498,1.5118872
2569.084,1.5117147
2569.67,1.5115422
2570.256,1.5113698
2570.842,1.5111974
2571.428,1.5110252
2572.014,1.5108529
2572.6,1.5106808
2573.186,1.5105087
2573.772,1.5103366
2574.358,1.5101646
2574.944,1.5099927
2575.53,1.5098208
2576.116,1.509649
2576.702,1.5094773
2577.288,1.5093056
2577.874,1.5091339
2578.46,1.5089624
2579.046,1.5087909
2579.632,1.5086194
2580.218,1.508448
2580.804,1.5082767
2581.39,1.5081054
2581.976,1.5079341
2582.562,1.5077629
2583.148,1.5075918
2583.734,1.5074208
2584.32,1.5072498
2584.906,1.5070789
2585.492,1.5069081
2586.078,1.5067372
2586.664,1.5065665
2587.25,1.5063958
2587.836,1.5062251
2588.422,1.5060545
2589.008,1.5058841
2589.594,1.5057136
2590.18,1.5055432
2590.766,1.5053729
2591.352,1.5052025
2591.938,1.5050324
2592.524,1.5048622
2593.11,1.5046921
2593.696,1.5045221
2594.282,1.5043521
2594.868,1.5041821
2595.454,1.5040122
2596.04,1.5038424
2596.626,1.5036726
2597.212,1.503503
2597.798,1.5033333
2598.384,1.5031637
2598.97,1.5029942
2599.556,1.5028247
2600.142,1.5026553
2600.728,1.502486
2601.314,1.5023167
2601.9,1.5021474
2602.486,1.5019782
2603.072,1.5018091
2603.658,1.5016401
2604.244,1.501471
2604.83,1.501302
2605.416,1.5011332
2606.002,1.5009643
2606.588,1.5007956
2607.174,1.5006269
2607.76,1.5004581
2608.346,1.5002896
2608.932,1.5001211
2609.518,1.4999526
2610.104,1.4997841
2610.69,1.4996158
2611.276,1.4994473
2611.862,1.4992791
2612.448,1.4991109
2613.034,1.4989429
2613.62,1.4987748
2614.206,1.4986067
2614.792,1.4984387
2615.378,1.4982708
2615.964,1.4981029
2616.55,1.4979352
2617.136,1.4977673
2617.722,1.4975996
2618.308,1.497432
2618.894,1.4972645
2619.48,1.497097
2620.066,1.4969295
2620.652,1.496762
2621.238,1.4965947
2621.824,1.4964274
2622.41,1.4962602
2622.996,1.496093
2623.582,1.4959259
2624.168,1.4957589
2624.754,1.4955918
2625.34,1.4954249
2625.926,1.495258
2626.512,1.4950911
2627.098,1.4949243
2627.684,1.4947577
2628.27,1.494591
2628.856,1.4944243
2629.442,1.4942578
2630.028,1.4940913
2630.614,1.4939249
2631.2,1.4937584
2631.786,1.4935921
2632.372,1.4934258
2632.958,1.4932595
2633.544,1.4930934
2634.13,1.4929273
2634.716,1.4927613
2635.302,1.4925953
2635.888,1.4924294
2636.474,1.4922634
2637.06,1.4920976
2637.646,1.4919318
2638.232,1.4917661
2638.818,1.4916005
2639.404,1.4914348
2639.99,1.4912694
2640.576,1.4911038
2641.162,1.4909384
2641.748,1.490773
2642.334,1.4906076
2642.92,1.4904424
2643.506,1.4902772
2644.092,1.4901121
2644.678,1.489947
2645.264,1.4897819
2645.85,1.4896169
2646.436,1.4894519
2647.022,1.489287
2647.608,1.4891222
2648.194,1.4889574
2648.78,1.4887928
2649.366,1.488628
2649.952,1.4884634
2650.538,1.4882989
2651.124,1.4881344
2651.71,1.48797
2652.296,1.4878056
2652.882,1.4876412
2653.468,1.4874769
2654.054,1.4873128
2654.64,1.4871486
2655.226,1.4869845
2655.812,1.4868205
2656.398,1.4866564
2656.984,1.4864925
2657.57,1.4863286
2658.156,1.4861648
2658.742,1.486001
2659.328,1.4858372
2659.914,1.4856735
2660.5,1.48551
2661.086,1.4853464
2661.672,1.4851829
2662.258,1.4850194
2662.844,1.484856
2663.43,1.4846927
2664.016,1.4845294
2664.602,1.4843662
2665.188,1.484203
2665.774,1.4840399
2666.36,1.4838768
2666.946,1.4837137
2667.532,1.4835508
2668.118,1.4833879
2668.704,1.4832251
2669.29,1.4830623
2669.876,1.4828995
2670.462,1.4827368
2671.048,1.4825741
2671.634,1.4824116
2672.22,1.482249
2672.806,1.4820865
2673.392,1.4819242
2673.978,1.4817618
2674.564,1.4815995
2675.15,1.4814372
2675.736,1.481275
2676.322,1.4811128
2676.908,1.4809507
2677.494,1.4807887
2678.08,1.4806268
2678.666,1.4804648
2679.252,1.4803029
2679.838,1.4801412
2680.424,1.4799794
2681.01,1.4798176
2681.596,1.4796559
2682.182,1.4794943
2682.768,1.4793328
2683.354,1.4791713
2683.94,1.4790099
2684.526,1.4788485
2685.112,1.478687
2685.698,1.4785258
2686.284,1.4783646
2686.87,1.4782034
2687.456,1.4780422
2688.042,1.4778811
2688.628,1.4777201
2689.214,1.4775591
2689.8,1.4773983
2690.386,1.4772373
2690.972,1.4770765
2691.558,1.4769158
2692.144,1.4767551
2692.73,1.4765944
2693.316,1.4764339
2693.902,1.4762733
2694.488,1.4761128
2695.074,1.4759524
2695.66,1.4757921
2696.246,1.4756317
2696.832,1.4754714
2697.418,1.4753112
2698.004,1.4751509
2698.59,1.4749908
2699.176,1.4748307
2699.762,1.4746708
2700.348,1.4745108
2700.934,1.4743509
2701.52,1.4741911
2702.106,1.4740312
2702.692,1.4738715
2703.278,1.4737118
2703.864,1.4735521
2704.45,1.4733926
2705.036,1.473233
2705.622,1.4730735
2706.208,1.4729141
2706.794,1.4727547
2707.38,1.4725953
2707.966,1.4724361
2708.552,1.4722768
2709.138,1.4721177
2709.724,1.4719585
2710.31,1.4717995
2710.896,1.4716405
2711.482,1.4714814
2712.068,1.4713225
2712.654,1.4711637
2713.24,1.4710048
2713.826,1.4708462
2714.412,1.4706874
2714.998,1.4705288
2715.584,1.4703702
2716.17,1.4702116
2716.756,1.4700532
2717.342,1.4698948
2717.928,1.4697363
2718.514,1.469578
2719.1,1.4694197
2719.686,1.4692614
2720.272,1.4691032
2720.858,1.4689451
2721.444,1.4687871
2722.03,1.468629
2722.616,1.4684711
2723.202,1.4683131
2723.788,1.4681553
2724.374,1.4679974
2724.96,1.4678397
2725.546,1.4676819
2726.132,1.4675243
2726.718,1.4673667
2727.304,1.4672091
2727.89,1.4670516
2728.476,1.4668941
2729.062,1.4667367
2729.648,1.4665793
2730.234,1.466422
2730.82,1.4662647
2731.406,1.4661075
2731.992,1.4659505
2732.578,1.4657933
2733.164,1.4656363
2733.75,1.4654793
2734.336,1.4653224
2734.922,1.4651654
2735.508,1.4650085
2736.094,1.4648517
2736.68,1.4646951
2737.266,1.4645383
2737.852,1.4643817
2738.438,1.4642251
2739.024,1.4640684
2739.61,1.4639117
2740.196,1.4637549
2740.782,1.4635983
2741.368,1.4634416
2741.954,1.4632851
2742.54,1.4631286
2743.126,1.4629722
2743.712,1.4628158
2744.298,1.4626595
2744.884,1.4625032
2745.47,1.4623468
2746.056,1.4621907
2746.642,1.4620346
2747.228,1.4618784
2747.814,1.4617224
2748.4,1.4615664
2748.986,1.4614105
2749.572,1.4612546
2750.158,1.4610988
2750.744,1.460943
2751.33,1.4607873
2751.916,1.4606316
2752.502,1.460476
2753.088,1.4603204
2753.674,1.4601649
2754.26,1.4600095
2754.846,1.459854
2755.432,1.4596987
2756.018,1.4595432
2756.604,1.459388
2757.19,1.4592328
2757.776,1.4590777
2758.362,1.4589225
2758.948,1.4587675
2759.534,1.4586126
2760.12,1.4584575
2760.706,1.4583026
2761.292,1.4581478
2761.878,1.4579929
2762.464,1.4578382
2763.05,1.4576834
2763.636,1.4575288
2764.222,1.4573742
2764.808,1.4572197
2765.394,1.4570652
2765.98,1.4569107
2766.566,1.4567564
2767.152,1.456602
2767.738,1.4564477
2768.324,1.4562935
2768.91,1.4561393
2769.496,1.4559851
2770.082,1.4558311
2770.668,1.455677
2771.254,1.455523
2771.84,1.455369
2772.426,1.4552152
2773.012,1.4550613
2773.598,1.4549075
2774.184,1.4547538
2774.77,1.4546001
2775.356,1.4544464
2775.942,1.4542929
2776.528,1.4541394
2777.114,1.4539858
2777.7,1.4538324
2778.286,1.4536791
2778.872,1.4535257
2779.458,1.4533724
2780.044,1.4532192
2780.63,1.453066
2781.216,1.4529128
2781.802,1.4527597
2782.388,1.4526068
2782.974,1.4524537
2783.56,1.4523008
2784.146,1.452148
2784.732,1.4519951
2785.318,1.4518423
2785.904,1.4516896
2786.49,1.4515369
2787.076,1.4513843
2787.662,1.4512317
2788.248,1.4510791
2788.834,1.4509267
2789.42,1.4507742
2790.006,1.4506218
2790.592,1.4504695
2791.178,1.4503171
2791.764,1.450165
2792.35,1.4500128
2792.936,1.4498606
2793.522,1.4497086
2794.108,1.4495565
2794.694,1.4494045
2795.28,1.4492526
2795.866,1.4491006
2796.452,1.4489489
2797.038,1.448797
2797.624,1.4486452
2798.21,1.4484936
2798.796,1.448342
2799.382,1.4481903
2799.968,1.4480388
2800.554,1.4478873
2801.14,1.4477359
2801.726,1.4475844
2802.312,1.4474331
2802.898,1.4472818
2803.484,1.4471306
2804.07,1.4469794
2804.656,1.4468282
2805.242,1.4466771
2805.828,1.4465261
2806.414,1.446375
2807,1.4462241
2807.586,1.4460732
2808.172,1.4459223
2808.758,1.4457715
2809.344,1.4456208
2809.93,1.44547
2810.516,1.4453193
2811.102,1.4451687
2811.688,1.4450182
2812.274,1.4448676
2812.86,1.4447172
2813.446,1.4445667
2814.032,1.4444164
2814.618,1.4442661
2815.204,1.4441158
2815.79,1.4439656
2816.376,1.4438154
2816.962,1.4436653
2817.548,1.4435152
2818.134,1.4433651
2818.72,1.4432151
2819.306,1.4430652
2819.892,1.4429152
2820.478,1.4427655
2821.064,1.4426156
2821.65,1.4424659
2822.236,1.4423162
2822.822,1.4421666
2823.408,1.442017
2823.994,1.4418675
2824.58,1.4417179
2825.166,1.4415684
2825.752,1.441419
2826.338,1.4412696
2826.924,1.4411204
2827.51,1.4409711
2828.096,1.4408219
2828.682,1.4406728
2829.268,1.4405236
2829.854,1.4403745
2830.44,1.4402255
2831.026,1.4400765
2831.612,1.4399276
2832.198,1.4397787
2832.784,1.4396298
2833.37,1.4394811
2833.956,1.4393322
2834.542,1.4391836
2835.128,1.4390349
2835.714,1.4388864
2836.3,1.4387379
2836.886,1.4385893
2837.472,1.4384409
2838.058,1.4382925
2838.644,1.4381442
2839.23,1.4379958
2839.816,1.4378476
2840.402,1.4376993
2840.988,1.4375511
2841.574,1.4374031
2842.16,1.4372549
2842.746,1.437107
2843.332,1.4369589
2843.918,1.4368111
2844.504,1.4366632
2845.09,1.4365153
2845.676,1.4363675
2846.262,1.4362198
2846.848,1.436072
2847.434,1.4359244
2848.02,1.4357768
2848.606,1.4356292
2849.192,1.4354818
2849.778,1.4353343
2850.364,1.4351869
2850.95,1.4350395
2851.536,1.4348922
2852.122,1.4347448
2852.708,1.4345977
2853.294,1.4344505
2853.88,1.4343033
2854.466,1.4341563
2855.052,1.4340092
2855.638,1.4338622
2856.224,1.4337152
2856.81,1.4335682
2857.396,1.4334211
2857.982,1.433274
2858.568,1.4331269
2859.154,1.4329799
2859.74,1.432833
2860.326,1.4326861
2860.912,1.4325392
2861.498,1.4323924
2862.084,1.4322455
2862.67,1.4320987
2863.256,1.4319521
2863.842,1.4318055
2864.428,1.4316589
2865.014,1.4315122
2865.6,1.4313658
2866.186,1.4312193
2866.772,1.4310728
2867.358,1.4309266
2867.944,1.4307802
2868.53,1.4306339
2869.116,1.4304876
2869.702,1.4303415
2870.288,1.4301953
2870.874,1.4300493
2871.46,1.4299031
2872.046,1.4297572
2872.632,1.4296112
2873.218,1.4294653
2873.804,1.4293195
2874.39,1.4291736
2874.976,1.4290278
2875.562,1.4288821
2876.148,1.4287364
2876.734,1.4285908
2877.32,1.4284452
2877.906,1.4282997
2878.492,1.4281542
2879.078,1.4280088
2879.664,1.4278634
2880.25,1.427718
2880.836,1.4275726
2881.422,1.4274274
2882.008,1.4272822
2882.594,1.427137
2883.18,1.4269919
2883.766,1.4268467
2884.352,1.4267018
2884.938,1.4265567
2885.524,1.4264117
2886.11,1.4262669
2886.696,1.4261221
2887.282,1.4259772
2887.868,1.4258325
2888.454,1.4256877
2889.04,1.4255431
2889.626,1.4253985
2890.212,1.4252539
2890.798,1.4251093
2891.384,1.4249648
2891.97,1.4248203
2892.556,1.4246759
2893.142,1.4245316
2893.728,1.4243872
2894.314,1.424243
2894.9,1.4240987
2895.486,1.4239546
2896.072,1.4238105
2896.658,1.4236664
2897.244,1.4235224
2897.83,1.4233783
2898.416,1.4232343
2899.002,1.4230905
2899.588,1.4229466
2900.174,1.4228028
2900.76,1.4226589
2901.346,1.4225153
2901.932,1.4223716
2902.518,1.422228
2903.104,1.4220843
2903.69,1.4219408
2904.276,1.4217973
2904.862,1.4216537
2905.448,1.4215105
2906.034,1.421367
2906.62,1.4212236
2907.206,1.4210805
2907.792,1.4209372
2908.378,1.420794
2908.964,1.4206508
2909.55,1.4205078
2910.136,1.4203646
2910.722,1.4202217
2911.308,1.4200788
2911.894,1.4199357
2912.48,1.4197929
2913.066,1.41965
2913.652,1.4195073
2914.238,1.4193645
2914.824,1.4192218
2915.41,1.4190792
2915.996,1.4189365
2916.582,1.4187939
2917.168,1.4186513
2917.754,1.4185089
2918.34,1.4183664
2918.926,1.4182241
2919.512,1.4180818
2920.098,1.4179394
2920.684,1.4177971
2921.27,1.4176549
2921.856,1.4175128
2922.442,1.4173706
2923.028,1.4172285
2923.614,1.4170865
2924.2,1.4169445
2924.786,1.4168025
2925.372,1.4166607
2925.958,1.4165188
2926.544,1.4163769
2927.13,1.4162351
2927.716,1.4160933
2928.302,1.4159517
2928.888,1.41581
2929.474,1.4156684
2930.06,1.4155269
2930.646,1.4153854
2931.232,1.4152439
2931.818,1.4151025
2932.404,1.4149611
2932.99,1.4148197
2933.576,1.4146785
2934.162,1.4145372
2934.748,1.4143959
2935.334,1.4142548
2935.92,1.4141136
2936.506,1.4139726
2937.092,1.4138315
2937.678,1.4136906
2938.264,1.4135495
2938.85,1.4134086
2939.436,1.4132679
2940.022,1.4131269
2940.608,1.4129862
2941.194,1.4128455
2941.78,1.4127047
2942.366,1.4125642
2942.952,1.4124235
2943.538,1.4122829
2944.124,1.4121424
2944.71,1.412002
2945.296,1.4118615
2945.882,1.4117211
2946.468,1.4115807
2947.054,1.4114404
2947.64,1.4113002
2948.226,1.41116
2948.812,1.4110198
2949.398,1.4108796
2949.984,1.4107395
2950.57,1.4105995
2951.156,1.4104595
2951.742,1.4103196
2952.328,1.4101796
2952.914,1.4100398
2953.5,1.4098998
2954.086,1.4097601
2954.672,1.4096204
2955.258,1.4094806
2955.844,1.409341
2956.43,1.4092014
2957.016,1.4090618
2957.602,1.4089222
2958.188,1.4087827
2958.774,1.4086434
2959.36,1.4085039
2959.946,1.4083645
2960.532,1.4082252
2961.118,1.4080859
2961.704,1.4079467
2962.29,1.4078075
2962.876,1.4076684
2963.462,1.4075292
2964.048,1.4073901
2964.634,1.4072511
2965.22,1.4071121
2965.806,1.4069732
2966.392,1.4068344
2966.978,1.4066955
2967.564,1.4065566
2968.15,1.4064178
2968.736,1.4062791
2969.322,1.4061404
2969.908,1.4060017
2970.494,1.4058632
2971.08,1.4057246
2971.666,1.4055861
2972.252,1.4054476
2972.838,1.4053092
2973.424,1.4051708
2974.01,1.4050324
2974.596,1.4048941
2975.182,1.4047558
2975.768,1.4046175
2976.354,1.4044795
2976.94,1.4043412
2977.526,1.4042032
2978.112,1.4040651
2978.698,1.4039271
2979.284,1.4037892
2979.87,1.4036511
2980.456,1.4035133
2981.042,1.4033755
2981.628,1.4032376
2982.214,1.4030998
2982.8,1.4029622
2983.386,1.4028245
2983.972,1.4026868
2984.558,1.4025493
2985.144,1.4024116
2985.73,1.4022741
2986.316,1.4021367
2986.902,1.4019992
2987.488,1.4018618
2988.074,1.4017245
2988.66,1.4015871
2989.246,1.4014499
2989.832,1.4013127
2990.418,1.4011755
2991.004,1.4010383
2991.59,1.4009012
2992.176,1.4007641
2992.762,1.4006271
2993.348,1.4004902
2993.934,1.4003532
2994.52,1.4002163
2995.106,1.4000795
2995.692,1.3999426
2996.278,1.3998057
2996.864,1.3996686
2997.45,1.3995316
2998.036,1.3993946
2998.622,1.3992579
2999.208,1.399121
2999.794,1.3989842
3000.38,1.3988475
3000.966,1.3987107
3001.552,1.3985741
3002.138,1.3984375
3002.724,1.3983009
3003.31,1.3981643
3003.896,1.3980278
3004.482,1.3978913
3005.068,1.3977549
3005.654,1.3976185
3006.24,1.3974822
3006.826,1.3973459
3007.412,1.3972096
3007.998,1.3970734
3008.584,1.3969373
3009.17,1.3968011
3009.756,1.3966651
3010.342,1.396529
3010.928,1.3963929
3011.514,1.396257
3012.1,1.396121
3012.686,1.3959851
3013.272,1.3958493
3013.858,1.3957136
3014.444,1.3955778
3015.03,1.395442
3015.616,1.3953063
3016.202,1.3951707
3016.788,1.3950351
3017.374,1.3948995
3017.96,1.3947639
3018.546,1.3946285
3019.132,1.394493
3019.718,1.3943577
3020.304,1.3942223
3020.89,1.394087
3021.476,1.3939517
3022.062,1.3938165
3022.648,1.3936812
3023.234,1.393546
3023.82,1.3934109
3024.406,1.3932759
3024.992,1.3931408
3025.578,1.3930058
3026.164,1.3928709
3026.75,1.392736
3027.336,1.392601
3027.922,1.3924662
3028.508,1.3923314
3029.094,1.3921967
3029.68,1.3920618
3030.266,1.3919272
3030.852,1.3917925
3031.438,1.3916581
3032.024,1.3915235
3032.61,1.3913889
3033.196,1.3912544
3033.782,1.39112
3034.368,1.3909856
3034.954,1.3908511
3035.54,1.3907169
3036.126,1.3905826
3036.712,1.3904483
3037.298,1.3903141
3037.884,1.39018
3038.47,1.3900459
3039.056,1.3899118
3039.642,1.3897778
3040.228,1.3896438
3040.814,1.3895098
3041.4,1.3893758
3041.986,1.3892419
3042.572,1.3891081
3043.158,1.3889743
3043.744,1.3888406
3044.33,1.3887068
3044.916,1.3885732
3045.502,1.3884395
3046.088,1.3883059
3046.674,1.3881723
3047.26,1.3880388
3047.846,1.3879054
3048.432,1.3877718
3049.018,1.3876384
3049.604,1.3875051
3050.19,1.3873718
3050.776,1.3872385
3051.362,1.3871052
3051.948,1.386972
3052.534,1.3868388
3053.12,1.3867056
3053.706,1.3865726
3054.292,1.3864396
3054.878,1.3863065
3055.464,1.3861735
3056.05,1.3860406
3056.636,1.3859076
3057.222,1.3857749
3057.808,1.3856419
3058.394,1.3855091
3058.98,1.3853765
3059.566,1.3852438
3060.152,1.3851111
3060.738,1.3849784
3061.324,1.3848459
3061.91,1.3847133
3062.496,1.3845807
3063.082,1.3844483
3063.668,1.3843158
3064.254,1.3841835
3064.84,1.3840512
3065.426,1.3839188
3066.012,1.3837866
3066.598,1.3836542
3067.184,1.3835222
3067.77,1.3833899
3068.356,1.3832579
3068.942,1.3831258
3069.528,1.3829937
3070.114,1.3828616
3070.7,1.3827296
3071.286,1.3825978
3071.872,1.3824658
3072.458,1.382334
3073.044,1.3822023
3073.63,1.3820704
3074.216,1.3819387
3074.802,1.381807
3075.388,1.3816754
3075.974,1.3815438
3076.56,1.3814121
3077.146,1.3812805
3077.732,1.3811491
3078.318,1.3810177
3078.904,1.3808862
3079.49,1.3807548
3080.076,1.3806235
3080.662,1.3804921
3081.248,1.3803608
3081.834,1.3802296
3082.42,1.3800985
3083.006,1.3799673
3083.592,1.3798361
3084.178,1.3797051
3084.764,1.3795741
3085.35,1.3794429
3085.936,1.379312
3086.522,1.379181
3087.108,1.3790503
3087.694,1.3789194
3088.28,1.3787885
3088.866,1.3786577
3089.452,1.378527
3090.038,1.3783963
3090.624,1.3782656
3091.21,1.378135
3091.796,1.3780044
3092.382,1.3778739
3092.968,1.3777434
3093.554,1.3776128
3094.14,1.3774824
3094.726,1.377352
3095.312,1.3772217
3095.898,1.3770913
3096.484,1.376961
3097.07,1.3768308
3097.656,1.3767006
3098.242,1.3765705
3098.828,1.3764403
3099.414,1.3763102
3100,1.3761801
