170,5.859056
170.586,5.8489795
171.172,5.8389549
171.758,5.8289814
172.344,5.8190589
172.93,5.8091869
173.516,5.799365
174.102,5.7895927
174.688,5.77987
175.274,5.770196
175.86,5.7605705
176.446,5.7509923
177.032,5.7414618
177.618,5.7319789
178.204,5.7225423
178.79,5.7131524
179.376,5.7038088
179.962,5.6945105
180.548,5.6852574
181.134,5.6760497
181.72,5.6668868
182.306,5.6577678
182.892,5.6486926
183.478,5.6396613
184.064,5.6306729
184.65,5.6217275
185.236,5.6128244
185.822,5.6039639
186.408,5.5951447
186.994,5.5863671
187.58,5.5776305
188.166,5.5689354
188.752,5.5602803
189.338,5.5516663
189.924,5.5430913
190.51,5.5345564
191.096,5.5260606
191.682,5.5176034
192.268,5.5091858
192.854,5.5008059
193.44,5.4924645
194.026,5.4841609
194.612,5.4758949
195.198,5.4676661
195.784,5.4594741
196.37,5.4513192
196.956,5.4432006
197.542,5.4351182
198.128,5.4270716
198.714,5.4190607
199.3,5.4110847
199.886,5.4031439
200.472,5.3952379
201.058,5.3873668
201.644,5.3795295
202.23,5.3717265
202.816,5.3639579
203.402,5.3562222
203.988,5.3485203
204.574,5.3408513
205.16,5.3332152
205.746,5.3256121
206.332,5.3180413
206.918,5.3105025
207.504,5.3029962
208.09,5.2955213
208.676,5.2880778
209.262,5.2806659
209.848,5.2732849
210.434,5.2659349
211.02,5.258616
211.606,5.251327
212.192,5.2440681
212.778,5.2368398
213.364,5.229641
213.95,5.2224722
214.536,5.2153325
215.122,5.2082219
215.708,5.2011395
216.294,5.1940861
216.88,5.1870618
217.466,5.1800656
218.052,5.1730976
218.638,5.1661577
219.224,5.159246
219.81,5.1523619
220.396,5.145505
220.982,5.1386757
221.568,5.1318736
222.154,5.1250987
222.74,5.11835
223.326,5.1116285
223.912,5.1049333
224.498,5.0982637
225.084,5.0916209
225.67,5.0850039
226.256,5.0784125
226.842,5.071847
227.428,5.0653067
228.014,5.0587916
228.6,5.0523014
229.186,5.045836
229.772,5.0393953
230.358,5.032979
230.944,5.0265875
231.53,5.0202203
232.116,5.0138769
232.702,5.0075574
233.288,5.0012622
233.874,4.9949903
234.46,4.9887424
235.046,4.9825172
235.632,4.976316
236.218,4.9701376
236.804,4.9639821
237.39,4.9578495
237.976,4.9517393
238.562,4.945652
239.148,4.9395871
239.734,4.9335442
240.32,4.9275236
240.906,4.921525
241.492,4.9155483
242.078,4.9095931
242.664,4.9036598
243.25,4.8977475
243.836,4.8918571
244.422,4.8859878
245.008,4.8801394
245.594,4.8743119
246.18,4.868505
246.766,4.8627191
247.352,4.8569541
247.938,4.8512092
248.524,4.8454847
249.11,4.8397803
249.696,4.834096
250.282,4.8284321
250.868,4.8227878
251.454,4.817163
252.04,4.8115578
252.626,4.8059726
253.212,4.8004065
253.798,4.7948594
254.384,4.7893319
254.97,4.7838235
255.556,4.7783341
256.142,4.7728634
256.728,4.7674117
257.314,4.7619781
257.9,4.7565637
258.486,4.7511673
259.072,4.7457891
259.658,4.7404294
260.244,4.7350879
260.83,4.7297645
261.416,4.7244587
262.002,4.7191706
262.588,4.7139006
263.174,4.7086482
263.76,4.703413
264.346,4.6981955
264.932,4.6929951
265.518,4.6878123
266.104,4.6826463
266.69,4.6774979
267.276,4.6723661
267.862,4.6672511
268.448,4.6621528
269.034,4.6570711
269.62,4.6520061
270.206,4.6469579
270.792,4.6419258
271.378,4.6369104
271.964,4.6319108
272.55,4.6269269
273.136,4.6219592
273.722,4.6170077
274.308,4.612072
274.894,4.6071515
275.48,4.6022472
276.066,4.5973587
276.652,4.5924854
277.238,4.5876279
277.824,4.5827856
278.41,4.5779586
278.996,4.5731468
279.582,4.5683503
280.168,4.5635691
280.754,4.5588026
281.34,4.5540509
281.926,4.549314
282.512,4.5445919
283.098,4.539885
283.684,4.5351925
284.27,4.5305142
284.856,4.5258508
285.442,4.5212011
286.028,4.5165663
286.614,4.5119457
287.2,4.507339
287.786,4.5027466
288.372,4.4981685
288.958,4.4936042
289.544,4.4890537
290.13,4.4845166
290.716,4.4799938
291.302,4.4754848
291.888,4.4709892
292.474,4.466507
293.06,4.4620371
293.646,4.4575815
294.232,4.4531388
294.818,4.4487095
295.404,4.4442935
295.99,4.4398904
296.576,4.4355006
297.162,4.4311237
297.748,4.4267597
298.334,4.4224091
298.92,4.4180708
299.506,4.4137454
300.092,4.4094329
300.678,4.4051328
301.264,4.4008455
301.85,4.3965702
302.436,4.3923078
303.022,4.3880577
303.608,4.3838201
304.194,4.3795948
304.78,4.3753815
305.366,4.3711805
305.952,4.366991
306.538,4.3628144
307.124,4.3586493
307.71,4.354496
308.296,4.3503551
308.882,4.3462257
309.468,4.3421082
310.054,4.3380022
310.64,4.3339076
311.226,4.3298244
311.812,4.3257527
312.398,4.3216925
312.984,4.3176436
313.57,4.3136058
314.156,4.3095798
314.742,4.3055649
315.328,4.3015614
315.914,4.2975688
316.5,4.2935872
317.086,4.2896171
317.672,4.2856574
318.258,4.2817092
318.844,4.2777719
319.43,4.2738452
320.016,4.2699294
320.602,4.2660241
321.188,4.2621298
321.774,4.2582459
322.36,4.2543731
322.946,4.2505102
323.532,4.2466583
324.118,4.2428164
324.704,4.2389855
325.29,4.2351646
325.876,4.2313542
326.462,4.2275538
327.048,4.2237639
327.634,4.2199841
328.22,4.2162142
328.806,4.2124548
329.392,4.2087049
329.978,4.2049656
330.564,4.2012358
331.15,4.1975164
331.736,4.1938062
332.322,4.1901064
332.908,4.1864161
333.494,4.1827354
334.08,4.1790648
334.666,4.1754036
335.252,4.171752
335.838,4.1681099
336.424,4.1644773
337.01,4.1608543
337.596,4.1572409
338.182,4.1536365
338.768,4.1500416
339.354,4.1464562
339.94,4.14288
340.526,4.1393132
341.112,4.1357555
341.698,4.1322064
342.284,4.1286669
342.87,4.1251369
343.456,4.1216154
344.042,4.118103
344.628,4.1145997
345.214,4.111105
345.8,4.1076193
346.386,4.1041427
346.972,4.1006746
347.558,4.0972157
348.144,4.0937653
348.73,4.0903234
349.316,4.0868902
349.902,4.0834656
350.488,4.08005
351.074,4.0766425
351.66,4.0732436
352.246,4.0698533
352.832,4.0664716
353.418,4.0630984
354.004,4.0597329
354.59,4.0563765
355.176,4.0530281
355.762,4.0496879
356.348,4.0463562
356.934,4.0430322
357.52,4.0397167
358.106,4.0364094
358.692,4.0331101
359.278,4.029819
359.864,4.026536
360.45,4.0232606
361.036,4.0199938
361.622,4.0167346
362.208,4.0134835
362.794,4.0102396
363.38,4.0070043
363.966,4.0037766
364.552,4.0005569
365.138,3.9973445
365.724,3.9941401
366.31,3.9909434
366.896,3.9877543
367.482,3.9845726
368.068,3.9813991
368.654,3.9782326
369.24,3.9750738
369.826,3.9719226
370.412,3.9687791
370.998,3.9656427
371.584,3.9625139
372.17,3.9593923
372.756,3.9562783
373.342,3.9531715
373.928,3.9500721
374.514,3.94698
375.1,3.9438951
375.686,3.9408174
376.272,3.937747
376.858,3.9346838
377.444,3.9316275
378.03,3.9285784
378.616,3.9255364
379.202,3.9225016
379.788,3.9194736
380.374,3.9164529
380.96,3.9134388
381.546,3.9104321
382.132,3.9074318
382.718,3.904439
383.304,3.9014528
383.89,3.8984733
384.476,3.8955007
385.062,3.892535
385.648,3.889576
386.234,3.8866236
386.82,3.8836782
387.406,3.8807395
387.992,3.8778074
388.578,3.8748817
389.164,3.8719628
389.75,3.8690505
390.336,3.8661449
390.922,3.8632457
391.508,3.860353
392.094,3.8574667
392.68,3.8545871
393.266,3.8517134
393.852,3.8488462
394.438,3.8459854
395.024,3.8431308
395.61,3.8402827
396.196,3.837441
396.782,3.8346055
397.368,3.8317761
397.954,3.8289533
398.54,3.8261366
399.126,3.8233261
399.712,3.8205218
400.298,3.8177235
400.884,3.8149316
401.47,3.8121457
402.056,3.809366
402.642,3.8065922
403.228,3.8038247
403.814,3.8010631
404.4,3.7983074
404.986,3.795558
405.572,3.7928143
406.158,3.7900765
406.744,3.7873449
407.33,3.7846191
407.916,3.7818992
408.502,3.7791851
409.088,3.7764769
409.674,3.7737746
410.26,3.7710779
410.846,3.7683871
411.432,3.765702
412.018,3.7630229
412.604,3.7603493
413.19,3.7576814
413.776,3.7550192
414.362,3.7523627
414.948,3.7497118
415.534,3.7470665
416.12,3.744427
416.706,3.7417929
417.292,3.7391644
417.878,3.7365415
418.464,3.7339242
419.05,3.731312
419.636,3.7287056
420.222,3.7261047
420.808,3.7235093
421.394,3.7209189
421.98,3.7183335
422.566,3.7157538
423.152,3.7131791
423.738,3.7106099
424.324,3.708046
424.91,3.7054877
425.496,3.7029345
426.082,3.7003865
426.668,3.6978438
427.254,3.6953065
427.84,3.6927743
428.426,3.6902475
429.012,3.6877258
429.598,3.6852093
430.184,3.6826978
430.77,3.6801915
431.356,3.6776905
431.942,3.6751945
432.528,3.6727035
433.114,3.6702178
433.7,3.667737
434.286,3.6652613
434.872,3.6627905
435.458,3.6603248
436.044,3.6578641
436.63,3.6554084
437.216,3.6529574
437.802,3.6505117
438.388,3.6480708
438.974,3.6456347
439.56,3.6432035
440.146,3.6407773
440.732,3.6383557
441.318,3.6359391
441.904,3.6335275
442.49,3.6311204
443.076,3.6287184
443.662,3.6263208
444.248,3.6239283
444.834,3.6215403
445.42,3.6191571
446.006,3.6167781
446.592,3.6144037
447.178,3.6120341
447.764,3.6096692
448.35,3.6073089
448.936,3.6049531
449.522,3.602602
450.108,3.6002557
450.694,3.5979137
451.28,3.5955763
451.866,3.5932436
452.452,3.5909154
453.038,3.5885918
453.624,3.5862727
454.21,3.5839579
454.796,3.5816476
455.382,3.5793421
455.968,3.5770409
456.554,3.574744
457.14,3.5724516
457.726,3.5701635
458.312,3.5678799
458.898,3.5656006
459.484,3.5633259
460.07,3.5610554
460.656,3.5587895
461.242,3.5565276
461.828,3.55427
462.414,3.5520167
463,3.549768
463.586,3.5475233
464.172,3.5452828
464.758,3.5430467
465.344,3.5408149
465.93,3.5385871
466.516,3.5363636
467.102,3.5341444
467.688,3.5319293
468.274,3.5297184
468.86,3.5275116
469.446,3.5253088
470.032,3.5231104
470.618,3.5209157
471.204,3.5187254
471.79,3.5165393
472.376,3.5143571
472.962,3.5121789
473.548,3.5100048
474.134,3.5078349
474.72,3.5056689
475.306,3.5035069
475.892,3.5013487
476.478,3.4991949
477.064,3.4970448
477.65,3.4948988
478.236,3.4927566
478.822,3.4906182
479.408,3.4884841
479.994,3.4863536
480.58,3.4842272
481.166,3.4821048
481.752,3.479986
482.338,3.4778712
482.924,3.4757602
483.51,3.4736531
484.096,3.4715495
484.682,3.4694502
485.268,3.4673543
485.854,3.4652627
486.44,3.4631743
487.026,3.4610901
487.612,3.4590094
488.198,3.4569325
488.784,3.4548595
489.37,3.45279
489.956,3.4507244
490.542,3.4486625
491.128,3.4466043
491.714,3.4445496
492.3,3.4424987
492.886,3.4404514
493.472,3.4384077
494.058,3.4363678
494.644,3.4343314
495.23,3.4322987
495.816,3.4302695
496.402,3.4282441
496.988,3.4262218
497.574,3.4242034
498.16,3.4221885
498.746,3.420177
499.332,3.4181693
499.918,3.4161649
500.504,3.4141641
501.09,3.4121668
501.676,3.4101729
502.262,3.4081826
502.848,3.4061959
503.434,3.4042127
504.02,3.4022329
504.606,3.4002564
505.192,3.3982835
505.778,3.3963137
506.364,3.3943477
506.95,3.392385
507.536,3.3904257
508.122,3.3884697
508.708,3.3865173
509.294,3.384568
509.88,3.3826222
510.466,3.3806798
511.052,3.3787405
511.638,3.3768048
512.224,3.3748724
512.81,3.3729434
513.396,3.3710175
513.982,3.3690951
514.568,3.3671758
515.154,3.3652596
515.74,3.3633471
516.326,3.3614376
516.912,3.3595314
517.498,3.3576283
518.084,3.3557289
518.67,3.3538322
519.256,3.351939
519.842,3.350049
520.428,3.3481619
521.014,3.3462784
521.6,3.3443978
522.186,3.3425205
522.772,3.3406463
523.358,3.3387752
523.944,3.3369074
524.53,3.3350427
525.116,3.3331809
525.702,3.3313224
526.288,3.3294671
526.874,3.3276148
527.46,3.3257656
528.046,3.3239193
528.632,3.3220763
529.218,3.3202362
529.804,3.3183992
530.39,3.3165653
530.976,3.3147345
531.562,3.3129067
532.148,3.3110819
532.734,3.3092599
533.32,3.3074412
533.906,3.3056254
534.492,3.3038125
535.078,3.3020029
535.664,3.3001959
536.25,3.2983921
536.836,3.296591
537.422,3.2947931
538.008,3.2929981
538.594,3.2912059
539.18,3.2894168
539.766,3.2876306
540.352,3.2858472
540.938,3.2840667
541.524,3.282289
542.11,3.2805142
542.696,3.2787426
543.282,3.2769735
543.868,3.2752075
544.454,3.2734444
545.04,3.2716839
545.626,3.2699261
546.212,3.2681713
546.798,3.2664194
547.384,3.2646701
547.97,3.2629237
548.556,3.2611802
549.142,3.2594395
549.728,3.2577014
550.314,3.2559662
550.9,3.2542336
551.486,3.2525039
552.072,3.250777
552.658,3.2490528
553.244,3.2473311
553.83,3.2456124
554.416,3.2438965
555.002,3.2421832
555.588,3.2404726
556.174,3.2387648
556.76,3.2370596
557.346,3.235357
557.932,3.2336574
558.518,3.2319601
559.104,3.2302656
559.69,3.2285738
560.276,3.2268846
560.862,3.2251983
561.448,3.2235143
562.034,3.2218332
562.62,3.2201545
563.206,3.2184784
563.792,3.2168052
564.378,3.2151344
564.964,3.2134664
565.55,3.2118008
566.136,3.2101378
566.722,3.2084775
567.308,3.2068195
567.894,3.2051642
568.48,3.2035117
569.066,3.2018616
569.652,3.2002139
570.238,3.1985688
570.824,3.1969264
571.41,3.1952865
571.996,3.1936491
572.582,3.192014
573.168,3.1903815
573.754,3.1887517
574.34,3.1871243
574.926,3.1854994
575.512,3.183877
576.098,3.1822569
576.684,3.1806395
577.27,3.1790245
577.856,3.1774118
578.442,3.1758018
579.028,3.1741941
579.614,3.1725888
580.2,3.1709859
580.786,3.1693857
581.372,3.1677876
581.958,3.1661921
582.544,3.1645989
583.13,3.1630085
583.716,3.1614201
584.302,3.1598341
584.888,3.1582506
585.474,3.1566694
586.06,3.1550906
586.646,3.1535141
587.232,3.1519401
587.818,3.1503685
588.404,3.1487989
588.99,3.1472321
589.576,3.1456673
590.162,3.1441052
590.748,3.1425452
591.334,3.1409874
591.92,3.1394322
592.506,3.1378791
593.092,3.1363282
593.678,3.1347799
594.264,3.1332338
594.85,3.13169
595.436,3.1301484
596.022,3.1286092
596.608,3.1270721
597.194,3.1255372
597.78,3.1240048
598.366,3.1224744
598.952,3.1209464
599.538,3.1194208
600.124,3.1178973
600.71,3.1163762
601.296,3.114857
601.882,3.1133401
602.468,3.1118257
603.054,3.1103132
603.64,3.108803
604.226,3.107295
604.812,3.1057892
605.398,3.1042857
605.984,3.1027842
606.57,3.101285
607.156,3.0997882
607.742,3.0982933
608.328,3.0968006
608.914,3.09531
609.5,3.0938215
610.086,3.0923355
610.672,3.0908513
611.258,3.0893693
611.844,3.0878894
612.43,3.0864117
613.016,3.0849361
613.602,3.0834627
614.188,3.0819914
614.774,3.0805223
615.36,3.0790548
615.946,3.0775893
616.532,3.0761261
617.118,3.0746648
617.704,3.0732057
618.29,3.0717487
618.876,3.0702937
619.462,3.0688407
620.048,3.06739
620.634,3.0659411
621.22,3.0644944
621.806,3.0630498
622.392,3.0616071
622.978,3.0601666
623.564,3.058728
624.15,3.0572915
624.736,3.0558569
625.322,3.0544245
625.908,3.052994
626.494,3.0515656
627.08,3.0501392
627.666,3.0487146
628.252,3.0472922
628.838,3.0458717
629.424,3.0444534
630.01,3.0430369
630.596,3.0416224
631.182,3.0402098
631.768,3.0387993
632.354,3.0373907
632.94,3.0359843
633.526,3.0345795
634.112,3.0331769
634.698,3.031776
635.284,3.0303774
635.87,3.0289805
636.456,3.0275855
637.042,3.0261924
637.628,3.0248013
638.214,3.0234122
638.8,3.0220249
639.386,3.0206397
639.972,3.0192564
640.558,3.0178747
641.144,3.016495
641.73,3.0151174
642.316,3.0137417
642.902,3.0123677
643.488,3.0109956
644.074,3.0096254
644.66,3.0082572
645.246,3.0068908
645.832,3.0055263
646.418,3.0041635
647.004,3.0028026
647.59,3.0014436
648.176,3.0000865
648.762,2.9987314
649.348,2.9973779
649.934,2.9960263
650.52,2.9946766
651.106,2.9933286
651.692,2.9919827
652.278,2.9906383
652.864,2.9892957
653.45,2.9879551
654.036,2.9866164
654.622,2.9852793
655.208,2.9839439
655.794,2.9826107
656.38,2.9812789
656.966,2.979949
657.552,2.9786212
658.138,2.9772947
658.724,2.9759698
659.31,2.9746466
659.896,2.973325
660.482,2.9720054
661.068,2.9706874
661.654,2.9693711
662.24,2.9680567
662.826,2.9667439
663.412,2.9654331
663.998,2.964124
664.584,2.9628165
665.17,2.9615109
665.756,2.9602067
666.342,2.9589045
666.928,2.9576042
667.514,2.9563053
668.1,2.9550083
668.686,2.9537129
669.272,2.9524193
669.858,2.9511273
670.444,2.949837
671.03,2.9485486
671.616,2.9472618
672.202,2.9459767
672.788,2.9446931
673.374,2.9434116
673.96,2.9421315
674.546,2.9408529
675.132,2.9395761
675.718,2.9383011
676.304,2.9370279
676.89,2.9357562
677.476,2.9344862
678.062,2.9332175
678.648,2.931951
679.234,2.9306858
679.82,2.9294224
680.406,2.9281607
680.992,2.9269004
681.578,2.9256418
682.164,2.9243848
682.75,2.9231296
683.336,2.921876
683.922,2.9206238
684.508,2.9193735
685.094,2.9181247
685.68,2.9168775
686.266,2.9156318
686.852,2.9143877
687.438,2.9131453
688.024,2.9119046
688.61,2.9106653
689.196,2.9094276
689.782,2.9081917
690.368,2.9069571
690.954,2.9057243
691.54,2.9044929
692.126,2.9032633
692.712,2.902035
693.298,2.9008083
693.884,2.8995833
694.47,2.8983593
695.056,2.8971369
695.642,2.8959162
696.228,2.8946967
696.814,2.8934791
697.4,2.8922629
697.986,2.891048
698.572,2.8898351
699.158,2.8886235
699.744,2.8874133
700.33,2.8862047
700.916,2.8849976
701.502,2.8837922
702.088,2.8825881
702.674,2.8813856
703.26,2.8801847
703.846,2.8789852
704.432,2.8777871
705.018,2.8765907
705.604,2.8753958
706.19,2.8742023
706.776,2.8730104
707.362,2.8718197
707.948,2.8706307
708.534,2.8694432
709.12,2.868257
709.706,2.8670726
710.292,2.8658893
710.878,2.8647077
711.464,2.8635275
712.05,2.8623488
712.636,2.8611715
713.222,2.8599958
713.808,2.8588214
714.394,2.8576486
714.98,2.856477
715.566,2.8553071
716.152,2.8541386
716.738,2.8529713
717.324,2.8518057
717.91,2.8506415
718.496,2.8494785
719.082,2.8483171
719.668,2.8471572
720.254,2.8459985
720.84,2.8448415
721.426,2.8436856
722.012,2.8425312
722.598,2.8413785
723.184,2.8402269
723.77,2.8390768
724.356,2.8379281
724.942,2.8367808
725.528,2.8356349
726.114,2.8344903
726.7,2.8333473
727.286,2.8322053
727.872,2.8310652
728.458,2.829926
729.044,2.8287885
729.63,2.8276522
730.216,2.8265173
730.802,2.8253839
731.388,2.8242519
731.974,2.8231208
732.56,2.8219917
733.146,2.8208635
733.732,2.8197367
734.318,2.8186114
734.904,2.8174875
735.49,2.8163648
736.076,2.8152435
736.662,2.8141234
737.248,2.813005
737.834,2.8118875
738.42,2.8107717
739.006,2.8096569
739.592,2.8085437
740.178,2.8074317
740.764,2.8063209
741.35,2.8052118
741.936,2.8041039
742.522,2.8029969
743.108,2.8018916
743.694,2.8007874
744.28,2.7996845
744.866,2.7985833
745.452,2.7974832
746.038,2.7963841
746.624,2.7952867
747.21,2.7941902
747.796,2.7930954
748.382,2.7920015
748.968,2.7909088
749.554,2.7898173
750.14,2.7887273
750.726,2.7876382
751.312,2.7865508
751.898,2.7854643
752.484,2.7843792
753.07,2.7832956
753.656,2.782213
754.242,2.7811317
754.828,2.7800519
755.414,2.7789731
756,2.7778957
756.586,2.7768195
757.172,2.7757447
757.758,2.7746708
758.344,2.7735984
758.93,2.7725272
759.516,2.7714572
760.102,2.7703886
760.688,2.769321
761.274,2.7682548
761.86,2.7671897
762.446,2.7661259
763.032,2.7650633
763.618,2.7640021
764.204,2.7629418
764.79,2.761883
765.376,2.7608254
765.962,2.759769
766.548,2.7587137
767.134,2.7576597
767.72,2.7566068
768.306,2.7555552
768.892,2.7545047
769.478,2.7534556
770.064,2.7524076
770.65,2.7513607
771.236,2.750315
771.822,2.7492707
772.408,2.7482274
772.994,2.7471852
773.58,2.7461445
774.166,2.7451048
774.752,2.7440662
775.338,2.7430289
775.924,2.741993
776.51,2.7409577
777.096,2.7399242
777.682,2.7388914
778.268,2.73786
778.854,2.7368298
779.44,2.7358005
780.026,2.7347727
780.612,2.7337458
781.198,2.7327201
781.784,2.7316957
782.37,2.7306724
782.956,2.72965
783.542,2.7286291
784.128,2.7276092
784.714,2.7265904
785.3,2.7255728
785.886,2.7245562
786.472,2.723541
787.058,2.7225268
787.644,2.7215137
788.23,2.7205017
788.816,2.719491
789.402,2.7184813
789.988,2.7174728
790.574,2.7164652
791.16,2.7154589
791.746,2.7144537
792.332,2.7134497
792.918,2.7124467
793.504,2.7114449
794.09,2.710444
794.676,2.7094445
795.262,2.708446
795.848,2.7074485
796.434,2.7064521
797.02,2.705457
797.606,2.7044628
798.192,2.7034698
798.778,2.7024779
799.364,2.7014871
799.95,2.7004972
800.536,2.6995084
801.122,2.6985209
801.708,2.6975346
802.294,2.6965489
802.88,2.6955647
803.466,2.6945815
804.052,2.6935992
804.638,2.6926181
805.224,2.691638
805.81,2.690659
806.396,2.6896813
806.982,2.6887045
807.568,2.6877286
808.154,2.6867537
808.74,2.6857803
809.326,2.6848075
809.912,2.683836
810.498,2.6828656
811.084,2.6818962
811.67,2.6809278
812.256,2.6799605
812.842,2.6789942
813.428,2.6780288
814.014,2.6770647
814.6,2.6761014
815.186,2.6751394
815.772,2.6741784
816.358,2.6732183
816.944,2.6722593
817.53,2.6713014
818.116,2.6703444
818.702,2.6693885
819.288,2.6684334
819.874,2.6674798
820.46,2.6665268
821.046,2.665575
821.632,2.6646242
822.218,2.6636744
822.804,2.6627257
823.39,2.6617777
823.976,2.660831
824.562,2.6598852
825.148,2.6589406
825.734,2.6579969
826.32,2.6570542
826.906,2.6561124
827.492,2.6551716
828.078,2.6542318
828.664,2.6532931
829.25,2.6523554
829.836,2.6514187
830.422,2.6504829
831.008,2.6495483
831.594,2.6486144
832.18,2.6476817
832.766,2.6467497
833.352,2.6458189
833.938,2.6448891
834.524,2.6439602
835.11,2.6430323
835.696,2.6421056
836.282,2.6411796
836.868,2.6402545
837.454,2.6393306
838.04,2.6384077
838.626,2.6374855
839.212,2.6365645
839.798,2.6356444
840.384,2.6347253
840.97,2.6338069
841.556,2.6328897
842.142,2.6319735
842.728,2.6310582
843.314,2.6301439
843.9,2.6292303
844.486,2.6283178
845.072,2.6274064
845.658,2.6264958
846.244,2.6255863
846.83,2.6246774
847.416,2.6237698
848.002,2.6228631
848.588,2.6219571
849.174,2.6210523
849.76,2.6201482
850.346,2.6192453
850.932,2.6183431
851.518,2.6174419
852.104,2.6165416
852.69,2.6156423
853.276,2.6147439
853.862,2.6138465
854.448,2.6129498
855.034,2.6120543
855.62,2.6111596
856.206,2.6102657
856.792,2.6093729
857.378,2.6084809
857.964,2.6075897
858.55,2.6066997
859.136,2.6058104
859.722,2.6049223
860.308,2.6040349
860.894,2.6031482
861.48,2.6022627
862.066,2.601378
862.652,2.6004941
863.238,2.5996113
863.824,2.5987294
864.41,2.5978482
864.996,2.5969679
865.582,2.5960886
866.168,2.5952103
866.754,2.5943327
867.34,2.5934563
867.926,2.5925806
868.512,2.5917056
869.098,2.5908315
869.684,2.5899584
870.27,2.5890863
870.856,2.5882149
871.442,2.5873444
872.028,2.5864749
872.614,2.5856063
873.2,2.5847385
873.786,2.5838716
874.372,2.5830054
874.958,2.5821402
875.544,2.5812759
876.13,2.5804124
876.716,2.5795498
877.302,2.5786879
877.888,2.5778272
878.474,2.5769672
879.06,2.576108
879.646,2.5752497
880.232,2.5743923
880.818,2.5735357
881.404,2.57268
881.99,2.571825
882.576,2.570971
883.162,2.570118
883.748,2.5692656
884.334,2.568414
884.92,2.5675633
885.506,2.5667136
886.092,2.5658646
886.678,2.5650165
887.264,2.5641694
887.85,2.5633228
888.436,2.5624774
889.022,2.5616326
889.608,2.5607886
890.194,2.5599456
890.78,2.5591033
891.366,2.5582619
891.952,2.5574212
892.538,2.5565815
893.124,2.5557425
893.71,2.5549045
894.296,2.5540671
894.882,2.5532308
895.468,2.5523951
896.054,2.5515602
896.64,2.5507262
897.226,2.5498929
897.812,2.5490606
898.398,2.548229
898.984,2.5473983
899.57,2.5465684
900.156,2.5457392
900.742,2.5449109
901.328,2.5440834
901.914,2.5432568
902.5,2.5424309
903.086,2.5416057
903.672,2.5407815
904.258,2.539958
904.844,2.5391355
905.43,2.5383134
906.016,2.5374925
906.602,2.5366721
907.188,2.5358527
907.774,2.5350339
908.36,2.5342159
908.946,2.5333989
909.532,2.5325825
910.118,2.5317669
910.704,2.5309522
911.29,2.5301383
911.876,2.529325
912.462,2.5285127
913.048,2.5277011
913.634,2.5268903
914.22,2.5260801
914.806,2.5252709
915.392,2.5244625
915.978,2.5236547
916.564,2.5228477
917.15,2.5220416
917.736,2.5212362
918.322,2.5204315
918.908,2.5196276
919.494,2.5188246
920.08,2.5180223
920.666,2.5172207
921.252,2.5164199
921.838,2.51562
922.424,2.5148206
923.01,2.5140221
923.596,2.5132244
924.182,2.5124273
924.768,2.5116313
925.354,2.5108356
925.94,2.510041
926.526,2.5092471
927.112,2.5084538
927.698,2.5076613
928.284,2.5068696
928.87,2.5060787
929.456,2.5052886
930.042,2.504499
930.628,2.5037103
931.214,2.5029225
931.8,2.5021353
932.386,2.5013487
932.972,2.5005629
933.558,2.499778
934.144,2.4989936
934.73,2.4982102
935.316,2.4974275
935.902,2.4966455
936.488,2.4958642
937.074,2.4950833
937.66,2.4943037
938.246,2.4935246
938.832,2.4927461
939.418,2.4919684
940.004,2.4911916
940.59,2.4904153
941.176,2.4896398
941.762,2.4888651
942.348,2.4880912
942.934,2.4873178
943.52,2.4865453
944.106,2.4857733
944.692,2.4850023
945.278,2.4842317
945.864,2.4834621
946.45,2.4826932
947.036,2.4819248
947.622,2.4811573
948.208,2.4803903
948.794,2.4796243
949.38,2.4788587
949.966,2.4780941
950.552,2.47733
951.138,2.4765668
951.724,2.4758041
952.31,2.4750423
952.896,2.4742811
953.482,2.4735205
954.068,2.4727607
954.654,2.4720018
955.24,2.4712434
955.826,2.4704857
956.412,2.4697287
956.998,2.4689722
957.584,2.4682167
958.17,2.4674618
958.756,2.4667077
959.342,2.4659541
959.928,2.4652011
960.514,2.4644492
961.1,2.4636977
961.686,2.4629469
962.272,2.4621968
962.858,2.4614475
963.444,2.4606986
964.03,2.4599507
964.616,2.4592035
965.202,2.4584568
965.788,2.4577107
966.374,2.4569654
966.96,2.4562209
967.546,2.4554768
968.132,2.4547336
968.718,2.4539909
969.304,2.4532492
969.89,2.4525077
970.476,2.4517672
971.062,2.4510274
971.648,2.4502881
972.234,2.4495497
972.82,2.4488118
973.406,2.4480746
973.992,2.4473379
974.578,2.4466021
975.164,2.4458668
975.75,2.4451323
976.336,2.4443984
976.922,2.443665
977.508,2.4429324
978.094,2.4422007
978.68,2.4414694
979.266,2.4407387
979.852,2.4400089
980.438,2.4392796
981.024,2.4385509
981.61,2.4378228
982.196,2.4370956
982.782,2.4363689
983.368,2.435643
983.954,2.4349174
984.54,2.4341927
985.126,2.4334686
985.712,2.4327452
986.298,2.4320226
986.884,2.4313004
987.47,2.4305789
988.056,2.429858
988.642,2.4291377
989.228,2.4284182
989.814,2.4276993
990.4,2.426981
990.986,2.4262633
991.572,2.4255464
992.158,2.42483
992.744,2.4241142
993.33,2.4233992
993.916,2.4226847
994.502,2.4219708
995.088,2.4212575
995.674,2.4205451
996.26,2.4198329
996.846,2.4191217
997.432,2.418411
998.018,2.417701
998.604,2.4169917
999.19,2.4162827
999.776,2.4155743
1000.362,2.4148664
1000.948,2.4141593
1001.534,2.4134529
1002.12,2.4127469
1002.706,2.4120417
1003.292,2.4113369
1003.878,2.4106328
1004.464,2.4099295
1005.05,2.4092267
1005.636,2.4085245
1006.222,2.4078228
1006.808,2.4071219
1007.394,2.4064214
1007.98,2.4057217
1008.566,2.4050226
1009.152,2.4043241
1009.738,2.4036262
1010.324,2.4029288
1010.91,2.4022322
1011.496,2.401536
1012.082,2.4008405
1012.668,2.4001458
1013.254,2.3994515
1013.84,2.3987577
1014.426,2.3980646
1015.012,2.3973722
1015.598,2.3966804
1016.184,2.3959892
1016.77,2.3952985
1017.356,2.3946083
1017.942,2.3939188
1018.528,2.39323
1019.114,2.3925416
1019.7,2.391854
1020.286,2.3911669
1020.872,2.3904803
1021.458,2.3897943
1022.044,2.3891091
1022.63,2.3884244
1023.216,2.3877401
1023.802,2.3870566
1024.388,2.3863738
1024.974,2.3856914
1025.56,2.3850095
1026.146,2.3843284
1026.732,2.3836477
1027.318,2.3829677
1027.904,2.3822882
1028.49,2.3816092
1029.076,2.3809309
1029.662,2.3802533
1030.248,2.3795762
1030.834,2.3788996
1031.42,2.3782237
1032.006,2.3775482
1032.592,2.3768733
1033.178,2.376199
1033.764,2.3755255
1034.35,2.3748524
1034.936,2.3741798
1035.522,2.373508
1036.108,2.3728366
1036.694,2.3721657
1037.28,2.3714955
1037.866,2.3708258
1038.452,2.3701568
1039.038,2.369488
1039.624,2.3688202
1040.21,2.3681526
1040.796,2.367486
1041.382,2.3668196
1041.968,2.366154
1042.554,2.3654888
1043.14,2.3648241
1043.726,2.3641601
1044.312,2.3634968
1044.898,2.3628337
1045.484,2.3621714
1046.07,2.3615096
1046.656,2.3608484
1047.242,2.3601878
1047.828,2.3595276
1048.414,2.3588679
1049,2.3582091
1049.586,2.3575506
1050.172,2.3568926
1050.758,2.3562353
1051.344,2.3555784
1051.93,2.3549223
1052.516,2.3542666
1053.102,2.3536115
1053.688,2.3529568
1054.274,2.3523028
1054.86,2.3516493
1055.446,2.3509963
1056.032,2.3503439
1056.618,2.3496919
1057.204,2.3490407
1057.79,2.3483899
1058.376,2.3477397
1058.962,2.34709
1059.548,2.3464408
1060.134,2.3457923
1060.72,2.345144
1061.306,2.3444965
1061.892,2.3438497
1062.478,2.3432031
1063.064,2.3425572
1063.65,2.3419118
1064.236,2.3412669
1064.822,2.3406227
1065.408,2.3399787
1065.994,2.3393354
1066.58,2.3386929
1067.166,2.3380506
1067.752,2.337409
1068.338,2.3367679
1068.924,2.3361273
1069.51,2.3354871
1070.096,2.3348477
1070.682,2.3342087
1071.268,2.33357
1071.854,2.3329322
1072.44,2.3322947
1073.026,2.3316579
1073.612,2.3310213
1074.198,2.3303854
1074.784,2.3297501
1075.37,2.3291154
1075.956,2.328481
1076.542,2.3278472
1077.128,2.327214
1077.714,2.3265812
1078.3,2.325949
1078.886,2.3253174
1079.472,2.3246861
1080.058,2.3240554
1080.644,2.3234253
1081.23,2.3227956
1081.816,2.3221664
1082.402,2.321538
1082.988,2.3209097
1083.574,2.3202822
1084.16,2.3196549
1084.746,2.3190286
1085.332,2.3184025
1085.918,2.3177769
1086.504,2.3171518
1087.09,2.3165274
1087.676,2.3159032
1088.262,2.3152797
1088.848,2.3146567
1089.434,2.3140342
1090.02,2.3134122
1090.606,2.3127906
1091.192,2.3121698
1091.778,2.3115492
1092.364,2.3109293
1092.95,2.3103096
1093.536,2.3096907
1094.122,2.3090718
1094.708,2.3084536
1095.294,2.3078358
1095.88,2.3072186
1096.466,2.3066015
1097.052,2.3059852
1097.638,2.3053694
1098.224,2.3047543
1098.81,2.3041394
1099.396,2.303525
1099.982,2.302911
1100.568,2.3022978
1101.154,2.3016849
1101.74,2.3010726
1102.326,2.3004608
1102.912,2.2998493
1103.498,2.2992384
1104.084,2.2986281
1104.67,2.2980182
1105.256,2.2974086
1105.842,2.2967997
1106.428,2.2961912
1107.014,2.2955832
1107.6,2.2949758
1108.186,2.2943687
1108.772,2.2937622
1109.358,2.2931561
1109.944,2.2925508
1110.53,2.2919457
1111.116,2.2913411
1111.702,2.2907369
1112.288,2.2901332
1112.874,2.28953
1113.46,2.2889273
1114.046,2.2883251
1114.632,2.2877235
1115.218,2.2871222
1115.804,2.2865214
1116.39,2.2859211
1116.976,2.2853215
1117.562,2.2847221
1118.148,2.2841232
1118.734,2.2835248
1119.32,2.2829268
1119.906,2.2823293
1120.492,2.2817323
1121.078,2.2811358
1121.664,2.2805398
1122.25,2.2799442
1122.836,2.2793491
1123.422,2.2787545
1124.008,2.2781603
1124.594,2.2775667
1125.18,2.2769735
1125.766,2.2763805
1126.352,2.2757883
1126.938,2.2751963
1127.524,2.274605
1128.11,2.2740142
1128.696,2.2734237
1129.282,2.2728338
1129.868,2.2722442
1130.454,2.2716551
1131.04,2.2710664
1131.626,2.2704782
1132.212,2.2698905
1132.798,2.2693033
1133.384,2.2687166
1133.97,2.2681303
1134.556,2.2675445
1135.142,2.266959
1135.728,2.2663741
1136.314,2.2657897
1136.9,2.2652056
1137.486,2.264622
1138.072,2.2640388
1138.658,2.2634561
1139.244,2.2628739
1139.83,2.2622921
1140.416,2.2617109
1141.002,2.2611301
1141.588,2.2605495
1142.174,2.2599695
1142.76,2.2593901
1143.346,2.258811
1143.932,2.2582324
1144.518,2.2576542
1145.104,2.2570765
1145.69,2.2564991
1146.276,2.2559223
1146.862,2.2553458
1147.448,2.25477
1148.034,2.2541945
1148.62,2.2536194
1149.206,2.2530448
1149.792,2.2524705
1150.378,2.2518969
1150.964,2.2513235
1151.55,2.2507508
1152.136,2.2501783
1152.722,2.2496064
1153.308,2.2490349
1153.894,2.2484636
1154.48,2.2478931
1155.066,2.2473228
1155.652,2.246753
1156.238,2.2461836
1156.824,2.2456148
1157.41,2.2450461
1157.996,2.2444782
1158.582,2.2439106
1159.168,2.2433434
1159.754,2.2427766
1160.34,2.2422104
1160.926,2.2416444
1161.512,2.2410791
1162.098,2.240514
1162.684,2.2399495
1163.27,2.2393854
1163.856,2.2388215
1164.442,2.2382584
1165.028,2.2376955
1165.614,2.2371328
1166.2,2.2365708
1166.786,2.2360094
1167.372,2.2354481
1167.958,2.2348874
1168.544,2.2343271
1169.13,2.2337673
1169.716,2.2332077
1170.302,2.2326486
1170.888,2.2320898
1171.474,2.2315311
1172.06,2.230973
1172.646,2.2304151
1173.232,2.2298579
1173.818,2.229301
1174.404,2.2287443
1174.99,2.2281883
1175.576,2.2276328
1176.162,2.2270775
1176.748,2.2265227
1177.334,2.2259681
1177.92,2.2254143
1178.506,2.2248607
1179.092,2.2243075
1179.678,2.2237549
1180.264,2.2232025
1180.85,2.2226505
1181.436,2.2220991
1182.022,2.2215481
1182.608,2.2209973
1183.194,2.2204473
1183.78,2.2198975
1184.366,2.219348
1184.952,2.2187989
1185.538,2.2182505
1186.124,2.2177022
1186.71,2.2171545
1187.296,2.2166071
1187.882,2.2160602
1188.468,2.2155137
1189.054,2.2149677
1189.64,2.214422
1190.226,2.2138765
1190.812,2.2133317
1191.398,2.2127872
1191.984,2.2122431
1192.57,2.2116995
1193.156,2.2111561
1193.742,2.2106135
1194.328,2.2100708
1194.914,2.2095289
1195.5,2.2089872
1196.086,2.208446
1196.672,2.2079051
1197.258,2.2073646
1197.844,2.2068245
1198.43,2.206285
1199.016,2.2057457
1199.602,2.2052069
1200.188,2.2046685
1200.774,2.2041304
1201.36,2.2035928
1201.946,2.2030556
1202.532,2.2025187
1203.118,2.2019823
1203.704,2.2014461
1204.29,2.2009106
1204.876,2.2003753
1205.462,2.1998403
1206.048,2.199306
1206.634,2.198772
1207.22,2.1982381
1207.806,2.1977048
1208.392,2.1971719
1208.978,2.1966393
1209.564,2.1961074
1210.15,2.1955755
1210.736,2.1950443
1211.322,2.1945133
1211.908,2.1939826
1212.494,2.1934526
1213.08,2.1929228
1213.666,2.1923933
1214.252,2.1918643
1214.838,2.1913357
1215.424,2.1908076
1216.01,2.1902797
1216.596,2.1897521
1217.182,2.1892252
1217.768,2.1886985
1218.354,2.1881721
1218.94,2.1876462
1219.526,2.1871207
1220.112,2.1865954
1220.698,2.1860707
1221.284,2.1855462
1221.87,2.1850221
1222.456,2.1844985
1223.042,2.1839755
1223.628,2.1834524
1224.214,2.18293
1224.8,2.1824079
1225.386,2.181886
1225.972,2.1813648
1226.558,2.1808438
1227.144,2.1803231
1227.73,2.1798029
1228.316,2.1792831
1228.902,2.1787634
1229.488,2.1782436
1230.074,2.1777246
1230.66,2.177206
1231.246,2.1766875
1231.832,2.1761694
1232.418,2.1756518
1233.004,2.1751347
1233.59,2.1746178
1234.176,2.1741011
1234.762,2.1735849
1235.348,2.1730692
1235.934,2.1725538
1236.52,2.1720388
1237.106,2.171524
1237.692,2.1710098
1238.278,2.1704957
1238.864,2.1699822
1239.45,2.1694691
1240.036,2.1689563
1240.622,2.1684437
1241.208,2.1679316
1241.794,2.1674199
1242.38,2.1669085
1242.966,2.1663976
1243.552,2.1658869
1244.138,2.1653767
1244.724,2.1648667
1245.31,2.1643572
1245.896,2.1638479
1246.482,2.1633391
1247.068,2.1628308
1247.654,2.1623228
1248.24,2.1618149
1248.826,2.1613076
1249.412,2.1608005
1249.998,2.1602938
1250.584,2.1597877
1251.17,2.1592815
1251.756,2.158776
1252.342,2.1582708
1252.928,2.1577659
1253.514,2.1572614
1254.1,2.1567574
1254.686,2.1562536
1255.272,2.15575
1255.858,2.155247
1256.444,2.1547441
1257.03,2.1542418
1257.616,2.1537399
1258.202,2.1532383
1258.788,2.1527369
1259.374,2.152236
1259.96,2.1517353
1260.546,2.1512351
1261.132,2.1507351
1261.718,2.1502357
1262.304,2.1497364
1262.89,2.1492376
1263.476,2.1487391
1264.062,2.1482408
1264.648,2.147743
1265.234,2.1472456
1265.82,2.1467485
1266.406,2.1462517
1266.992,2.1457553
1267.578,2.1452594
1268.164,2.1447635
1268.75,2.1442683
1269.336,2.1437733
1269.922,2.1432786
1270.508,2.1427841
1271.094,2.1422904
1271.68,2.1417966
1272.266,2.1413033
1272.852,2.1408103
1273.438,2.1403177
1274.024,2.1398253
1274.61,2.1393335
1275.196,2.1388419
1275.782,2.1383507
1276.368,2.1378596
1276.954,2.1373692
1277.54,2.136879
1278.126,2.136389
1278.712,2.1358995
1279.298,2.1354103
1279.884,2.1349216
1280.47,2.1344328
1281.056,2.1339447
1281.642,2.1334567
1282.228,2.1329694
1282.814,2.1324821
1283.4,2.1319952
1283.986,2.1315088
1284.572,2.1310227
1285.158,2.1305368
1285.744,2.1300514
1286.33,2.1295662
1286.916,2.1290812
1287.502,2.1285968
1288.088,2.1281126
1288.674,2.1276286
1289.26,2.1271453
1289.846,2.126662
1290.432,2.1261792
1291.018,2.1256967
1291.604,2.1252146
1292.19,2.1247325
1292.776,2.1242511
1293.362,2.1237698
1293.948,2.1232889
1294.534,2.1228085
1295.12,2.1223283
1295.706,2.1218483
1296.292,2.1213689
1296.878,2.1208897
1297.464,2.1204107
1298.05,2.1199322
1298.636,2.1194539
1299.222,2.1189759
1299.808,2.1184983
1300.394,2.118021
1300.98,2.1175442
1301.566,2.1170676
1302.152,2.1165912
1302.738,2.1161151
1303.324,2.1156394
1303.91,2.1151643
1304.496,2.1146894
1305.082,2.1142142
1305.668,2.1137395
1306.254,2.1132653
1306.84,2.1127911
1307.426,2.1123173
1308.012,2.1118441
1308.598,2.111371
1309.184,2.1108983
1309.77,2.1104257
1310.356,2.1099536
1310.942,2.109482
1311.528,2.1090105
1312.114,2.1085393
1312.7,2.1080685
1313.286,2.1075978
1313.872,2.1071277
1314.458,2.106658
1315.044,2.1061883
1315.63,2.1057191
1316.216,2.1052501
1316.802,2.1047814
1317.388,2.1043131
1317.974,2.1038451
1318.56,2.1033773
1319.146,2.10291
1319.732,2.102443
1320.318,2.1019764
1320.904,2.1015098
1321.49,2.1010437
1322.076,2.1005781
1322.662,2.1001124
1323.248,2.0996473
1323.834,2.0991824
1324.42,2.0987179
1325.006,2.0982537
1325.592,2.0977898
1326.178,2.097326
1326.764,2.0968628
1327.35,2.0963998
1327.936,2.095937
1328.522,2.0954745
1329.108,2.0950124
1329.694,2.0945506
1330.28,2.0940893
1330.866,2.0936282
1331.452,2.0931671
1332.038,2.0927067
1332.624,2.0922465
1333.21,2.0917864
1333.796,2.091327
1334.382,2.0908675
1334.968,2.0904083
1335.554,2.0899496
1336.14,2.0894914
1336.726,2.0890331
1337.312,2.0885754
1337.898,2.0881178
1338.484,2.0876606
1339.07,2.0872037
1339.656,2.0867469
1340.242,2.0862908
1340.828,2.0858347
1341.414,2.0853789
1342,2.0849235
1342.586,2.0844684
1343.172,2.0840137
1343.758,2.0835593
1344.344,2.0831048
1344.93,2.0826511
1345.516,2.0821974
1346.102,2.0817442
1346.688,2.0812912
1347.274,2.0808384
1347.86,2.0803859
1348.446,2.0799339
1349.032,2.0794818
1349.618,2.0790305
1350.204,2.0785792
1350.79,2.0781283
1351.376,2.0776775
1351.962,2.0772271
1352.548,2.0767772
1353.134,2.0763273
1353.72,2.0758779
1354.306,2.0754287
1354.892,2.0749798
1355.478,2.0745313
1356.064,2.0740829
1356.65,2.0736349
1357.236,2.0731871
1357.822,2.0727396
1358.408,2.0722926
1358.994,2.0718458
1359.58,2.0713992
1360.166,2.0709529
1360.752,2.0705068
1361.338,2.0700612
1361.924,2.0696158
1362.51,2.0691707
1363.096,2.0687258
1363.682,2.0682814
1364.268,2.067837
1364.854,2.0673931
1365.44,2.0669494
1366.026,2.0665059
1366.612,2.0660629
1367.198,2.0656199
1367.784,2.0651774
1368.37,2.0647354
1368.956,2.0642934
1369.542,2.0638516
1370.128,2.0634103
1370.714,2.0629692
1371.3,2.0625284
1371.886,2.0620878
1372.472,2.0616477
1373.058,2.0612075
1373.644,2.0607679
1374.23,2.0603285
1374.816,2.0598893
1375.402,2.0594504
1375.988,2.0590119
1376.574,2.0585735
1377.16,2.0581355
1377.746,2.0576978
1378.332,2.0572605
1378.918,2.0568233
1379.504,2.0563865
1380.09,2.0559497
1380.676,2.0555134
1381.262,2.0550773
1381.848,2.0546417
1382.434,2.0542061
1383.02,2.053771
1383.606,2.0533359
1384.192,2.0529013
1384.778,2.0524669
1385.364,2.0520327
1385.95,2.051599
1386.536,2.0511656
1387.122,2.0507321
1387.708,2.0502992
1388.294,2.0498664
1388.88,2.0494339
1389.466,2.0490019
1390.052,2.0485699
1390.638,2.0481381
1391.224,2.0477068
1391.81,2.0472758
1392.396,2.046845
1392.982,2.0464144
1393.568,2.0459843
1394.154,2.0455542
1394.74,2.0451245
1395.326,2.0446951
1395.912,2.044266
1396.498,2.0438368
1397.084,2.0434084
1397.67,2.04298
1398.256,2.0425518
1398.842,2.042124
1399.428,2.0416965
1400.014,2.0412691
1400.6,2.0408421
1401.186,2.0404153
1401.772,2.039989
1402.358,2.0395627
1402.944,2.0391366
1403.53,2.0387111
1404.116,2.0382857
1404.702,2.0378606
1405.288,2.0374355
1405.874,2.0370109
1406.46,2.0365868
1407.046,2.0361626
1407.632,2.0357389
1408.218,2.0353153
1408.804,2.0348918
1409.39,2.0344689
1409.976,2.0340462
1410.562,2.0336237
1411.148,2.0332015
1411.734,2.0327795
1412.32,2.0323577
1412.906,2.0319364
1413.492,2.0315151
1414.078,2.0310943
1414.664,2.0306735
1415.25,2.0302532
1415.836,2.0298331
1416.422,2.0294132
1417.008,2.0289936
1417.594,2.0285742
1418.18,2.0281551
1418.766,2.0277364
1419.352,2.0273178
1419.938,2.0268993
1420.524,2.0264812
1421.11,2.0260632
1421.696,2.0256455
1422.282,2.025228
1422.868,2.0248108
1423.454,2.024394
1424.04,2.0239773
1424.626,2.0235608
1425.212,2.0231447
1425.798,2.0227289
1426.384,2.0223131
1426.97,2.0218978
1427.556,2.0214827
1428.142,2.0210679
1428.728,2.0206532
1429.314,2.0202386
1429.9,2.0198247
1430.486,2.0194108
1431.072,2.0189972
1431.658,2.018584
1432.244,2.0181708
1432.83,2.0177579
1433.416,2.0173454
1434.002,2.016933
1434.588,2.016521
1435.174,2.0161092
1435.76,2.0156975
1436.346,2.0152862
1436.932,2.0148752
1437.518,2.0144644
1438.104,2.0140538
1438.69,2.0136435
1439.276,2.0132334
1439.862,2.0128236
1440.448,2.0124142
1441.034,2.0120049
1441.62,2.0115957
1442.206,2.0111868
1442.792,2.0107784
1443.378,2.01037
1443.964,2.0099621
1444.55,2.0095541
1445.136,2.0091467
1445.722,2.0087395
1446.308,2.0083325
1446.894,2.0079255
1447.48,2.007519
1448.066,2.0071127
1448.652,2.0067065
1449.238,2.0063007
1449.824,2.0058951
1450.41,2.0054898
1450.996,2.0050848
1451.582,2.0046799
1452.168,2.0042753
1452.754,2.003871
1453.34,2.0034668
1453.926,2.003063
1454.512,2.0026596
1455.098,2.0022562
1455.684,2.001853
1456.27,2.0014501
1456.856,2.0010474
1457.442,2.0006452
1458.028,2.0002429
1458.614,1.999841
1459.2,1.9994394
1459.786,1.999038
1460.372,1.9986367
1460.958,1.9982358
1461.544,1.997835
1462.13,1.9974347
1462.716,1.9970344
1463.302,1.9966345
1463.888,1.9962348
1464.474,1.9958353
1465.06,1.9954361
1465.646,1.995037
1466.232,1.9946382
1466.818,1.9942397
1467.404,1.9938414
1467.99,1.9934434
1468.576,1.9930456
1469.162,1.9926479
1469.748,1.9922507
1470.334,1.9918536
1470.92,1.9914567
1471.506,1.9910601
1472.092,1.9906636
1472.678,1.9902675
1473.264,1.9898716
1473.85,1.989476
1474.436,1.9890805
1475.022,1.9886854
1475.608,1.9882903
1476.194,1.9878956
1476.78,1.9875011
1477.366,1.9871069
1477.952,1.9867128
1478.538,1.9863191
1479.124,1.9859254
1479.71,1.9855322
1480.296,1.9851391
1480.882,1.9847462
1481.468,1.9843537
1482.054,1.9839612
1482.64,1.983569
1483.226,1.9831771
1483.812,1.9827855
1484.398,1.982394
1484.984,1.9820029
1485.57,1.9816118
1486.156,1.9812211
1486.742,1.9808306
1487.328,1.9804403
1487.914,1.9800502
1488.5,1.9796603
1489.086,1.9792707
1489.672,1.9788814
1490.258,1.9784921
1490.844,1.9781033
1491.43,1.9777147
1492.016,1.9773262
1492.602,1.9769379
1493.188,1.9765499
1493.774,1.9761622
1494.36,1.9757746
1494.946,1.9753873
1495.532,1.9750001
1496.118,1.9746133
1496.704,1.9742267
1497.29,1.9738404
1497.876,1.9734541
1498.462,1.9730682
1499.048,1.9726825
1499.634,1.972297
1500.22,1.9719117
1500.806,1.9715266
1501.392,1.9711418
1501.978,1.9707572
1502.564,1.9703729
1503.15,1.9699888
1503.736,1.9696048
1504.322,1.9692211
1504.908,1.9688376
1505.494,1.9684545
1506.08,1.9680715
1506.666,1.9676886
1507.252,1.9673061
1507.838,1.9669237
1508.424,1.9665416
1509.01,1.9661597
1509.596,1.965778
1510.182,1.9653965
1510.768,1.9650153
1511.354,1.9646343
1511.94,1.9642535
1512.526,1.9638729
1513.112,1.9634926
1513.698,1.9631125
1514.284,1.9627326
1514.87,1.9623529
1515.456,1.9619734
1516.042,1.9615942
1516.628,1.9612151
1517.214,1.9608363
1517.8,1.9604578
1518.386,1.9600794
1518.972,1.9597012
1519.558,1.9593234
1520.144,1.9589455
1520.73,1.9585681
1521.316,1.9581908
1521.902,1.9578139
1522.488,1.9574369
1523.074,1.9570603
1523.66,1.9566839
1524.246,1.9563078
1524.832,1.9559318
1525.418,1.955556
1526.004,1.9551805
1526.59,1.9548051
1527.176,1.9544301
1527.762,1.9540552
1528.348,1.9536805
1528.934,1.9533061
1529.52,1.9529319
1530.106,1.9525578
1530.692,1.9521841
1531.278,1.9518105
1531.864,1.9514371
1532.45,1.9510639
1533.036,1.950691
1533.622,1.9503182
1534.208,1.9499457
1534.794,1.9495734
1535.38,1.9492013
1535.966,1.9488294
1536.552,1.9484577
1537.138,1.9480863
1537.724,1.947715
1538.31,1.9473439
1538.896,1.9469732
1539.482,1.9466026
1540.068,1.9462322
1540.654,1.9458619
1541.24,1.945492
1541.826,1.9451222
1542.412,1.9447527
1542.998,1.9443834
1543.584,1.9440142
1544.17,1.9436454
1544.756,1.9432766
1545.342,1.9429082
1545.928,1.9425398
1546.514,1.9421718
1547.1,1.9418039
1547.686,1.9414362
1548.272,1.9410688
1548.858,1.9407015
1549.444,1.9403344
1550.03,1.9399676
1550.616,1.9396011
1551.202,1.9392346
1551.788,1.9388684
1552.374,1.9385024
1552.96,1.9381366
1553.546,1.9377711
1554.132,1.9374057
1554.718,1.9370404
1555.304,1.9366755
1555.89,1.9363108
1556.476,1.9359462
1557.062,1.9355819
1557.648,1.9352177
1558.234,1.9348538
1558.82,1.9344901
1559.406,1.9341266
1559.992,1.9337633
1560.578,1.9334002
1561.164,1.9330373
1561.75,1.9326745
1562.336,1.932312
1562.922,1.9319497
1563.508,1.9315877
1564.094,1.9312258
1564.68,1.9308641
1565.266,1.9305027
1565.852,1.9301413
1566.438,1.9297802
1567.024,1.9294194
1567.61,1.9290588
1568.196,1.9286982
1568.782,1.9283379
1569.368,1.9279779
1569.954,1.927618
1570.54,1.9272584
1571.126,1.926899
1571.712,1.9265397
1572.298,1.9261806
1572.884,1.9258218
1573.47,1.9254631
1574.056,1.9251046
1574.642,1.9247464
1575.228,1.9243883
1575.814,1.9240304
1576.4,1.9236728
1576.986,1.9233154
1577.572,1.9229581
1578.158,1.922601
1578.744,1.9222442
1579.33,1.9218875
1579.916,1.9215311
1580.502,1.9211748
1581.088,1.9208188
1581.674,1.9204628
1582.26,1.9201071
1582.846,1.9197518
1583.432,1.9193964
1584.018,1.9190414
1584.604,1.9186865
1585.19,1.9183317
1585.776,1.9179773
1586.362,1.917623
1586.948,1.9172689
1587.534,1.9169151
1588.12,1.9165614
1588.706,1.9162078
1589.292,1.9158546
1589.878,1.9155014
1590.464,1.9151485
1591.05,1.9147958
1591.636,1.9144433
1592.222,1.9140909
1592.808,1.9137387
1593.394,1.9133868
1593.98,1.913035
1594.566,1.9126835
1595.152,1.9123321
1595.738,1.9119809
1596.324,1.9116299
1596.91,1.9112792
1597.496,1.9109286
1598.082,1.9105781
1598.668,1.9102279
1599.254,1.9098779
1599.84,1.9095281
1600.426,1.9091785
1601.012,1.9088291
1601.598,1.9084798
1602.184,1.9081308
1602.77,1.9077818
1603.356,1.9074332
1603.942,1.9070847
1604.528,1.9067364
1605.114,1.9063883
1605.7,1.9060404
1606.286,1.9056927
1606.872,1.9053452
1607.458,1.9049978
1608.044,1.9046507
1608.63,1.9043038
1609.216,1.903957
1609.802,1.9036103
1610.388,1.903264
1610.974,1.9029177
1611.56,1.9025718
1612.146,1.902226
1612.732,1.9018804
1613.318,1.9015349
1613.904,1.9011896
1614.49,1.9008446
1615.076,1.9004997
1615.662,1.9001549
1616.248,1.8998104
1616.834,1.8994662
1617.42,1.899122
1618.006,1.8987781
1618.592,1.8984343
1619.178,1.8980907
1619.764,1.8977473
1620.35,1.8974041
1620.936,1.8970611
1621.522,1.8967183
1622.108,1.8963757
1622.694,1.8960332
1623.28,1.8956909
1623.866,1.8953488
1624.452,1.8950069
1625.038,1.8946652
1625.624,1.8943236
1626.21,1.8939823
1626.796,1.8936411
1627.382,1.8933002
1627.968,1.8929594
1628.554,1.8926188
1629.14,1.8922783
1629.726,1.8919381
1630.312,1.891598
1630.898,1.8912581
1631.484,1.8909185
1632.07,1.890579
1632.656,1.8902396
1633.242,1.8899004
1633.828,1.8895615
1634.414,1.8892227
1635,1.8888842
1635.586,1.8885458
1636.172,1.8882074
1636.758,1.8878695
1637.344,1.8875315
1637.93,1.8871939
1638.516,1.8868563
1639.102,1.8865191
1639.688,1.8861818
1640.274,1.8858449
1640.86,1.8855081
1641.446,1.8851715
1642.032,1.8848351
1642.618,1.8844988
1643.204,1.8841628
1643.79,1.8838269
1644.376,1.8834912
1644.962,1.8831556
1645.548,1.8828202
1646.134,1.8824852
1646.72,1.8821501
1647.306,1.8818153
1647.892,1.8814807
1648.478,1.8811462
1649.064,1.8808119
1649.65,1.8804779
1650.236,1.8801439
1650.822,1.8798102
1651.408,1.8794765
1651.994,1.8791432
1652.58,1.87881
1653.166,1.878477
1653.752,1.8781441
1654.338,1.8778114
1654.924,1.877479
1655.51,1.8771466
1656.096,1.8768145
1656.682,1.8764825
1657.268,1.8761506
1657.854,1.8758191
1658.44,1.8754876
1659.026,1.8751563
1659.612,1.8748252
1660.198,1.8744943
1660.784,1.8741635
1661.37,1.8738331
1661.956,1.8735026
1662.542,1.8731724
1663.128,1.8728423
1663.714,1.8725125
1664.3,1.8721827
1664.886,1.8718532
1665.472,1.8715239
1666.058,1.8711947
1666.644,1.8708657
1667.23,1.8705369
1667.816,1.8702081
1668.402,1.8698797
1668.988,1.8695514
1669.574,1.8692234
1670.16,1.8688953
1670.746,1.8685675
1671.332,1.8682399
1671.918,1.8679124
1672.504,1.8675852
1673.09,1.8672581
1673.676,1.8669312
1674.262,1.8666044
1674.848,1.8662778
1675.434,1.8659514
1676.02,1.8656251
1676.606,1.865299
1677.192,1.8649732
1677.778,1.8646474
1678.364,1.8643218
1678.95,1.8639965
1679.536,1.8636712
1680.122,1.8633462
1680.708,1.8630213
1681.294,1.8626965
1681.88,1.862372
1682.466,1.8620477
1683.052,1.8617234
1683.638,1.8613994
1684.224,1.8610755
1684.81,1.8607519
1685.396,1.8604283
1685.982,1.8601049
1686.568,1.8597817
1687.154,1.8594587
1687.74,1.8591359
1688.326,1.8588132
1688.912,1.8584907
1689.498,1.8581684
1690.084,1.8578461
1690.67,1.8575242
1691.256,1.8572023
1691.842,1.8568805
1692.428,1.856559
1693.014,1.8562378
1693.6,1.8559165
1694.186,1.8555956
1694.772,1.8552747
1695.358,1.854954
1695.944,1.8546336
1696.53,1.8543131
1697.116,1.8539929
1697.702,1.853673
1698.288,1.8533531
1698.874,1.8530334
1699.46,1.8527138
1700.046,1.8523945
1700.632,1.8520753
1701.218,1.8517563
1701.804,1.8514374
1702.39,1.8511188
1702.976,1.8508002
1703.562,1.8504819
1704.148,1.8501636
1704.734,1.8498455
1705.32,1.8495277
1705.906,1.84921
1706.492,1.8488925
1707.078,1.8485751
1707.664,1.8482578
1708.25,1.8479408
1708.836,1.8476239
1709.422,1.8473072
1710.008,1.8469906
1710.594,1.8466742
1711.18,1.8463579
1711.766,1.8460418
1712.352,1.8457259
1712.938,1.8454101
1713.524,1.8450946
1714.11,1.8447791
1714.696,1.8444638
1715.282,1.8441488
1715.868,1.8438338
1716.454,1.843519
1717.04,1.8432044
1717.626,1.8428899
1718.212,1.8425756
1718.798,1.8422614
1719.384,1.8419474
1719.97,1.8416337
1720.556,1.8413199
1721.142,1.8410065
1721.728,1.8406931
1722.314,1.84038
1722.9,1.8400669
1723.486,1.839754
1724.072,1.8394413
1724.658,1.8391289
1725.244,1.8388164
1725.83,1.8385042
1726.416,1.8381921
1727.002,1.8378801
1727.588,1.8375684
1728.174,1.8372568
1728.76,1.8369454
1729.346,1.8366342
1729.932,1.836323
1730.518,1.836012
1731.104,1.8357012
1731.69,1.8353906
1732.276,1.8350801
1732.862,1.8347698
1733.448,1.8344597
1734.034,1.8341496
1734.62,1.8338398
1735.206,1.8335301
1735.792,1.8332205
1736.378,1.8329111
1736.964,1.8326019
1737.55,1.8322928
1738.136,1.8319838
1738.722,1.8316751
1739.308,1.8313665
1739.894,1.831058
1740.48,1.8307498
1741.066,1.8304416
1741.652,1.8301337
1742.238,1.8298258
1742.824,1.8295181
1743.41,1.8292106
1743.996,1.8289032
1744.582,1.828596
1745.168,1.828289
1745.754,1.8279821
1746.34,1.8276753
1746.926,1.8273687
1747.512,1.8270622
1748.098,1.826756
1748.684,1.8264499
1749.27,1.826144
1749.856,1.8258381
1750.442,1.8255324
1751.028,1.8252269
1751.614,1.8249216
1752.2,1.8246163
1752.786,1.8243113
1753.372,1.8240064
1753.958,1.8237016
1754.544,1.823397
1755.13,1.8230926
1755.716,1.8227884
1756.302,1.8224841
1756.888,1.8221802
1757.474,1.8218763
1758.06,1.8215727
1758.646,1.8212692
1759.232,1.8209658
1759.818,1.8206625
1760.404,1.8203595
1760.99,1.8200566
1761.576,1.8197538
1762.162,1.8194511
1762.748,1.8191487
1763.334,1.8188463
1763.92,1.8185441
1764.506,1.8182422
1765.092,1.8179402
1765.678,1.8176385
1766.264,1.8173369
1766.85,1.8170356
1767.436,1.8167343
1768.022,1.8164332
1768.608,1.8161322
1769.194,1.8158314
1769.78,1.8155308
1770.366,1.8152301
1770.952,1.8149298
1771.538,1.8146296
1772.124,1.8143295
1772.71,1.8140296
1773.296,1.8137298
1773.882,1.8134302
1774.468,1.8131307
1775.054,1.8128314
1775.64,1.8125322
1776.226,1.8122332
1776.812,1.8119342
1777.398,1.8116355
1777.984,1.8113369
1778.57,1.8110385
1779.156,1.8107402
1779.742,1.8104421
1780.328,1.8101441
1780.914,1.8098462
1781.5,1.8095485
1782.086,1.8092508
1782.672,1.8089535
1783.258,1.8086562
1783.844,1.8083591
1784.43,1.8080621
1785.016,1.8077652
1785.602,1.8074685
1786.188,1.8071721
1786.774,1.8068757
1787.36,1.8065794
1787.946,1.8062834
1788.532,1.8059874
1789.118,1.8056916
1789.704,1.8053958
1790.29,1.8051003
1790.876,1.804805
1791.462,1.8045098
1792.048,1.8042147
1792.634,1.8039197
1793.22,1.803625
1793.806,1.8033303
1794.392,1.8030357
1794.978,1.8027414
1795.564,1.8024472
1796.15,1.8021531
1796.736,1.8018591
1797.322,1.8015654
1797.908,1.8012718
1798.494,1.8009783
1799.08,1.8006849
1799.666,1.8003917
1800.252,1.8000987
1800.838,1.7998058
1801.424,1.799513
1802.01,1.7992203
1802.596,1.7989278
1803.182,1.7986355
1803.768,1.7983432
1804.354,1.7980511
1804.94,1.7977593
1805.526,1.7974675
1806.112,1.7971758
1806.698,1.7968843
1807.284,1.796593
1807.87,1.7963017
1808.456,1.7960106
1809.042,1.7957197
1809.628,1.7954289
1810.214,1.7951382
1810.8,1.7948477
1811.386,1.7945573
1811.972,1.7942672
1812.558,1.793977
1813.144,1.7936871
1813.73,1.7933973
1814.316,1.7931076
1814.902,1.7928181
1815.488,1.7925287
1816.074,1.7922394
1816.66,1.7919503
1817.246,1.7916614
1817.832,1.7913725
1818.418,1.7910839
1819.004,1.7907953
1819.59,1.790507
1820.176,1.7902187
1820.762,1.7899306
1821.348,1.7896426
1821.934,1.7893547
1822.52,1.789067
1823.106,1.7887794
1823.692,1.788492
1824.278,1.7882047
1824.864,1.7879175
1825.45,1.7876304
1826.036,1.7873436
1826.622,1.7870569
1827.208,1.7867702
1827.794,1.7864838
1828.38,1.7861975
1828.966,1.7859113
1829.552,1.7856252
1830.138,1.7853394
1830.724,1.7850535
1831.31,1.7847679
1831.896,1.7844824
1832.482,1.784197
1833.068,1.7839118
1833.654,1.7836267
1834.24,1.7833418
1834.826,1.783057
1835.412,1.7827722
1835.998,1.7824876
1836.584,1.7822033
1837.17,1.781919
1837.756,1.7816348
1838.342,1.7813509
1838.928,1.781067
1839.514,1.7807833
1840.1,1.7804997
1840.686,1.7802162
1841.272,1.7799329
1841.858,1.7796496
1842.444,1.7793666
1843.03,1.7790837
1843.616,1.778801
1844.202,1.7785183
1844.788,1.7782358
1845.374,1.7779534
1845.96,1.7776711
1846.546,1.777389
1847.132,1.777107
1847.718,1.7768252
1848.304,1.7765435
1848.89,1.7762619
1849.476,1.7759805
1850.062,1.7756991
1850.648,1.775418
1851.234,1.7751369
1851.82,1.7748561
1852.406,1.7745752
1852.992,1.7742946
1853.578,1.7740141
1854.164,1.7737337
1854.75,1.7734535
1855.336,1.7731733
1855.922,1.7728934
1856.508,1.7726135
1857.094,1.7723339
1857.68,1.7720543
1858.266,1.7717749
1858.852,1.7714955
1859.438,1.7712164
1860.024,1.7709373
1860.61,1.7706584
1861.196,1.7703795
1861.782,1.770101
1862.368,1.7698224
1862.954,1.769544
1863.54,1.7692658
1864.126,1.7689877
1864.712,1.7687097
1865.298,1.7684318
1865.884,1.768154
1866.47,1.7678765
1867.056,1.767599
1867.642,1.7673216
1868.228,1.7670444
1868.814,1.7667674
1869.4,1.7664905
1869.986,1.7662135
1870.572,1.7659369
1871.158,1.7656603
1871.744,1.7653838
1872.33,1.7651076
1872.916,1.7648314
1873.502,1.7645553
1874.088,1.7642795
1874.674,1.7640036
1875.26,1.763728
1875.846,1.7634525
1876.432,1.7631772
1877.018,1.7629019
1877.604,1.7626268
1878.19,1.7623518
1878.776,1.7620769
1879.362,1.7618021
1879.948,1.7615274
1880.534,1.761253
1881.12,1.7609786
1881.706,1.7607044
1882.292,1.7604302
1882.878,1.7601563
1883.464,1.7598825
1884.05,1.7596087
1884.636,1.7593352
1885.222,1.7590617
1885.808,1.7587883
1886.394,1.7585151
1886.98,1.758242
1887.566,1.757969
1888.152,1.7576963
1888.738,1.7574235
1889.324,1.757151
1889.91,1.7568785
1890.496,1.7566062
1891.082,1.7563339
1891.668,1.7560619
1892.254,1.75579
1892.84,1.7555182
1893.426,1.7552465
1894.012,1.754975
1894.598,1.7547035
1895.184,1.7544322
1895.77,1.754161
1896.356,1.7538899
1896.942,1.753619
1897.528,1.7533482
1898.114,1.7530775
1898.7,1.7528069
1899.286,1.7525365
1899.872,1.7522662
1900.458,1.751996
1901.044,1.751726
1901.63,1.751456
1902.216,1.7511863
1902.802,1.7509166
1903.388,1.7506469
1903.974,1.7503775
1904.56,1.7501082
1905.146,1.7498391
1905.732,1.74957
1906.318,1.7493011
1906.904,1.7490323
1907.49,1.7487636
1908.076,1.748495
1908.662,1.7482266
1909.248,1.7479583
1909.834,1.7476901
1910.42,1.747422
1911.006,1.7471541
1911.592,1.7468863
1912.178,1.7466185
1912.764,1.746351
1913.35,1.7460835
1913.936,1.7458162
1914.522,1.745549
1915.108,1.7452819
1915.694,1.7450149
1916.28,1.7447481
1916.866,1.7444814
1917.452,1.7442148
1918.038,1.7439483
1918.624,1.743682
1919.21,1.7434157
1919.796,1.7431496
1920.382,1.7428837
1920.968,1.7426178
1921.554,1.7423521
1922.14,1.7420865
1922.726,1.7418209
1923.312,1.7415556
1923.898,1.7412903
1924.484,1.7410252
1925.07,1.7407602
1925.656,1.7404953
1926.242,1.7402306
1926.828,1.7399659
1927.414,1.7397014
1928,1.739437
1928.586,1.7391727
1929.172,1.7389085
1929.758,1.7386445
1930.344,1.7383807
1930.93,1.7381167
1931.516,1.7378531
1932.102,1.7375896
1932.688,1.7373261
1933.274,1.7370628
1933.86,1.7367996
1934.446,1.7365365
1935.032,1.7362735
1935.618,1.7360108
1936.204,1.7357479
1936.79,1.7354854
1937.376,1.7352229
1937.962,1.7349606
1938.548,1.7346983
1939.134,1.7344362
1939.72,1.7341741
1940.306,1.7339123
1940.892,1.7336506
1941.478,1.7333889
1942.064,1.7331274
1942.65,1.7328659
1943.236,1.7326046
1943.822,1.7323434
1944.408,1.7320824
1944.994,1.7318215
1945.58,1.7315606
1946.166,1.7313
1946.752,1.7310394
1947.338,1.7307789
1947.924,1.7305186
1948.51,1.7302583
1949.096,1.7299982
1949.682,1.7297382
1950.268,1.7294784
1950.854,1.7292186
1951.44,1.728959
1952.026,1.7286994
1952.612,1.72844
1953.198,1.7281808
1953.784,1.7279215
1954.37,1.7276624
1954.956,1.7274035
1955.542,1.7271447
1956.128,1.726886
1956.714,1.7266275
1957.3,1.7263689
1957.886,1.7261106
1958.472,1.7258524
1959.058,1.7255942
1959.644,1.7253362
1960.23,1.7250783
1960.816,1.7248205
1961.402,1.7245629
1961.988,1.7243053
1962.574,1.7240479
1963.16,1.7237905
1963.746,1.7235334
1964.332,1.7232763
1964.918,1.7230194
1965.504,1.7227625
1966.09,1.7225057
1966.676,1.722249
1967.262,1.7219926
1967.848,1.7217362
1968.434,1.7214799
1969.02,1.7212237
1969.606,1.7209677
1970.192,1.7207118
1970.778,1.7204559
1971.364,1.7202002
1971.95,1.7199446
1972.536,1.7196891
1973.122,1.7194338
1973.708,1.7191786
1974.294,1.7189234
1974.88,1.7186683
1975.466,1.7184135
1976.052,1.7181587
1976.638,1.717904
1977.224,1.7176495
1977.81,1.7173949
1978.396,1.7171407
1978.982,1.7168864
1979.568,1.7166322
1980.154,1.7163783
1980.74,1.7161244
1981.326,1.7158706
1981.912,1.7156169
1982.498,1.7153634
1983.084,1.7151099
1983.67,1.7148566
1984.256,1.7146034
1984.842,1.7143503
1985.428,1.7140973
1986.014,1.7138444
1986.6,1.7135917
1987.186,1.7133391
1987.772,1.7130865
1988.358,1.7128341
1988.944,1.7125818
1989.53,1.7123295
1990.116,1.7120775
1990.702,1.7118255
1991.288,1.7115736
1991.874,1.7113218
1992.46,1.7110702
1993.046,1.7108186
1993.632,1.7105672
1994.218,1.7103159
1994.804,1.7100648
1995.39,1.7098137
1995.976,1.7095627
1996.562,1.7093118
1997.148,1.709061
1997.734,1.7088104
1998.32,1.7085599
1998.906,1.7083094
1999.492,1.7080591
2000.078,1.7078089
2000.664,1.7075588
2001.25,1.7073089
2001.836,1.707059
2002.422,1.7068092
2003.008,1.7065595
2003.594,1.70631
2004.18,1.7060605
2004.766,1.7058113
2005.352,1.705562
2005.938,1.705313
2006.524,1.7050639
2007.11,1.704815
2007.696,1.7045662
2008.282,1.7043176
2008.868,1.704069
2009.454,1.7038206
2010.04,1.7035723
2010.626,1.7033241
2011.212,1.7030759
2011.798,1.7028279
2012.384,1.70258
2012.97,1.7023321
2013.556,1.7020844
2014.142,1.7018369
2014.728,1.7015895
2015.314,1.7013421
2015.9,1.7010947
2016.486,1.7008477
2017.072,1.7006006
2017.658,1.7003536
2018.244,1.7001069
2018.83,1.6998602
2019.416,1.6996136
2020.002,1.699367
2020.588,1.6991206
2021.174,1.6988744
2021.76,1.6986282
2022.346,1.6983821
2022.932,1.6981362
2023.518,1.6978903
2024.104,1.6976446
2024.69,1.6973989
2025.276,1.6971533
2025.862,1.696908
2026.448,1.6966627
2027.034,1.6964173
2027.62,1.6961724
2028.206,1.6959274
2028.792,1.6956824
2029.378,1.6954376
2029.964,1.6951929
2030.55,1.6949484
2031.136,1.6947039
2031.722,1.6944596
2032.308,1.6942153
2032.894,1.6939712
2033.48,1.6937271
2034.066,1.6934831
2034.652,1.6932391
2035.238,1.6929953
2035.824,1.6927515
2036.41,1.6925079
2036.996,1.6922643
2037.582,1.6920209
2038.168,1.6917776
2038.754,1.6915344
2039.34,1.6912913
2039.926,1.6910483
2040.512,1.6908053
2041.098,1.6905625
2041.684,1.6903199
2042.27,1.6900772
2042.856,1.6898348
2043.442,1.6895924
2044.028,1.6893501
2044.614,1.6891079
2045.2,1.6888659
2045.786,1.6886239
2046.372,1.688382
2046.958,1.6881403
2047.544,1.6878986
2048.13,1.6876571
2048.716,1.6874156
2049.302,1.6871742
2049.888,1.686933
2050.474,1.6866919
2051.06,1.6864508
2051.646,1.6862099
2052.232,1.6859691
2052.818,1.6857283
2053.404,1.6854877
2053.99,1.6852473
2054.576,1.6850067
2055.162,1.6847665
2055.748,1.6845263
2056.334,1.6842861
2056.92,1.6840461
2057.506,1.6838063
2058.092,1.6835665
2058.678,1.6833268
2059.264,1.6830872
2059.85,1.6828477
2060.436,1.6826084
2061.022,1.682369
2061.608,1.6821299
2062.194,1.6818908
2062.78,1.6816518
2063.366,1.6814129
2063.952,1.6811742
2064.538,1.6809355
2065.124,1.680697
2065.71,1.6804584
2066.296,1.68022
2066.882,1.6799818
2067.468,1.6797436
2068.054,1.6795056
2068.64,1.6792676
2069.226,1.6790297
2069.812,1.678792
2070.398,1.6785543
2070.984,1.6783168
2071.57,1.6780794
2072.156,1.677842
2072.742,1.6776048
2073.328,1.6773676
2073.914,1.6771306
2074.5,1.6768936
2075.086,1.6766567
2075.672,1.67642
2076.258,1.6761833
2076.844,1.6759468
2077.43,1.6757103
2078.016,1.6754739
2078.602,1.6752378
2079.188,1.6750016
2079.774,1.6747656
2080.36,1.6745297
2080.946,1.6742938
2081.532,1.674058
2082.118,1.6738224
2082.704,1.6735868
2083.29,1.6733514
2083.876,1.673116
2084.462,1.6728808
2085.048,1.6726457
2085.634,1.6724106
2086.22,1.6721756
2086.806,1.6719408
2087.392,1.671706
2087.978,1.6714714
2088.564,1.6712368
2089.15,1.6710024
2089.736,1.670768
2090.322,1.6705338
2090.908,1.6702996
2091.494,1.6700655
2092.08,1.6698316
2092.666,1.6695977
2093.252,1.669364
2093.838,1.6691303
2094.424,1.6688967
2095.01,1.6686633
2095.596,1.6684299
2096.182,1.6681967
2096.768,1.6679634
2097.354,1.6677303
2097.94,1.6674974
2098.526,1.6672645
2099.112,1.6670318
2099.698,1.6667991
2100.284,1.6665665
2100.87,1.6663339
2101.456,1.6661016
2102.042,1.6658692
2102.628,1.6656371
2103.214,1.6654049
2103.8,1.6651729
2104.386,1.6649411
2104.972,1.6647092
2105.558,1.6644776
2106.144,1.664246
2106.73,1.6640145
2107.316,1.663783
2107.902,1.6635517
2108.488,1.6633204
2109.074,1.6630893
2109.66,1.6628582
2110.246,1.6626273
2110.832,1.6623966
2111.418,1.6621658
2112.004,1.6619351
2112.59,1.6617045
2113.176,1.6614741
2113.762,1.6612438
2114.348,1.6610135
2114.934,1.6607833
2115.52,1.6605532
2116.106,1.6603233
2116.692,1.6600934
2117.278,1.6598636
2117.864,1.6596339
2118.45,1.6594043
2119.036,1.6591748
2119.622,1.6589454
2120.208,1.6587161
2120.794,1.6584868
2121.38,1.6582578
2121.966,1.6580288
2122.552,1.6577998
2123.138,1.6575711
2123.724,1.6573423
2124.31,1.6571137
2124.896,1.6568851
2125.482,1.6566566
2126.068,1.6564283
2126.654,1.6562001
2127.24,1.6559719
2127.826,1.6557438
2128.412,1.6555158
2128.998,1.655288
2129.584,1.6550602
2130.17,1.6548325
2130.756,1.6546049
2131.342,1.6543773
2131.928,1.65415
2132.514,1.6539227
2133.1,1.6536955
2133.686,1.6534684
2134.272,1.6532413
2134.858,1.6530143
2135.444,1.6527876
2136.03,1.6525607
2136.616,1.6523341
2137.202,1.6521076
2137.788,1.6518811
2138.374,1.6516546
2138.96,1.6514283
2139.546,1.6512022
2140.132,1.6509761
2140.718,1.65075
2141.304,1.6505241
2141.89,1.6502984
2142.476,1.6500727
2143.062,1.649847
2143.648,1.6496215
2144.234,1.6493961
2144.82,1.6491706
2145.406,1.6489455
2145.992,1.6487203
2146.578,1.6484952
2147.164,1.6482701
2147.75,1.6480453
2148.336,1.6478205
2148.922,1.6475958
2149.508,1.6473712
2150.094,1.6471467
2150.68,1.6469222
2151.266,1.6466979
2151.852,1.6464736
2152.438,1.6462494
2153.024,1.6460254
2153.61,1.6458014
2154.196,1.6455775
2154.782,1.6453538
2155.368,1.64513
2155.954,1.6449065
2156.54,1.644683
2157.126,1.6444596
2157.712,1.6442362
2158.298,1.644013
2158.884,1.6437899
2159.47,1.6435668
2160.056,1.6433438
2160.642,1.643121
2161.228,1.6428982
2161.814,1.6426755
2162.4,1.642453
2162.986,1.6422304
2163.572,1.6420079
2164.158,1.6417856
2164.744,1.6415634
2165.33,1.6413413
2165.916,1.6411192
2166.502,1.6408973
2167.088,1.6406754
2167.674,1.6404536
2168.26,1.6402318
2168.846,1.6400104
2169.432,1.6397887
2170.018,1.6395674
2170.604,1.639346
2171.19,1.6391248
2171.776,1.6389036
2172.362,1.6386826
2172.948,1.6384616
2173.534,1.6382407
2174.12,1.6380199
2174.706,1.6377993
2175.292,1.6375786
2175.878,1.6373581
2176.464,1.6371377
2177.05,1.6369174
2177.636,1.6366971
2178.222,1.6364769
2178.808,1.6362568
2179.394,1.6360369
2179.98,1.6358169
2180.566,1.6355971
2181.152,1.6353774
2181.738,1.6351578
2182.324,1.6349382
2182.91,1.6347188
2183.496,1.6344994
2184.082,1.6342801
2184.668,1.634061
2185.254,1.6338419
2185.84,1.6336229
2186.426,1.6334039
2187.012,1.6331851
2187.598,1.6329664
2188.184,1.6327477
2188.77,1.6325291
2189.356,1.6323106
2189.942,1.6320922
2190.528,1.631874
2191.114,1.6316557
2191.7,1.6314377
2192.286,1.6312196
2192.872,1.6310016
2193.458,1.6307838
2194.044,1.630566
2194.63,1.6303483
2195.216,1.6301306
2195.802,1.6299132
2196.388,1.6296958
2196.974,1.6294785
2197.56,1.6292611
2198.146,1.6290441
2198.732,1.628827
2199.318,1.6286099
2199.904,1.6283931
2200.49,1.6281762
2201.076,1.6279595
2201.662,1.6277429
2202.248,1.6275263
2202.834,1.6273099
2203.42,1.6270934
2204.006,1.6268772
2204.592,1.6266611
2205.178,1.6264448
2205.764,1.6262288
2206.35,1.6260129
2206.936,1.625797
2207.522,1.6255813
2208.108,1.6253655
2208.694,1.62515
2209.28,1.6249344
2209.866,1.624719
2210.452,1.6245036
2211.038,1.6242884
2211.624,1.6240733
2212.21,1.6238582
2212.796,1.6236432
2213.382,1.6234282
2213.968,1.6232135
2214.554,1.6229987
2215.14,1.622784
2215.726,1.6225694
2216.312,1.622355
2216.898,1.6221406
2217.484,1.6219263
2218.07,1.6217121
2218.656,1.6214979
2219.242,1.6212839
2219.828,1.6210699
2220.414,1.620856
2221,1.6206422
2221.586,1.6204286
2222.172,1.6202149
2222.758,1.6200013
2223.344,1.6197879
2223.93,1.6195744
2224.516,1.6193612
2225.102,1.619148
2225.688,1.6189349
2226.274,1.6187218
2226.86,1.6185089
2227.446,1.618296
2228.032,1.6180832
2228.618,1.6178706
2229.204,1.617658
2229.79,1.6174453
2230.376,1.6172329
2230.962,1.6170206
2231.548,1.6168083
2232.134,1.6165962
2232.72,1.616384
2233.306,1.6161721
2233.892,1.6159601
2234.478,1.6157482
2235.064,1.6155365
2235.65,1.6153247
2236.236,1.6151131
2236.822,1.6149017
2237.408,1.6146902
2237.994,1.6144788
2238.58,1.6142676
2239.166,1.6140563
2239.752,1.6138453
2240.338,1.6136343
2240.924,1.6134233
2241.51,1.6132125
2242.096,1.6130017
2242.682,1.6127911
2243.268,1.6125804
2243.854,1.6123699
2244.44,1.6121595
2245.026,1.6119491
2245.612,1.6117388
2246.198,1.6115286
2246.784,1.6113186
2247.37,1.6111085
2247.956,1.6108986
2248.542,1.6106888
2249.128,1.610479
2249.714,1.6102693
2250.3,1.6100596
2250.886,1.6098502
2251.472,1.6096407
2252.058,1.6094313
2252.644,1.6092221
2253.23,1.6090128
2253.816,1.6088037
2254.402,1.6085948
2254.988,1.6083858
2255.574,1.6081768
2256.16,1.6079681
2256.746,1.6077594
2257.332,1.6075507
2257.918,1.6073422
2258.504,1.6071337
2259.09,1.6069254
2259.676,1.6067171
2260.262,1.6065089
2260.848,1.6063007
2261.434,1.6060927
2262.02,1.6058847
2262.606,1.6056767
2263.192,1.6054686
2263.778,1.6052607
2264.364,1.6050528
2264.95,1.6048452
2265.536,1.6046375
2266.122,1.60443
2266.708,1.6042224
2267.294,1.604015
2267.88,1.6038077
2268.466,1.6036005
2269.052,1.6033933
2269.638,1.6031861
2270.224,1.6029792
2270.81,1.6027722
2271.396,1.6025653
2271.982,1.6023586
2272.568,1.6021519
2273.154,1.6019453
2273.74,1.6017388
2274.326,1.6015323
2274.912,1.601326
2275.498,1.6011196
2276.084,1.6009135
2276.67,1.6007073
2277.256,1.6005013
2277.842,1.6002953
2278.428,1.6000894
2279.014,1.5998837
2279.6,1.5996778
2280.186,1.5994722
2280.772,1.5992666
2281.358,1.5990611
2281.944,1.5988557
2282.53,1.5986505
2283.116,1.5984452
2283.702,1.59824
2284.288,1.5980349
2284.874,1.5978298
2285.46,1.5976249
2286.046,1.5974201
2286.632,1.5972153
2287.218,1.5970106
2287.804,1.596806
2288.39,1.5966015
2288.976,1.5963969
2289.562,1.5961926
2290.148,1.5959883
2290.734,1.5957841
2291.32,1.59558
2291.906,1.5953759
2292.492,1.5951719
2293.078,1.594968
2293.664,1.5947641
2294.25,1.5945604
2294.836,1.5943568
2295.422,1.5941532
2296.008,1.5939496
2296.594,1.5937462
2297.18,1.5935428
2297.766,1.5933396
2298.352,1.5931363
2298.938,1.5929332
2299.524,1.5927302
2300.11,1.5925272
2300.696,1.5923243
2301.282,1.5921215
2301.868,1.5919187
2302.454,1.5917162
2303.04,1.5915135
2303.626,1.5913111
2304.212,1.5911086
2304.798,1.5909063
2305.384,1.590704
2305.97,1.5905018
2306.556,1.5902997
2307.142,1.5900977
2307.728,1.5898957
2308.314,1.5896938
2308.9,1.589492
2309.486,1.5892903
2310.072,1.5890887
2310.658,1.5888871
2311.244,1.5886855
2311.83,1.5884842
2312.416,1.5882828
2313.002,1.5880816
2313.588,1.5878804
2314.174,1.5876793
2314.76,1.5874783
2315.346,1.5872773
2315.932,1.5870764
2316.518,1.5868757
2317.104,1.5866749
2317.69,1.5864742
2318.276,1.5862737
2318.862,1.5860732
2319.448,1.5858728
2320.034,1.5856724
2320.62,1.5854721
2321.206,1.585272
2321.792,1.5850718
2322.378,1.5848718
2322.964,1.5846719
2323.55,1.5844719
2324.136,1.5842721
2324.722,1.5840724
2325.308,1.5838728
2325.894,1.5836732
2326.48,1.5834737
2327.066,1.5832742
2327.652,1.5830749
2328.238,1.5828756
2328.824,1.5826764
2329.41,1.5824773
2329.996,1.5822783
2330.582,1.5820793
2331.168,1.5818803
2331.754,1.5816816
2332.34,1.5814828
2332.926,1.5812842
2333.512,1.5810856
2334.098,1.5808871
2334.684,1.5806886
2335.27,1.5804902
2335.856,1.5802919
2336.442,1.5800936
2337.028,1.5798956
2337.614,1.5796975
2338.2,1.5794995
2338.786,1.5793016
2339.372,1.5791037
2339.958,1.5789059
2340.544,1.5787083
2341.13,1.5785106
2341.716,1.5783131
2342.302,1.5781156
2342.888,1.5779183
2343.474,1.5777209
2344.06,1.5775237
2344.646,1.5773264
2345.232,1.5771294
2345.818,1.5769323
2346.404,1.5767354
2346.99,1.5765386
2347.576,1.5763417
2348.162,1.5761449
2348.748,1.5759484
2349.334,1.5757518
2349.92,1.5755553
2350.506,1.5753589
2351.092,1.5751625
2351.678,1.5749662
2352.264,1.57477
2352.85,1.5745739
2353.436,1.5743778
2354.022,1.5741818
2354.608,1.5739859
2355.194,1.5737901
2355.78,1.5735943
2356.366,1.5733986
2356.952,1.573203
2357.538,1.5730075
2358.124,1.572812
2358.71,1.5726166
2359.296,1.5724213
2359.882,1.572226
2360.468,1.5720308
2361.054,1.5718358
2361.64,1.5716407
2362.226,1.5714457
2362.812,1.5712508
2363.398,1.571056
2363.984,1.5708613
2364.57,1.5706667
2365.156,1.570472
2365.742,1.5702776
2366.328,1.570083
2366.914,1.5698887
2367.5,1.5696944
2368.086,1.5695001
2368.672,1.569306
2369.258,1.5691119
2369.844,1.5689179
2370.43,1.5687239
2371.016,1.5685301
2371.602,1.5683362
2372.188,1.5681425
2372.774,1.5679489
2373.36,1.5677553
2373.946,1.5675619
2374.532,1.5673684
2375.118,1.567175
2375.704,1.5669818
2376.29,1.5667886
2376.876,1.5665954
2377.462,1.5664023
2378.048,1.5662093
2378.634,1.5660164
2379.22,1.5658236
2379.806,1.5656308
2380.392,1.565438
2380.978,1.5652454
2381.564,1.5650529
2382.15,1.5648603
2382.736,1.5646679
2383.322,1.5644755
2383.908,1.5642833
2384.494,1.5640911
2385.08,1.5638989
2385.666,1.5637069
2386.252,1.5635148
2386.838,1.5633229
2387.424,1.5631311
2388.01,1.5629393
2388.596,1.5627476
2389.182,1.5625559
2389.768,1.5623645
2390.354,1.5621729
2390.94,1.5619814
2391.526,1.5617901
2392.112,1.5615989
2392.698,1.5614077
2393.284,1.5612165
2393.87,1.5610254
2394.456,1.5608344
2395.042,1.5606434
2395.628,1.5604526
2396.214,1.5602618
2396.8,1.5600711
2397.386,1.5598804
2397.972,1.5596899
2398.558,1.5594994
2399.144,1.5593089
2399.73,1.5591186
2400.316,1.5589283
2400.902,1.558738
2401.488,1.5585479
2402.074,1.5583578
2402.66,1.5581678
2403.246,1.5579778
2403.832,1.5577879
2404.418,1.5575982
2405.004,1.5574085
2405.59,1.5572188
2406.176,1.5570292
2406.762,1.5568397
2407.348,1.5566502
2407.934,1.5564607
2408.52,1.5562716
2409.106,1.5560822
2409.692,1.5558931
2410.278,1.555704
2410.864,1.5555149
2411.45,1.555326
2412.036,1.555137
2412.622,1.5549482
2413.208,1.5547595
2413.794,1.5545708
2414.38,1.5543822
2414.966,1.5541936
2415.552,1.5540051
2416.138,1.5538168
2416.724,1.5536283
2417.31,1.5534401
2417.896,1.553252
2418.482,1.5530638
2419.068,1.5528756
2419.654,1.5526878
2420.24,1.5524998
2420.826,1.5523119
2421.412,1.5521241
2421.998,1.5519364
2422.584,1.5517488
2423.17,1.5515611
2423.756,1.5513736
2424.342,1.5511862
2424.928,1.5509988
2425.514,1.5508115
2426.1,1.5506243
2426.686,1.5504371
2427.272,1.5502499
2427.858,1.5500629
2428.444,1.549876
2429.03,1.5496892
2429.616,1.5495023
2430.202,1.5493155
2430.788,1.5491288
2431.374,1.5489422
2431.96,1.5487556
2432.546,1.5485691
2433.132,1.5483828
2433.718,1.5481964
2434.304,1.5480101
2434.89,1.5478238
2435.476,1.5476377
2436.062,1.5474516
2436.648,1.5472656
2437.234,1.5470797
2437.82,1.5468937
2438.406,1.546708
2438.992,1.5465223
2439.578,1.5463365
2440.164,1.5461509
2440.75,1.5459654
2441.336,1.5457799
2441.922,1.5455945
2442.508,1.5454092
2443.094,1.545224
2443.68,1.5450387
2444.266,1.5448536
2444.852,1.5446686
2445.438,1.5444835
2446.024,1.5442985
2446.61,1.5441138
2447.196,1.5439289
2447.782,1.5437442
2448.368,1.5435596
2448.954,1.5433749
2449.54,1.5431904
2450.126,1.5430059
2450.712,1.5428215
2451.298,1.5426372
2451.884,1.5424529
2452.47,1.5422688
2453.056,1.5420846
2453.642,1.5419005
2454.228,1.5417166
2454.814,1.5415326
2455.4,1.5413486
2455.986,1.5411645
2456.572,1.5409806
2457.158,1.5407968
2457.744,1.5406129
2458.33,1.5404292
2458.916,1.5402455
2459.502,1.5400618
2460.088,1.5398784
2460.674,1.5396949
2461.26,1.5395116
2461.846,1.5393282
2462.432,1.5391449
2463.018,1.5389616
2463.604,1.5387785
2464.19,1.5385954
2464.776,1.5384125
2465.362,1.5382295
2465.948,1.5380466
2466.534,1.5378639
2467.12,1.5376811
2467.706,1.5374985
2468.292,1.5373158
2468.878,1.5371332
2469.464,1.5369507
2470.05,1.5367683
2470.636,1.5365859
2471.222,1.5364038
2471.808,1.5362215
2472.394,1.5360394
2472.98,1.5358572
2473.566,1.5356753
2474.152,1.5354933
2474.738,1.5353113
2475.324,1.5351295
2475.91,1.5349478
2476.496,1.5347661
2477.082,1.5345844
2477.668,1.5344028
2478.254,1.5342213
2478.84,1.53404
2479.426,1.5338585
2480.012,1.5336772
2480.598,1.533496
2481.184,1.5333148
2481.77,1.5331337
2482.356,1.5329527
2482.942,1.5327717
2483.528,1.5325907
2484.114,1.5324099
2484.7,1.5322291
2485.286,1.5320483
2485.872,1.5318677
2486.458,1.531687
2487.044,1.5315065
2487.63,1.5313261
2488.216,1.5311457
2488.802,1.5309653
2489.388,1.5307851
2489.974,1.5306048
2490.56,1.5304247
2491.146,1.5302446
2491.732,1.5300646
2492.318,1.5298847
2492.904,1.5297048
2493.49,1.5295249
2494.076,1.5293452
2494.662,1.5291655
2495.248,1.5289859
2495.834,1.5288063
2496.42,1.5286267
2497.006,1.5284474
2497.592,1.528268
2498.178,1.5280887
2498.764,1.5279094
2499.35,1.5277302
2499.936,1.5275511
2500.522,1.527372
2501.108,1.527193
2501.694,1.5270141
2502.28,1.5268352
2502.866,1.5266564
2503.452,1.5264776
2504.038,1.526299
2504.624,1.5261203
2505.21,1.5259418
2505.796,1.5257633
2506.382,1.5255849
2506.968,1.5254065
2507.554,1.5252283
2508.14,1.52505
2508.726,1.5248718
2509.312,1.5246937
2509.898,1.5245156
2510.484,1.5243376
2511.07,1.5241597
2511.656,1.5239819
2512.242,1.5238041
2512.828,1.5236263
2513.414,1.5234487
2514,1.5232711
2514.586,1.5230936
2515.172,1.5229161
2515.758,1.5227386
2516.344,1.5225613
2516.93,1.5223839
2517.516,1.5222067
2518.102,1.5220295
2518.688,1.5218524
2519.274,1.5216755
2519.86,1.5214984
2520.446,1.5213215
2521.032,1.5211446
2521.618,1.5209678
2522.204,1.5207912
2522.79,1.5206145
2523.376,1.5204378
2523.962,1.5202613
2524.548,1.5200847
2525.134,1.5199084
2525.72,1.519732
2526.306,1.5195557
2526.892,1.5193795
2527.478,1.5192033
2528.064,1.5190272
2528.65,1.5188512
2529.236,1.5186752
2529.822,1.5184993
2530.408,1.5183233
2530.994,1.5181476
2531.58,1.5179719
2532.166,1.5177962
2532.752,1.5176206
2533.338,1.517445
2533.924,1.5172695
2534.51,1.517094
2535.096,1.5169187
2535.682,1.5167433
2536.268,1.5165681
2536.854,1.5163929
2537.44,1.5162178
2538.026,1.5160427
2538.612,1.5158677
2539.198,1.5156928
2539.784,1.515518
2540.37,1.5153431
2540.956,1.5151683
2541.542,1.5149937
2542.128,1.514819
2542.714,1.5146444
2543.3,1.51447
2543.886,1.5142955
2544.472,1.5141211
2545.058,1.5139468
2545.644,1.5137725
2546.23,1.5135983
2546.816,1.5134242
2547.402,1.51325
2547.988,1.5130759
2548.574,1.512902
2549.16,1.5127281
2549.746,1.5125543
2550.332,1.5123805
2550.918,1.5122068
2551.504,1.5120331
2552.09,1.5118594
2552.676,1.511686
2553.262,1.5115125
2553.848,1.5113391
2554.434,1.5111656
2555.02,1.5109924
2555.606,1.5108192
2556.192,1.510646
2556.778,1.5104729
2557.364,1.5102998
2557.95,1.5101268
2558.536,1.5099539
2559.122,1.509781
2559.708,1.5096081
2560.294,1.5094354
2560.88,1.5092627
2561.466,1.5090901
2562.052,1.5089175
2562.638,1.508745
2563.224,1.5085725
2563.81,1.5084001
2564.396,1.5082278
2564.982,1.5080554
2565.568,1.5078832
2566.154,1.5077111
2566.74,1.507539
2567.326,1.5073669
2567.912,1.507195
2568.498,1.5070231
2569.084,1.5068512
2569.67,1.5066794
2570.256,1.5065076
2570.842,1.506336
2571.428,1.5061643
2572.014,1.5059928
2572.6,1.5058213
2573.186,1.5056498
2573.772,1.5054784
2574.358,1.5053071
2574.944,1.5051359
2575.53,1.5049646
2576.116,1.5047935
2576.702,1.5046223
2577.288,1.5044514
2577.874,1.5042804
2578.46,1.5041095
2579.046,1.5039386
2579.632,1.5037678
2580.218,1.5035971
2580.804,1.5034264
2581.39,1.5032558
2581.976,1.5030853
2582.562,1.5029148
2583.148,1.5027443
2583.734,1.502574
2584.32,1.5024036
2584.906,1.5022334
2585.492,1.5020632
2586.078,1.5018929
2586.664,1.5017229
2587.25,1.5015528
2587.836,1.5013828
2588.422,1.501213
2589.008,1.5010431
2589.594,1.5008733
2590.18,1.5007036
2590.766,1.5005338
2591.352,1.5003642
2591.938,1.5001947
2592.524,1.5000252
2593.11,1.4998558
2593.696,1.4996864
2594.282,1.499517
2594.868,1.4993477
2595.454,1.4991785
2596.04,1.4990094
2596.626,1.4988402
2597.212,1.4986712
2597.798,1.4985023
2598.384,1.4983333
2598.97,1.4981644
2599.556,1.4979956
2600.142,1.4978268
2600.728,1.4976581
2601.314,1.4974896
2601.9,1.4973209
2602.486,1.4971524
2603.072,1.496984
2603.658,1.4968156
2604.244,1.4966472
2604.83,1.4964789
2605.416,1.4963107
2606.002,1.4961425
2606.588,1.4959744
2607.174,1.4958063
2607.76,1.4956384
2608.346,1.4954704
2608.932,1.4953026
2609.518,1.4951347
2610.104,1.4949669
2610.69,1.4947991
2611.276,1.4946315
2611.862,1.4944639
2612.448,1.4942964
2613.034,1.4941289
2613.62,1.4939615
2614.206,1.4937941
2614.792,1.4936268
2615.378,1.4934595
2615.964,1.4932923
2616.55,1.4931251
2617.136,1.4929581
2617.722,1.4927911
2618.308,1.492624
2618.894,1.4924572
2619.48,1.4922903
2620.066,1.4921235
2620.652,1.4919567
2621.238,1.4917901
2621.824,1.4916234
2622.41,1.4914569
2622.996,1.4912903
2623.582,1.4911238
2624.168,1.4909575
2624.754,1.4907911
2625.34,1.4906248
2625.926,1.4904585
2626.512,1.4902923
2627.098,1.4901263
2627.684,1.4899602
2628.27,1.4897941
2628.856,1.4896282
2629.442,1.4894623
2630.028,1.4892964
2630.614,1.4891307
2631.2,1.4889649
2631.786,1.4887993
2632.372,1.4886336
2632.958,1.4884681
2633.544,1.4883026
2634.13,1.4881371
2634.716,1.4879714
2635.302,1.4878057
2635.888,1.4876403
2636.474,1.4874747
2637.06,1.4873092
2637.646,1.4871439
2638.232,1.4869785
2638.818,1.4868132
2639.404,1.486648
2639.99,1.4864827
2640.576,1.4863178
2641.162,1.4861526
2641.748,1.4859877
2642.334,1.4858227
2642.92,1.4856578
2643.506,1.4854929
2644.092,1.4853282
2644.678,1.4851635
2645.264,1.4849988
2645.85,1.4848342
2646.436,1.4846697
2647.022,1.4845052
2647.608,1.4843407
2648.194,1.4841763
2648.78,1.484012
2649.366,1.4838477
2649.952,1.4836836
2650.538,1.4835193
2651.124,1.4833553
2651.71,1.4831913
2652.296,1.4830273
2652.882,1.4828634
2653.468,1.4826995
2654.054,1.4825357
2654.64,1.4823719
2655.226,1.4822083
2655.812,1.4820446
2656.398,1.481881
2656.984,1.4817175
2657.57,1.481554
2658.156,1.4813906
2658.742,1.4812272
2659.328,1.4810638
2659.914,1.4809006
2660.5,1.4807374
2661.086,1.4805743
2661.672,1.4804112
2662.258,1.4802482
2662.844,1.4800851
2663.43,1.4799223
2664.016,1.4797595
2664.602,1.4795966
2665.188,1.4794339
2665.774,1.4792712
2666.36,1.4791085
2666.946,1.4789459
2667.532,1.4787834
2668.118,1.4786209
2668.704,1.4784585
2669.29,1.4782962
2669.876,1.4781338
2670.462,1.4779716
2671.048,1.4778094
2671.634,1.4776472
2672.22,1.4774852
2672.806,1.4773232
2673.392,1.4771612
2673.978,1.4769992
2674.564,1.4768374
2675.15,1.4766755
2675.736,1.4765137
2676.322,1.4763521
2676.908,1.4761904
2677.494,1.4760288
2678.08,1.4758673
2678.666,1.4757059
2679.252,1.4755443
2679.838,1.475383
2680.424,1.4752218
2681.01,1.4750605
2681.596,1.4748993
2682.182,1.4747381
2682.768,1.474577
2683.354,1.4744159
2683.94,1.474255
2684.526,1.474094
2685.112,1.4739331
2685.698,1.4737723
2686.284,1.4736115
2686.87,1.4734508
2687.456,1.4732901
2688.042,1.4731295
2688.628,1.4729689
2689.214,1.4728085
2689.8,1.472648
2690.386,1.4724877
2690.972,1.4723272
2691.558,1.472167
2692.144,1.4720068
2692.73,1.4718466
2693.316,1.4716865
2693.902,1.4715264
2694.488,1.4713664
2695.074,1.4712064
2695.66,1.4710466
2696.246,1.4708867
2696.832,1.4707268
2697.418,1.4705671
2698.004,1.4704075
2698.59,1.4702479
2699.176,1.4700882
2699.762,1.4699287
2700.348,1.4697692
2700.934,1.4696099
2701.52,1.4694505
2702.106,1.4692911
2702.692,1.4691319
2703.278,1.4689727
2703.864,1.4688135
2704.45,1.4686544
2705.036,1.4684954
2705.622,1.4683363
2706.208,1.4681774
2706.794,1.4680185
2707.38,1.4678597
2707.966,1.467701
2708.552,1.4675422
2709.138,1.4673835
2709.724,1.467225
2710.31,1.4670663
2710.896,1.4669079
2711.482,1.4667494
2712.068,1.466591
2712.654,1.4664326
2713.24,1.4662744
2713.826,1.4661161
2714.412,1.4659579
2714.998,1.4657997
2715.584,1.4656416
2716.17,1.4654837
2716.756,1.4653256
2717.342,1.4651676
2717.928,1.4650098
2718.514,1.464852
2719.1,1.4646941
2719.686,1.4645364
2720.272,1.4643787
2720.858,1.4642211
2721.444,1.4640636
2722.03,1.4639062
2722.616,1.4637487
2723.202,1.4635912
2723.788,1.4634339
2724.374,1.4632766
2724.96,1.4631194
2725.546,1.4629622
2726.132,1.462805
2726.718,1.4626479
2727.304,1.4624908
2727.89,1.4623339
2728.476,1.4621769
2729.062,1.46202
2729.648,1.4618632
2730.234,1.4617064
2730.82,1.4615498
2731.406,1.4613931
2731.992,1.4612365
2732.578,1.4610798
2733.164,1.4609233
2733.75,1.4607669
2734.336,1.4606105
2734.922,1.4604541
2735.508,1.4602978
2736.094,1.4601415
2736.68,1.4599853
2737.266,1.4598292
2737.852,1.459673
2738.438,1.459517
2739.024,1.459361
2739.61,1.459205
2740.196,1.4590492
2740.782,1.4588933
2741.368,1.4587375
2741.954,1.4585817
2742.54,1.4584261
2743.126,1.4582704
2743.712,1.4581149
2744.298,1.4579593
2744.884,1.4578038
2745.47,1.4576484
2746.056,1.4574929
2746.642,1.4573376
2747.228,1.4571824
2747.814,1.4570271
2748.4,1.4568715
2748.986,1.4567161
2749.572,1.4565606
2750.158,1.4564053
2750.744,1.4562501
2751.33,1.4560947
2751.916,1.4559395
2752.502,1.4557844
2753.088,1.4556293
2753.674,1.4554744
2754.26,1.4553193
2754.846,1.4551643
2755.432,1.4550095
2756.018,1.4548546
2756.604,1.4546999
2757.19,1.4545451
2757.776,1.4543904
2758.362,1.4542358
2758.948,1.4540812
2759.534,1.4539267
2760.12,1.4537722
2760.706,1.4536178
2761.292,1.4534634
2761.878,1.4533091
2762.464,1.4531548
2763.05,1.4530005
2763.636,1.4528464
2764.222,1.4526923
2764.808,1.4525381
2765.394,1.4523842
2765.98,1.4522302
2766.566,1.4520763
2767.152,1.4519224
2767.738,1.4517685
2768.324,1.4516147
2768.91,1.4514611
2769.496,1.4513074
2770.082,1.4511538
2770.668,1.4510002
2771.254,1.4508467
2771.84,1.4506932
2772.426,1.4505397
2773.012,1.4503864
2773.598,1.4502331
2774.184,1.4500798
2774.77,1.4499266
2775.356,1.4497733
2775.942,1.4496202
2776.528,1.4494672
2777.114,1.4493141
2777.7,1.4491612
2778.286,1.4490082
2778.872,1.4488554
2779.458,1.4487026
2780.044,1.4485499
2780.63,1.448397
2781.216,1.4482445
2781.802,1.4480919
2782.388,1.4479392
2782.974,1.4477867
2783.56,1.4476342
2784.146,1.4474818
2784.732,1.4473294
2785.318,1.4471771
2785.904,1.4470248
2786.49,1.4468726
2787.076,1.4467204
2787.662,1.4465683
2788.248,1.4464163
2788.834,1.4462641
2789.42,1.4461122
2790.006,1.4459602
2790.592,1.4458084
2791.178,1.4456565
2791.764,1.4455048
2792.35,1.445353
2792.936,1.4452013
2793.522,1.4450498
2794.108,1.4448981
2794.694,1.4447466
2795.28,1.4445951
2795.866,1.4444437
2796.452,1.4442922
2797.038,1.4441409
2797.624,1.4439895
2798.21,1.4438384
2798.796,1.4436871
2799.382,1.443536
2799.968,1.4433849
2800.554,1.4432338
2801.14,1.4430829
2801.726,1.4429319
2802.312,1.442781
2802.898,1.4426302
2803.484,1.4424794
2804.07,1.4423286
2804.656,1.4421779
2805.242,1.4420272
2805.828,1.4418766
2806.414,1.4417261
2807,1.4415755
2807.586,1.4414251
2808.172,1.4412746
2808.758,1.4411243
2809.344,1.4409739
2809.93,1.4408237
2810.516,1.4406735
2811.102,1.4405233
2811.688,1.4403732
2812.274,1.4402231
2812.86,1.440073
2813.446,1.439923
2814.032,1.4397731
2814.618,1.4396232
2815.204,1.4394734
2815.79,1.4393237
2816.376,1.4391738
2816.962,1.4390242
2817.548,1.4388745
2818.134,1.4387249
2818.72,1.4385754
2819.306,1.4384259
2819.892,1.4382764
2820.478,1.438127
2821.064,1.4379777
2821.65,1.4378283
2822.236,1.4376791
2822.822,1.4375299
2823.408,1.4373807
2823.994,1.4372315
2824.58,1.4370825
2825.166,1.4369334
2825.752,1.4367845
2826.338,1.4366355
2826.924,1.4364867
2827.51,1.4363378
2828.096,1.4361891
2828.682,1.4360403
2829.268,1.4358916
2829.854,1.435743
2830.44,1.4355944
2831.026,1.4354459
2831.612,1.4352974
2832.198,1.4351488
2832.784,1.4350004
2833.37,1.4348521
2833.956,1.4347038
2834.542,1.4345555
2835.128,1.4344074
2835.714,1.4342592
2836.3,1.434111
2836.886,1.4339629
2837.472,1.4338149
2838.058,1.4336669
2838.644,1.433519
2839.23,1.4333711
2839.816,1.4332232
2840.402,1.4330754
2840.988,1.4329277
2841.574,1.43278
2842.16,1.4326323
2842.746,1.4324847
2843.332,1.4323372
2843.918,1.4321897
2844.504,1.4320422
2845.09,1.4318948
2845.676,1.4317474
2846.262,1.4316001
2846.848,1.4314528
2847.434,1.4313055
2848.02,1.4311584
2848.606,1.4310113
2849.192,1.4308641
2849.778,1.4307171
2850.364,1.4305701
2850.95,1.4304231
2851.536,1.4302763
2852.122,1.4301294
2852.708,1.4299825
2853.294,1.4298358
2853.88,1.4296892
2854.466,1.4295424
2855.052,1.4293958
2855.638,1.4292492
2856.224,1.4291027
2856.81,1.4289562
2857.396,1.4288098
2857.982,1.4286634
2858.568,1.428517
2859.154,1.4283707
2859.74,1.4282244
2860.326,1.4280782
2860.912,1.427932
2861.498,1.4277859
2862.084,1.4276398
2862.67,1.4274938
2863.256,1.4273478
2863.842,1.4272019
2864.428,1.4270561
2865.014,1.4269102
2865.6,1.4267644
2866.186,1.4266186
2866.772,1.4264729
2867.358,1.4263272
2867.944,1.4261816
2868.53,1.4260361
2869.116,1.4258906
2869.702,1.425745
2870.288,1.4255996
2870.874,1.4254543
2871.46,1.4253089
2872.046,1.4251636
2872.632,1.4250183
2873.218,1.4248731
2873.804,1.424728
2874.39,1.4245828
2874.976,1.4244378
2875.562,1.4242928
2876.148,1.4241478
2876.734,1.4240029
2877.32,1.4238579
2877.906,1.4237132
2878.492,1.4235684
2879.078,1.4234236
2879.664,1.4232788
2880.25,1.4231342
2880.836,1.4229896
2881.422,1.4228449
2882.008,1.4227002
2882.594,1.4225553
2883.18,1.4224106
2883.766,1.422266
2884.352,1.4221214
2884.938,1.4219768
2885.524,1.4218322
2886.11,1.4216877
2886.696,1.4215434
2887.282,1.4213989
2887.868,1.4212546
2888.454,1.4211103
2889.04,1.420966
2889.626,1.4208218
2890.212,1.4206775
2890.798,1.4205335
2891.384,1.4203894
2891.97,1.4202454
2892.556,1.4201014
2893.142,1.4199574
2893.728,1.4198135
2894.314,1.4196696
2894.9,1.4195259
2895.486,1.4193821
2896.072,1.4192383
2896.658,1.4190947
2897.244,1.418951
2897.83,1.4188075
2898.416,1.418664
2899.002,1.4185205
2899.588,1.4183769
2900.174,1.4182335
2900.76,1.4180902
2901.346,1.4179468
2901.932,1.4178036
2902.518,1.4176604
2903.104,1.4175172
2903.69,1.4173741
2904.276,1.417231
2904.862,1.4170879
2905.448,1.416945
2906.034,1.4168019
2906.62,1.416659
2907.206,1.4165162
2907.792,1.4163733
2908.378,1.4162304
2908.964,1.4160877
2909.55,1.4159451
2910.136,1.4158025
2910.722,1.4156598
2911.308,1.4155172
2911.894,1.4153746
2912.48,1.4152322
2913.066,1.4150898
2913.652,1.4149474
2914.238,1.4148051
2914.824,1.4146627
2915.41,1.4145205
2915.996,1.4143783
2916.582,1.4142361
2917.168,1.414094
2917.754,1.4139519
2918.34,1.4138099
2918.926,1.4136678
2919.512,1.4135259
2920.098,1.4133841
2920.684,1.4132421
2921.27,1.4131002
2921.856,1.4129585
2922.442,1.4128168
2923.028,1.4126751
2923.614,1.4125335
2924.2,1.4123918
2924.786,1.4122503
2925.372,1.4121088
2925.958,1.4119673
2926.544,1.4118259
2927.13,1.4116845
2927.716,1.4115431
2928.302,1.4114019
2928.888,1.4112606
2929.474,1.4111195
2930.06,1.4109782
2930.646,1.4108372
2931.232,1.410696
2931.818,1.410555
2932.404,1.410414
2932.99,1.4102731
2933.576,1.4101322
2934.162,1.4099913
2934.748,1.4098505
2935.334,1.4097097
2935.92,1.4095689
2936.506,1.4094282
2937.092,1.4092876
2937.678,1.409147
2938.264,1.4090064
2938.85,1.4088658
2939.436,1.4087255
2940.022,1.408585
2940.608,1.4084446
2941.194,1.4083042
2941.78,1.4081639
2942.366,1.4080237
2942.952,1.4078834
2943.538,1.4077432
2944.124,1.4076031
2944.71,1.4074631
2945.296,1.407323
2945.882,1.4071831
2946.468,1.4070431
2947.054,1.4069031
2947.64,1.4067632
2948.226,1.4066235
2948.812,1.4064837
2949.398,1.4063438
2949.984,1.4062041
2950.57,1.4060645
2951.156,1.4059249
2951.742,1.4057853
2952.328,1.4056457
2952.914,1.4055063
2953.5,1.4053668
2954.086,1.4052274
2954.672,1.4050879
2955.258,1.4049487
2955.844,1.4048094
2956.43,1.4046702
2957.016,1.404531
2957.602,1.4043918
2958.188,1.4042528
2958.774,1.4041137
2959.36,1.4039747
2959.946,1.4038357
2960.532,1.4036967
2961.118,1.4035578
2961.704,1.4034189
2962.29,1.40328
2962.876,1.4031414
2963.462,1.4030026
2964.048,1.4028639
2964.634,1.4027252
2965.22,1.4025866
2965.806,1.4024481
2966.392,1.4023095
2966.978,1.4021711
2967.564,1.4020326
2968.15,1.4018942
2968.736,1.4017558
2969.322,1.4016175
2969.908,1.4014792
2970.494,1.4013411
2971.08,1.4012029
2971.666,1.4010648
2972.252,1.4009266
2972.838,1.4007885
2973.424,1.4006505
2974.01,1.4005126
2974.596,1.4003747
2975.182,1.4002367
2975.768,1.4000988
2976.354,1.3999611
2976.94,1.3998232
2977.526,1.3996855
2978.112,1.3995478
2978.698,1.3994101
2979.284,1.3992726
2979.87,1.399135
2980.456,1.3989975
2981.042,1.3988601
2981.628,1.3987226
2982.214,1.3985852
2982.8,1.3984479
2983.386,1.3983105
2983.972,1.3981732
2984.558,1.398036
2985.144,1.3978988
2985.73,1.3977617
2986.316,1.3976245
2986.902,1.3974874
2987.488,1.3973504
2988.074,1.3972135
2988.66,1.3970765
2989.246,1.3969396
2989.832,1.3968028
2990.418,1.3966659
2991.004,1.3965292
2991.59,1.3963923
2992.176,1.3962557
2992.762,1.396119
2993.348,1.3959824
2993.934,1.3958459
2994.52,1.3957093
2995.106,1.3955728
2995.692,1.3954364
2996.278,1.3952999
2996.864,1.3951635
2997.45,1.3950273
2998.036,1.3948909
2998.622,1.3947548
2999.208,1.3946185
2999.794,1.3944823
3000.38,1.3943462
3000.966,1.3942101
3001.552,1.3940741
3002.138,1.3939381
3002.724,1.393802
3003.31,1.3936661
3003.896,1.3935304
3004.482,1.3933945
3005.068,1.3932586
3005.654,1.3931229
3006.24,1.3929873
3006.826,1.3928515
3007.412,1.3927158
3007.998,1.3925803
3008.584,1.3924447
3009.17,1.3923092
3009.756,1.3921736
3010.342,1.3920382
3010.928,1.3919029
3011.514,1.3917675
3012.1,1.3916322
3012.686,1.3914969
3013.272,1.3913617
3013.858,1.3912265
3014.444,1.3910913
3015.03,1.3909562
3015.616,1.3908211
3016.202,1.390686
3016.788,1.3905511
3017.374,1.3904161
3017.96,1.3902812
3018.546,1.3901463
3019.132,1.3900115
3019.718,1.3898767
3020.304,1.389742
3020.89,1.3896072
3021.476,1.3894725
3022.062,1.3893379
3022.648,1.3892033
3023.234,1.3890687
3023.82,1.3889343
3024.406,1.3887998
3024.992,1.3886653
3025.578,1.3885309
3026.164,1.3883965
3026.75,1.3882623
3027.336,1.3881279
3027.922,1.3879937
3028.508,1.3878596
3029.094,1.3877254
3029.68,1.3875912
3030.266,1.3874573
3030.852,1.3873231
3031.438,1.3871891
3032.024,1.3870552
3032.61,1.3869213
3033.196,1.3867874
3033.782,1.3866535
3034.368,1.3865198
3034.954,1.386386
3035.54,1.3862523
3036.126,1.3861185
3036.712,1.3859849
3037.298,1.3858513
3037.884,1.3857177
3038.47,1.3855842
3039.056,1.3854508
3039.642,1.3853173
3040.228,1.3851839
3040.814,1.3850505
3041.4,1.3849171
3041.986,1.384784
3042.572,1.3846507
3043.158,1.3845174
3043.744,1.3843843
3044.33,1.3842509
3044.916,1.3841175
3045.502,1.3839843
3046.088,1.3838511
3046.674,1.3837178
3047.26,1.3835846
3047.846,1.3834515
3048.432,1.3833184
3049.018,1.3831854
3049.604,1.3830523
3050.19,1.3829193
3050.776,1.3827865
3051.362,1.3826536
3051.948,1.3825207
3052.534,1.3823879
3053.12,1.3822551
3053.706,1.3821224
3054.292,1.3819897
3054.878,1.381857
3055.464,1.3817244
3056.05,1.3815918
3056.636,1.3814592
3057.222,1.3813268
3057.808,1.3811944
3058.394,1.3810619
3058.98,1.3809295
3059.566,1.3807971
3060.152,1.3806648
3060.738,1.3805326
3061.324,1.3804003
3061.91,1.3802681
3062.496,1.380136
3063.082,1.3800038
3063.668,1.3798718
3064.254,1.3797398
3064.84,1.3796078
3065.426,1.3794758
3066.012,1.3793439
3066.598,1.379212
3067.184,1.3790802
3067.77,1.3789483
3068.356,1.3788166
3068.942,1.3786849
3069.528,1.3785532
3070.114,1.3784215
3070.7,1.3782898
3071.286,1.3781583
3071.872,1.3780267
3072.458,1.3778952
3073.044,1.3777637
3073.63,1.3776324
3074.216,1.377501
3074.802,1.3773696
3075.388,1.3772383
3075.974,1.377107
3076.56,1.3769758
3077.146,1.3768446
3077.732,1.3767135
3078.318,1.3765824
3078.904,1.3764513
3079.49,1.3763202
3080.076,1.3761892
3080.662,1.3760582
3081.248,1.3759273
3081.834,1.3757964
3082.42,1.3756655
3083.006,1.3755348
3083.592,1.375404
3084.178,1.3752732
3084.764,1.3751426
3085.35,1.3750119
3085.936,1.3748813
3086.522,1.3747507
3087.108,1.3746202
3087.694,1.3744897
3088.28,1.3743591
3088.866,1.3742287
3089.452,1.3740983
3090.038,1.373968
3090.624,1.3738376
3091.21,1.3737073
3091.796,1.3735771
3092.382,1.3734469
3092.968,1.3733168
3093.554,1.3731866
3094.14,1.3730565
3094.726,1.3729265
3095.312,1.3727964
3095.898,1.3726665
3096.484,1.3725365
3097.07,1.3724066
3097.656,1.3722768
3098.242,1.3721468
3098.828,1.3720171
3099.414,1.3718873
3100,1.3717576
