170,5.9083905
170.586,5.8982291
171.172,5.8881197
171.758,5.8780622
172.344,5.8680563
172.93,5.8581014
173.516,5.848197
174.102,5.8383422
174.688,5.8285375
175.274,5.8187819
175.86,5.8090754
176.446,5.799417
177.032,5.7898068
177.618,5.7802444
178.204,5.7707291
178.79,5.761261
179.376,5.7518392
179.962,5.7424631
180.548,5.7331333
181.134,5.7238488
181.72,5.7146087
182.306,5.7054124
182.892,5.6962609
183.478,5.6871538
184.064,5.6780896
184.65,5.6690688
185.236,5.6600909
185.822,5.6511555
186.408,5.6422629
186.994,5.6334114
187.58,5.6246018
188.166,5.6158338
188.752,5.6071062
189.338,5.5984192
189.924,5.5897727
190.51,5.5811663
191.096,5.5725994
191.682,5.5640717
192.268,5.555583
192.854,5.5471334
193.44,5.538722
194.026,5.5303488
194.612,5.5220132
195.198,5.5137148
195.784,5.5054541
196.37,5.4972301
196.956,5.4890432
197.542,5.4808927
198.128,5.4727783
198.714,5.4646997
199.3,5.4566569
199.886,5.4486494
200.472,5.4406772
201.058,5.4327402
201.644,5.4248371
202.23,5.4169693
202.816,5.4091349
203.402,5.4013348
203.988,5.393568
204.574,5.3858352
205.16,5.3781352
205.746,5.3704681
206.332,5.3628335
206.918,5.3552318
207.504,5.347662
208.09,5.3401246
208.676,5.3326187
209.262,5.3251443
209.848,5.3177013
210.434,5.3102899
211.02,5.3029089
211.606,5.2955585
212.192,5.288239
212.778,5.2809496
213.364,5.2736902
213.95,5.2664609
214.536,5.2592607
215.122,5.2520905
215.708,5.2449493
216.294,5.2378373
216.88,5.2307544
217.466,5.2236996
218.052,5.2166734
218.638,5.2096758
219.224,5.2027063
219.81,5.1957645
220.396,5.1888499
220.982,5.181963
221.568,5.1751037
222.154,5.1682711
222.74,5.1614661
223.326,5.1546874
223.912,5.1479354
224.498,5.1412101
225.084,5.134511
225.67,5.1278381
226.256,5.121191
226.842,5.1145697
227.428,5.1079741
228.014,5.1014042
228.6,5.0948591
229.186,5.0883393
229.772,5.0818448
230.358,5.0753751
230.944,5.0689297
231.53,5.0625091
232.116,5.0561128
232.702,5.0497408
233.288,5.0433927
233.874,5.0370684
234.46,5.0307684
235.046,5.0244913
235.632,5.0182381
236.218,5.0120082
236.804,5.0058017
237.39,4.9996171
237.976,4.9934554
238.562,4.9873166
239.148,4.9812007
239.734,4.9751067
240.32,4.9690351
240.906,4.962986
241.492,4.9569592
242.078,4.950954
242.664,4.9449706
243.25,4.9390087
243.836,4.9330688
244.422,4.9271498
245.008,4.9212527
245.594,4.9153762
246.18,4.9095206
246.766,4.9036865
247.352,4.8978729
247.938,4.8920798
248.524,4.8863072
249.11,4.8805552
249.696,4.8748236
250.282,4.869112
250.868,4.8634205
251.454,4.857749
252.04,4.8520966
252.626,4.8464646
253.212,4.8408518
253.798,4.835258
254.384,4.8296838
254.97,4.8241291
255.556,4.818593
256.142,4.813076
256.728,4.8075786
257.314,4.8020992
257.9,4.796639
258.486,4.7911973
259.072,4.7857738
259.658,4.7803688
260.244,4.7749825
260.83,4.7696137
261.416,4.7642636
262.002,4.7589312
262.588,4.7536163
263.174,4.7483196
263.76,4.7430406
264.346,4.7377791
264.932,4.7325349
265.518,4.7273083
266.104,4.7220988
266.69,4.7169065
267.276,4.7117314
267.862,4.7065735
268.448,4.7014322
269.034,4.6963077
269.62,4.6912003
270.206,4.6861091
270.792,4.6810346
271.378,4.6759763
271.964,4.6709347
272.55,4.6659093
273.136,4.6609001
273.722,4.6559072
274.308,4.6509299
274.894,4.6459689
275.48,4.6410236
276.066,4.6360936
276.652,4.6311798
277.238,4.6262817
277.824,4.6213989
278.41,4.6165314
278.996,4.6116796
279.582,4.6068425
280.168,4.6020207
280.754,4.5972142
281.34,4.592423
281.926,4.5876465
282.512,4.5828848
283.098,4.5781384
283.684,4.5734057
284.27,4.5686884
284.856,4.5639858
285.442,4.5592976
286.028,4.5546231
286.614,4.549964
287.2,4.5453186
287.786,4.5406871
288.372,4.5360703
288.958,4.5314674
289.544,4.5268784
290.13,4.5223031
290.716,4.5177422
291.302,4.5131946
291.888,4.5086613
292.474,4.5041409
293.06,4.4996347
293.646,4.4951415
294.232,4.4906621
294.818,4.4861956
295.404,4.4817429
295.99,4.4773035
296.576,4.472877
297.162,4.4684634
297.748,4.4640632
298.334,4.4596758
298.92,4.4553018
299.506,4.4509401
300.092,4.4465914
300.678,4.442255
301.264,4.4379315
301.85,4.4336205
302.436,4.4293218
303.022,4.4250355
303.608,4.4207621
304.194,4.4165006
304.78,4.4122519
305.366,4.4080148
305.952,4.4037905
306.538,4.3995781
307.124,4.3953776
307.71,4.3911896
308.296,4.387013
308.882,4.3828487
309.468,4.378696
310.054,4.3745551
310.64,4.3704257
311.226,4.3663087
311.812,4.3622026
312.398,4.3581085
312.984,4.3540258
313.57,4.3499546
314.156,4.3458948
314.742,4.3418465
315.328,4.3378091
315.914,4.3337831
316.5,4.3297687
317.086,4.3257651
317.672,4.3217726
318.258,4.3177915
318.844,4.3138213
319.43,4.3098617
320.016,4.305913
320.602,4.3019753
321.188,4.2980485
321.774,4.2941327
322.36,4.2902274
322.946,4.2863326
323.532,4.2824473
324.118,4.2785735
324.704,4.2747097
325.29,4.2708564
325.876,4.2670135
326.462,4.2631812
327.048,4.2593594
327.634,4.2555475
328.22,4.2517457
328.806,4.2479544
329.392,4.244173
329.978,4.2404017
330.564,4.2366409
331.15,4.2328901
331.736,4.2291489
332.322,4.2254176
332.908,4.2216964
333.494,4.2179847
334.08,4.214283
334.666,4.2105913
335.252,4.2069092
335.838,4.2032366
336.424,4.1995735
337.01,4.1959205
337.596,4.1922765
338.182,4.188642
338.768,4.1850171
339.354,4.1814017
339.94,4.1777954
340.526,4.1741986
341.112,4.1706109
341.698,4.1670327
342.284,4.1634636
342.87,4.159904
343.456,4.1563525
344.042,4.1528106
344.628,4.1492772
345.214,4.1457534
345.8,4.1422381
346.386,4.138732
346.972,4.1352344
347.558,4.1317463
348.144,4.1282663
348.73,4.1247959
349.316,4.1213336
349.902,4.1178803
350.488,4.1144357
351.074,4.1109996
351.66,4.1075721
352.246,4.1041532
352.832,4.1007428
353.418,4.0973411
354.004,4.0939474
354.59,4.0905623
355.176,4.0871859
355.762,4.0838175
356.348,4.0804577
356.934,4.077106
357.52,4.0737629
358.106,4.0704274
358.692,4.0671005
359.278,4.0637817
359.864,4.0604711
360.45,4.0571685
361.036,4.053874
361.622,4.0505872
362.208,4.0473084
362.794,4.0440378
363.38,4.0407753
363.966,4.0375204
364.552,4.0342731
365.138,4.0310345
365.724,4.0278029
366.31,4.024579
366.896,4.0213633
367.482,4.0181551
368.068,4.0149546
368.654,4.0117617
369.24,4.0085764
369.826,4.0053988
370.412,4.0022287
370.998,3.9990661
371.584,3.9959109
372.17,3.992763
372.756,3.9896228
373.342,3.98649
373.928,3.9833643
374.514,3.9802463
375.1,3.9771354
375.686,3.9740317
376.272,3.9709356
376.858,3.9678466
377.444,3.9647646
378.03,3.9616897
378.616,3.9586222
379.202,3.9555616
379.788,3.9525084
380.374,3.9494619
380.96,3.9464228
381.546,3.9433904
382.132,3.9403651
382.718,3.9373467
383.304,3.9343352
383.89,3.9313307
384.476,3.928333
385.062,3.9253423
385.648,3.9223583
386.234,3.9193809
386.82,3.9164107
387.406,3.9134469
387.992,3.9104898
388.578,3.9075396
389.164,3.9045959
389.75,3.901659
390.336,3.8987286
390.922,3.8958049
391.508,3.8928876
392.094,3.889977
392.68,3.8870728
393.266,3.8841751
393.852,3.881284
394.438,3.8783991
395.024,3.8755209
395.61,3.872649
396.196,3.8697834
396.782,3.8669243
397.368,3.8640714
397.954,3.8612247
398.54,3.8583846
399.126,3.8555505
399.712,3.8527226
400.298,3.8499012
400.884,3.8470857
401.47,3.8442764
402.056,3.8414733
402.642,3.8386765
403.228,3.8358858
403.814,3.8331008
404.4,3.8303223
404.986,3.8275495
405.572,3.8247828
406.158,3.8220222
406.744,3.8192675
407.33,3.8165188
407.916,3.813776
408.502,3.811039
409.088,3.8083079
409.674,3.8055828
410.26,3.8028636
410.846,3.8001499
411.432,3.7974422
412.018,3.7947404
412.604,3.7920442
413.19,3.7893538
413.776,3.786669
414.362,3.7839901
414.948,3.7813168
415.534,3.7786491
416.12,3.7759871
416.706,3.7733309
417.292,3.77068
417.878,3.7680347
418.464,3.7653952
419.05,3.7627611
419.636,3.7601326
420.222,3.7575095
420.808,3.7548919
421.394,3.7522798
421.98,3.7496731
422.566,3.747072
423.152,3.7444761
423.738,3.7418857
424.324,3.7393005
424.91,3.7367208
425.496,3.7341464
426.082,3.7315774
426.668,3.7290137
427.254,3.7264552
427.84,3.723902
428.426,3.7213542
429.012,3.7188115
429.598,3.716274
430.184,3.7137415
430.77,3.7112145
431.356,3.7086926
431.942,3.7061758
432.528,3.7036641
433.114,3.7011573
433.7,3.6986558
434.286,3.6961589
434.872,3.6936674
435.458,3.6911805
436.044,3.6886988
436.63,3.6862223
437.216,3.6837504
437.802,3.6812837
438.388,3.6788218
438.974,3.6763651
439.56,3.673913
440.146,3.6714661
440.732,3.669024
441.318,3.6665866
441.904,3.6641543
442.49,3.6617267
443.076,3.6593039
443.662,3.6568861
444.248,3.6544728
444.834,3.6520646
445.42,3.6496608
446.006,3.6472621
446.592,3.6448679
447.178,3.6424785
447.764,3.6400938
448.35,3.6377137
448.936,3.6353383
449.522,3.6329677
450.108,3.6306016
450.694,3.6282403
451.28,3.6258833
451.866,3.6235311
452.452,3.6211836
453.038,3.6188405
453.624,3.616502
454.21,3.6141679
454.796,3.6118386
455.382,3.6095135
455.968,3.6071932
456.554,3.6048772
457.14,3.6025655
457.726,3.6002586
458.312,3.5979559
458.898,3.5956576
459.484,3.593364
460.07,3.5910745
460.656,3.5887895
461.242,3.586509
461.828,3.5842326
462.414,3.5819607
463,3.5796931
463.586,3.5774298
464.172,3.5751708
464.758,3.572916
465.344,3.5706654
465.93,3.5684185
466.516,3.5661759
467.102,3.5639377
467.688,3.5617037
468.274,3.5594738
468.86,3.5572484
469.446,3.5550268
470.032,3.5528095
470.618,3.5505962
471.204,3.5483873
471.79,3.5461826
472.376,3.5439818
472.962,3.541785
473.548,3.5395927
474.134,3.5374043
474.72,3.5352199
475.306,3.5330396
475.892,3.5308633
476.478,3.5286911
477.064,3.5265229
477.65,3.5243585
478.236,3.5221982
478.822,3.5200422
479.408,3.5178897
479.994,3.5157413
480.58,3.513597
481.166,3.5114565
481.752,3.50932
482.338,3.5071874
482.924,3.5050588
483.51,3.5029337
484.096,3.5008128
484.682,3.4986956
485.268,3.4965825
485.854,3.494473
486.44,3.4923673
487.026,3.4902656
487.612,3.4881675
488.198,3.4860733
488.784,3.4839828
489.37,3.4818962
489.956,3.4798131
490.542,3.4777339
491.128,3.4756584
491.714,3.4735868
492.3,3.4715185
492.886,3.4694538
493.472,3.4673927
494.058,3.4653351
494.644,3.4632814
495.23,3.4612312
495.816,3.4591849
496.402,3.4571419
496.988,3.4551027
497.574,3.4530671
498.16,3.451035
498.746,3.4490066
499.332,3.4469819
499.918,3.4449606
500.504,3.4429429
501.09,3.4409287
501.676,3.4389181
502.262,3.4369111
502.848,3.4349074
503.434,3.4329073
504.02,3.4309108
504.606,3.4289179
505.192,3.426928
505.778,3.424942
506.364,3.4229593
506.95,3.42098
507.536,3.4190042
508.122,3.4170318
508.708,3.4150629
509.294,3.4130974
509.88,3.4111352
510.466,3.4091763
511.052,3.4072208
511.638,3.4052689
512.224,3.4033203
512.81,3.4013748
513.396,3.3994329
513.982,3.3974941
514.568,3.3955588
515.154,3.3936267
515.74,3.3916979
516.326,3.3897724
516.912,3.3878503
517.498,3.3859313
518.084,3.3840156
518.67,3.3821032
519.256,3.3801939
519.842,3.378288
520.428,3.3763852
521.014,3.3744857
521.6,3.3725896
522.186,3.3706965
522.772,3.3688064
523.358,3.3669198
523.944,3.3650362
524.53,3.3631556
525.116,3.3612785
525.702,3.3594043
526.288,3.3575332
526.874,3.3556654
527.46,3.3538008
528.046,3.351939
528.632,3.3500805
529.218,3.3482251
529.804,3.3463726
530.39,3.3445234
530.976,3.3426771
531.562,3.3408339
532.148,3.3389938
532.734,3.3371568
533.32,3.3353226
533.906,3.3334916
534.492,3.3316636
535.078,3.3298385
535.664,3.3280163
536.25,3.3261974
536.836,3.3243814
537.422,3.3225682
538.008,3.3207581
538.594,3.3189509
539.18,3.3171465
539.766,3.3153453
540.352,3.3135469
540.938,3.3117516
541.524,3.3099589
542.11,3.3081694
542.696,3.3063827
543.282,3.3045988
543.868,3.3028181
544.454,3.3010397
545.04,3.2992647
545.626,3.2974923
546.212,3.2957227
546.798,3.2939563
547.384,3.2921925
547.97,3.2904315
548.556,3.2886732
549.142,3.2869177
549.728,3.2851651
550.314,3.2834153
550.9,3.2816682
551.486,3.2799239
552.072,3.2781825
552.658,3.2764437
553.244,3.2747078
553.83,3.2729745
554.416,3.2712443
555.002,3.2695165
555.588,3.2677915
556.174,3.2660694
556.76,3.2643499
557.346,3.2626331
557.932,3.2609189
558.518,3.2592075
559.104,3.2574987
559.69,3.2557929
560.276,3.2540896
560.862,3.252389
561.448,3.2506909
562.034,3.2489955
562.62,3.2473028
563.206,3.2456129
563.792,3.2439253
564.378,3.2422407
564.964,3.2405586
565.55,3.238879
566.136,3.2372022
566.722,3.2355278
567.308,3.233856
567.894,3.2321868
568.48,3.2305202
569.066,3.2288563
569.652,3.227195
570.238,3.2255361
570.824,3.2238798
571.41,3.2222261
571.996,3.2205749
572.582,3.2189262
573.168,3.2172801
573.754,3.2156365
574.34,3.2139955
574.926,3.2123568
575.512,3.2107208
576.098,3.2090871
576.684,3.2074561
577.27,3.2058277
577.856,3.2042015
578.442,3.2025778
579.028,3.2009568
579.614,3.199338
580.2,3.1977217
580.786,3.1961079
581.372,3.1944964
581.958,3.1928875
582.544,3.1912811
583.13,3.189677
583.716,3.1880753
584.302,3.186476
584.888,3.1848793
585.474,3.1832848
586.06,3.1816928
586.646,3.1801031
587.232,3.1785157
587.818,3.1769309
588.404,3.1753483
588.99,3.1737683
589.576,3.1721904
590.162,3.170615
590.748,3.1690419
591.334,3.1674712
591.92,3.1659026
592.506,3.1643364
593.092,3.1627727
593.678,3.1612113
594.264,3.159652
594.85,3.1580951
595.436,3.1565406
596.022,3.1549885
596.608,3.1534383
597.194,3.1518908
597.78,3.1503453
598.366,3.1488023
598.952,3.1472614
599.538,3.1457226
600.124,3.1441863
600.71,3.1426523
601.296,3.1411204
601.882,3.1395907
602.468,3.1380632
603.054,3.136538
603.64,3.135015
604.226,3.1334941
604.812,3.1319757
605.398,3.1304591
605.984,3.1289449
606.57,3.1274328
607.156,3.1259229
607.742,3.1244154
608.328,3.1229098
608.914,3.1214066
609.5,3.1199055
610.086,3.1184065
610.672,3.1169097
611.258,3.1154151
611.844,3.1139226
612.43,3.1124322
613.016,3.110944
613.602,3.109458
614.188,3.1079738
614.774,3.106492
615.36,3.1050124
615.946,3.1035347
616.532,3.1020591
617.118,3.1005859
617.704,3.0991147
618.29,3.0976453
618.876,3.0961783
619.462,3.0947132
620.048,3.0932503
620.634,3.0917892
621.22,3.0903306
621.806,3.0888739
622.392,3.087419
622.978,3.0859663
623.564,3.0845158
624.15,3.0830674
624.736,3.0816207
625.322,3.0801761
625.908,3.0787337
626.494,3.0772934
627.08,3.075855
627.666,3.0744185
628.252,3.0729842
628.838,3.0715518
629.424,3.0701215
630.01,3.0686932
630.596,3.0672667
631.182,3.0658424
631.768,3.06442
632.354,3.0629995
632.94,3.0615811
633.526,3.0601647
634.112,3.0587499
634.698,3.0573375
635.284,3.0559268
635.87,3.0545182
636.456,3.0531116
637.042,3.0517068
637.628,3.0503039
638.214,3.048903
638.8,3.0475042
639.386,3.0461071
639.972,3.0447118
640.558,3.0433187
641.144,3.0419276
641.73,3.0405381
642.316,3.0391507
642.902,3.037765
643.488,3.0363812
644.074,3.0349996
644.66,3.0336196
645.246,3.0322416
645.832,3.0308654
646.418,3.0294912
647.004,3.0281188
647.59,3.0267482
648.176,3.0253797
648.762,3.0240128
649.348,3.0226479
649.934,3.0212848
650.52,3.0199234
651.106,3.018564
651.692,3.0172064
652.278,3.0158508
652.864,3.0144968
653.45,3.0131447
654.036,3.0117946
654.622,3.0104461
655.208,3.0090992
655.794,3.0077546
656.38,3.0064113
656.966,3.0050702
657.552,3.0037308
658.138,3.002393
658.724,3.0010571
659.31,2.9997232
659.896,2.9983909
660.482,2.9970603
661.068,2.9957316
661.654,2.9944046
662.24,2.9930794
662.826,2.991756
663.412,2.9904342
663.998,2.9891143
664.584,2.9877961
665.17,2.9864798
665.756,2.9851649
666.342,2.9838519
666.928,2.9825408
667.514,2.9812312
668.1,2.9799235
668.686,2.9786174
669.272,2.977313
669.858,2.9760106
670.444,2.9747095
671.03,2.9734104
671.616,2.9721129
672.202,2.9708171
672.788,2.969523
673.374,2.9682307
673.96,2.9669399
674.546,2.9656508
675.132,2.9643636
675.718,2.9630778
676.304,2.9617939
676.89,2.9605114
677.476,2.9592309
678.062,2.957952
678.648,2.9566746
679.234,2.9553988
679.82,2.9541245
680.406,2.9528515
680.992,2.9515805
681.578,2.9503112
682.164,2.9490435
682.75,2.9477775
683.336,2.9465129
683.922,2.94525
684.508,2.9439888
685.094,2.9427292
685.68,2.9414711
686.266,2.9402149
686.852,2.9389601
687.438,2.9377069
688.024,2.9364552
688.61,2.9352052
689.196,2.9339571
689.782,2.9327102
690.368,2.9314649
690.954,2.9302216
691.54,2.9289794
692.126,2.9277391
692.712,2.9265003
693.298,2.9252629
693.884,2.9240272
694.47,2.9227931
695.056,2.9215605
695.642,2.9203296
696.228,2.9191003
696.814,2.9178722
697.4,2.916646
697.986,2.9154212
698.572,2.9141979
699.158,2.9129763
699.744,2.911756
700.33,2.9105375
700.916,2.9093204
701.502,2.9081049
702.088,2.9068909
702.674,2.9056783
703.26,2.9044673
703.846,2.9032578
704.432,2.90205
705.018,2.9008434
705.604,2.8996387
706.19,2.8984351
706.776,2.897233
707.362,2.8960328
707.948,2.8948338
708.534,2.8936365
709.12,2.8924403
709.706,2.8912458
710.292,2.890053
710.878,2.8888614
711.464,2.8876715
712.05,2.886483
712.636,2.8852959
713.222,2.8841102
713.808,2.8829262
714.394,2.8817434
714.98,2.8805623
715.566,2.8793824
716.152,2.8782043
716.738,2.8770273
717.324,2.8758519
717.91,2.8746779
718.496,2.8735054
719.082,2.8723342
719.668,2.8711648
720.254,2.8699965
720.84,2.8688297
721.426,2.8676646
722.012,2.8665006
722.598,2.8653381
723.184,2.864177
723.77,2.8630173
724.356,2.8618591
724.942,2.8607023
725.528,2.8595469
726.114,2.8583927
726.7,2.8572402
727.286,2.8560884
727.872,2.8549383
728.458,2.8537893
729.044,2.8526418
729.63,2.8514957
730.216,2.8503511
730.802,2.8492076
731.388,2.8480656
731.974,2.8469253
732.56,2.8457859
733.146,2.8446481
733.732,2.8435116
734.318,2.8423765
734.904,2.8412428
735.49,2.8401105
736.076,2.8389795
736.662,2.8378499
737.248,2.8367217
737.834,2.8355947
738.42,2.8344691
739.006,2.8333449
739.592,2.832222
740.178,2.8311005
740.764,2.8299804
741.35,2.8288615
741.936,2.8277438
742.522,2.8266277
743.108,2.8255129
743.694,2.8243992
744.28,2.823287
744.866,2.8221762
745.452,2.8210666
746.038,2.8199582
746.624,2.8188512
747.21,2.8177457
747.796,2.8166413
748.382,2.8155384
748.968,2.8144367
749.554,2.8133361
750.14,2.812237
750.726,2.8111391
751.312,2.8100426
751.898,2.8089473
752.484,2.8078535
753.07,2.8067608
753.656,2.8056693
754.242,2.8045793
754.828,2.8034904
755.414,2.8024027
756,2.8013165
756.586,2.8002315
757.172,2.7991476
757.758,2.7980649
758.344,2.796984
758.93,2.7959039
759.516,2.7948251
760.102,2.7937477
760.688,2.7926714
761.274,2.7915964
761.86,2.7905226
762.446,2.7894502
763.032,2.788379
763.618,2.7873089
764.204,2.7862401
764.79,2.7851725
765.376,2.7841063
765.962,2.783041
766.548,2.7819769
767.134,2.7809138
767.72,2.7798522
768.306,2.7787914
768.892,2.7777321
769.478,2.776674
770.064,2.7756169
770.65,2.7745612
771.236,2.7735066
771.822,2.7724533
772.408,2.7714012
772.994,2.7703502
773.58,2.7693005
774.166,2.7682521
774.752,2.7672048
775.338,2.7661586
775.924,2.7651136
776.51,2.7640698
777.096,2.7630272
777.682,2.7619858
778.268,2.7609456
778.854,2.7599065
779.44,2.7588687
780.026,2.7578321
780.612,2.7567966
781.198,2.7557621
781.784,2.754729
782.37,2.7536969
782.956,2.7526662
783.542,2.7516365
784.128,2.750608
784.714,2.7495806
785.3,2.7485545
785.886,2.7475293
786.472,2.7465055
787.058,2.7454827
787.644,2.7444611
788.23,2.7434406
788.816,2.7424212
789.402,2.7414031
789.988,2.740386
790.574,2.7393701
791.16,2.7383552
791.746,2.7373416
792.332,2.7363291
792.918,2.7353177
793.504,2.7343073
794.09,2.7332983
794.676,2.73229
795.262,2.7312832
795.848,2.7302775
796.434,2.7292726
797.02,2.7282691
797.606,2.7272666
798.192,2.7262652
798.778,2.725265
799.364,2.7242658
799.95,2.7232678
800.536,2.722271
801.122,2.7212751
801.708,2.7202802
802.294,2.7192864
802.88,2.7182939
803.466,2.7173026
804.052,2.7163122
804.638,2.7153227
805.224,2.7143345
805.81,2.7133474
806.396,2.7123613
806.982,2.7113762
807.568,2.7103922
808.154,2.7094095
808.74,2.7084277
809.326,2.7074471
809.912,2.7064674
810.498,2.7054887
811.084,2.7045112
811.67,2.7035348
812.256,2.7025592
812.842,2.7015851
813.428,2.7006116
814.014,2.6996393
814.6,2.6986682
815.186,2.6976981
815.772,2.6967289
816.358,2.695761
816.944,2.6947939
817.53,2.6938281
818.116,2.692863
818.702,2.6918993
819.288,2.6909363
819.874,2.6899745
820.46,2.6890137
821.046,2.6880541
821.632,2.6870954
822.218,2.6861377
822.804,2.6851809
823.39,2.6842253
823.976,2.6832707
824.562,2.682317
825.148,2.6813645
825.734,2.6804128
826.32,2.6794622
826.906,2.6785123
827.492,2.6775637
828.078,2.676616
828.664,2.6756692
829.25,2.6747234
829.836,2.6737785
830.422,2.6728349
831.008,2.6718922
831.594,2.6709504
832.18,2.6700096
832.766,2.6690698
833.352,2.6681311
833.938,2.6671934
834.524,2.6662564
835.11,2.6653206
835.696,2.6643858
836.282,2.6634521
836.868,2.6625192
837.454,2.6615875
838.04,2.6606565
838.626,2.6597266
839.212,2.6587977
839.798,2.6578698
840.384,2.6569428
840.97,2.6560168
841.556,2.6550918
842.142,2.6541677
842.728,2.6532445
843.314,2.6523223
843.9,2.6514013
844.486,2.650481
845.072,2.6495616
845.658,2.6486435
846.244,2.6477261
846.83,2.6468096
847.416,2.6458943
848.002,2.6449797
848.588,2.6440661
849.174,2.6431537
849.76,2.642242
850.346,2.6413312
850.932,2.6404214
851.518,2.6395128
852.104,2.6386049
852.69,2.6376979
853.276,2.6367917
853.862,2.6358867
854.448,2.6349826
855.034,2.6340795
855.62,2.633177
856.206,2.6322758
856.792,2.6313753
857.378,2.6304758
857.964,2.6295772
858.55,2.6286795
859.136,2.6277828
859.722,2.6268871
860.308,2.6259921
860.894,2.625098
861.48,2.6242051
862.066,2.623313
862.652,2.6224215
863.238,2.6215312
863.824,2.6206417
864.41,2.6197534
864.996,2.6188657
865.582,2.6179788
866.168,2.6170931
866.754,2.6162081
867.34,2.615324
867.926,2.6144409
868.512,2.6135588
869.098,2.6126773
869.684,2.6117969
870.27,2.6109173
870.856,2.6100388
871.442,2.6091609
872.028,2.608284
872.614,2.607408
873.2,2.6065328
873.786,2.6056585
874.372,2.6047852
874.958,2.6039126
875.544,2.6030409
876.13,2.6021702
876.716,2.6013005
877.302,2.6004314
877.888,2.5995634
878.474,2.598696
879.06,2.5978296
879.646,2.5969641
880.232,2.5960994
880.818,2.5952356
881.404,2.5943727
881.99,2.5935106
882.576,2.5926495
883.162,2.591789
883.748,2.5909295
884.334,2.590071
884.92,2.5892131
885.506,2.5883563
886.092,2.5875001
886.678,2.5866449
887.264,2.5857904
887.85,2.5849369
888.436,2.5840843
889.022,2.5832324
889.608,2.5823812
890.194,2.5815313
890.78,2.5806818
891.366,2.5798333
891.952,2.5789857
892.538,2.5781388
893.124,2.5772929
893.71,2.5764477
894.296,2.5756035
894.882,2.57476
895.468,2.5739172
896.054,2.5730753
896.64,2.5722344
897.226,2.5713942
897.812,2.5705547
898.398,2.5697162
898.984,2.5688787
899.57,2.5680416
900.156,2.5672054
900.742,2.5663702
901.328,2.5655358
901.914,2.564702
902.5,2.5638692
903.086,2.5630372
903.672,2.562206
904.258,2.5613756
904.844,2.5605459
905.43,2.5597172
906.016,2.5588892
906.602,2.5580621
907.188,2.5572357
907.774,2.5564101
908.36,2.5555854
908.946,2.5547612
909.532,2.5539382
910.118,2.5531156
910.704,2.552294
911.29,2.5514734
911.876,2.5506532
912.462,2.549834
913.048,2.5490155
913.634,2.548198
914.22,2.5473812
914.806,2.5465651
915.392,2.5457497
915.978,2.5449352
916.564,2.5441215
917.15,2.5433085
917.736,2.5424962
918.322,2.5416849
918.908,2.5408742
919.494,2.5400646
920.08,2.5392554
920.666,2.5384471
921.252,2.5376396
921.838,2.5368328
922.424,2.5360267
923.01,2.5352216
923.596,2.5344172
924.182,2.5336134
924.768,2.5328104
925.354,2.5320084
925.94,2.5312071
926.526,2.5304065
927.112,2.5296063
927.698,2.5288074
928.284,2.5280089
928.87,2.5272114
929.456,2.5264146
930.042,2.5256183
930.628,2.524823
931.214,2.5240285
931.8,2.5232346
932.386,2.5224416
932.972,2.5216491
933.558,2.5208576
934.144,2.5200667
934.73,2.5192766
935.316,2.5184872
935.902,2.5176985
936.488,2.5169106
937.074,2.5161235
937.66,2.515337
938.246,2.5145514
938.832,2.5137665
939.418,2.5129821
940.004,2.5121987
940.59,2.511416
941.176,2.5106339
941.762,2.5098526
942.348,2.5090721
942.934,2.5082922
943.52,2.5075133
944.106,2.5067348
944.692,2.5059571
945.278,2.5051804
945.864,2.5044041
946.45,2.5036285
947.036,2.5028539
947.622,2.5020797
948.208,2.5013063
948.794,2.5005338
949.38,2.4997618
949.966,2.4989908
950.552,2.4982202
951.138,2.4974506
951.724,2.4966815
952.31,2.495913
952.896,2.4951456
953.482,2.4943786
954.068,2.4936123
954.654,2.4928467
955.24,2.4920819
955.826,2.4913177
956.412,2.4905546
956.998,2.4897919
957.584,2.4890299
958.17,2.4882684
958.756,2.4875078
959.342,2.486748
959.928,2.4859889
960.514,2.4852302
961.1,2.4844725
961.686,2.4837153
962.272,2.4829588
962.858,2.482203
963.444,2.4814479
964.03,2.4806938
964.616,2.4799399
965.202,2.479187
965.788,2.4784346
966.374,2.4776831
966.96,2.476932
967.546,2.476182
968.132,2.4754322
968.718,2.4746833
969.304,2.4739351
969.89,2.4731877
970.476,2.4724407
971.062,2.4716945
971.648,2.4709489
972.234,2.4702044
972.82,2.46946
973.406,2.4687166
973.992,2.4679737
974.578,2.4672315
975.164,2.46649
975.75,2.4657493
976.336,2.4650092
976.922,2.4642696
977.508,2.4635308
978.094,2.4627926
978.68,2.4620552
979.266,2.4613183
979.852,2.4605823
980.438,2.4598467
981.024,2.4591119
981.61,2.4583776
982.196,2.4576442
982.782,2.4569113
983.368,2.4561791
983.954,2.4554474
984.54,2.4547167
985.126,2.4539864
985.712,2.4532566
986.298,2.4525278
986.884,2.4517994
987.47,2.4510717
988.056,2.4503448
988.642,2.4496183
989.228,2.4488926
989.814,2.4481676
990.4,2.447443
990.986,2.4467194
991.572,2.4459963
992.158,2.4452736
992.744,2.4445517
993.33,2.4438305
993.916,2.44311
994.502,2.44239
995.088,2.4416707
995.674,2.4409521
996.26,2.4402339
996.846,2.4395165
997.432,2.4387999
998.018,2.4380836
998.604,2.4373682
999.19,2.4366531
999.776,2.4359388
1000.362,2.4352252
1000.948,2.4345124
1001.534,2.4338
1002.12,2.4330881
1002.706,2.4323769
1003.292,2.4316666
1003.878,2.4309566
1004.464,2.4302473
1005.05,2.4295387
1005.636,2.4288306
1006.222,2.4281232
1006.808,2.4274163
1007.394,2.4267104
1007.98,2.4260046
1008.566,2.4252999
1009.152,2.4245956
1009.738,2.4238918
1010.324,2.4231887
1010.91,2.4224861
1011.496,2.4217842
1012.082,2.421083
1012.668,2.4203823
1013.254,2.4196823
1013.84,2.4189827
1014.426,2.4182839
1015.012,2.4175858
1015.598,2.4168882
1016.184,2.4161911
1016.77,2.4154947
1017.356,2.414799
1017.942,2.4141037
1018.528,2.413409
1019.114,2.412715
1019.7,2.4120216
1020.286,2.4113288
1020.872,2.4106364
1021.458,2.409945
1022.044,2.4092538
1022.63,2.4085634
1023.216,2.4078736
1023.802,2.4071844
1024.388,2.4064958
1024.974,2.4058077
1025.56,2.4051201
1026.146,2.4044333
1026.732,2.4037468
1027.318,2.4030612
1027.904,2.4023762
1028.49,2.4016914
1029.076,2.4010077
1029.662,2.4003241
1030.248,2.3996413
1030.834,2.3989592
1031.42,2.3982775
1032.006,2.3975966
1032.592,2.3969162
1033.178,2.3962362
1033.764,2.3955569
1034.35,2.3948781
1034.936,2.3942001
1035.522,2.3935225
1036.108,2.3928454
1036.694,2.392169
1037.28,2.3914931
1037.866,2.3908179
1038.452,2.3901432
1039.038,2.3894689
1039.624,2.3887954
1040.21,2.3881226
1040.796,2.38745
1041.382,2.3867781
1041.968,2.386107
1042.554,2.3854361
1043.14,2.3847661
1043.726,2.3840964
1044.312,2.3834274
1044.898,2.3827589
1045.484,2.382091
1046.07,2.3814237
1046.656,2.3807569
1047.242,2.3800907
1047.828,2.379425
1048.414,2.3787599
1049,2.3780954
1049.586,2.3774314
1050.172,2.3767679
1050.758,2.3761051
1051.344,2.3754427
1051.93,2.3747811
1052.516,2.3741198
1053.102,2.3734591
1053.688,2.3727989
1054.274,2.3721395
1054.86,2.3714805
1055.446,2.370822
1056.032,2.3701642
1056.618,2.3695066
1057.204,2.36885
1057.79,2.3681936
1058.376,2.367538
1058.962,2.3668828
1059.548,2.3662281
1060.134,2.3655739
1060.72,2.3649204
1061.306,2.3642676
1061.892,2.363615
1062.478,2.3629632
1063.064,2.3623116
1063.65,2.361661
1064.236,2.3610106
1064.822,2.3603609
1065.408,2.3597116
1065.994,2.3590629
1066.58,2.3584146
1067.166,2.3577671
1067.752,2.35712
1068.338,2.3564734
1068.924,2.3558273
1069.51,2.3551819
1070.096,2.354537
1070.682,2.3538926
1071.268,2.3532486
1071.854,2.3526053
1072.44,2.3519626
1073.026,2.35132
1073.612,2.3506782
1074.198,2.3500371
1074.784,2.3493965
1075.37,2.3487561
1075.956,2.3481164
1076.542,2.3474772
1077.128,2.3468387
1077.714,2.3462005
1078.3,2.3455629
1078.886,2.3449259
1079.472,2.3442893
1080.058,2.3436532
1080.644,2.3430176
1081.23,2.3423827
1081.816,2.3417482
1082.402,2.3411143
1082.988,2.3404808
1083.574,2.3398478
1084.16,2.3392155
1084.746,2.3385835
1085.332,2.3379521
1085.918,2.3373213
1086.504,2.3366909
1087.09,2.336061
1087.676,2.3354316
1088.262,2.3348029
1088.848,2.3341744
1089.434,2.3335466
1090.02,2.3329194
1090.606,2.3322926
1091.192,2.3316662
1091.778,2.3310404
1092.364,2.330415
1092.95,2.3297904
1093.536,2.3291659
1094.122,2.3285422
1094.708,2.327919
1095.294,2.3272963
1095.88,2.326674
1096.466,2.326052
1097.052,2.3254309
1097.638,2.32481
1098.224,2.3241897
1098.81,2.32357
1099.396,2.3229506
1099.982,2.3223319
1100.568,2.3217134
1101.154,2.3210957
1101.74,2.3204784
1102.326,2.3198617
1102.912,2.3192451
1103.498,2.3186293
1104.084,2.3180137
1104.67,2.3173985
1105.256,2.3167841
1105.842,2.31617
1106.428,2.3155565
1107.014,2.3149433
1107.6,2.3143308
1108.186,2.3137188
1108.772,2.313107
1109.358,2.3124959
1109.944,2.3118854
1110.53,2.3112752
1111.116,2.3106656
1111.702,2.3100562
1112.288,2.3094475
1112.874,2.3088393
1113.46,2.3082316
1114.046,2.3076243
1114.632,2.3070173
1115.218,2.306411
1115.804,2.3058052
1116.39,2.3051999
1116.976,2.304595
1117.562,2.3039906
1118.148,2.3033867
1118.734,2.3027833
1119.32,2.3021803
1119.906,2.3015778
1120.492,2.3009758
1121.078,2.3003743
1121.664,2.2997732
1122.25,2.2991724
1122.836,2.2985723
1123.422,2.2979727
1124.008,2.2973735
1124.594,2.2967746
1125.18,2.2961764
1125.766,2.2955787
1126.352,2.2949815
1126.938,2.2943845
1127.524,2.293788
1128.11,2.2931921
1128.696,2.2925966
1129.282,2.2920017
1129.868,2.2914071
1130.454,2.290813
1131.04,2.2902193
1131.626,2.2896264
1132.212,2.2890337
1132.798,2.2884414
1133.384,2.2878497
1133.97,2.2872581
1134.556,2.2866673
1135.142,2.286077
1135.728,2.2854872
1136.314,2.2848976
1136.9,2.2843087
1137.486,2.28372
1138.072,2.2831318
1138.658,2.2825444
1139.244,2.2819571
1139.83,2.2813704
1140.416,2.2807841
1141.002,2.2801981
1141.588,2.2796128
1142.174,2.2790279
1142.76,2.2784433
1143.346,2.2778594
1143.932,2.2772758
1144.518,2.2766926
1145.104,2.2761099
1145.69,2.2755277
1146.276,2.274946
1146.862,2.2743647
1147.448,2.2737837
1148.034,2.2732034
1148.62,2.2726233
1149.206,2.2720437
1149.792,2.2714646
1150.378,2.2708859
1150.964,2.2703078
1151.55,2.2697299
1152.136,2.2691526
1152.722,2.2685757
1153.308,2.2679992
1153.894,2.2674232
1154.48,2.2668476
1155.066,2.2662725
1155.652,2.2656977
1156.238,2.2651234
1156.824,2.2645497
1157.41,2.2639763
1157.996,2.2634034
1158.582,2.262831
1159.168,2.2622588
1159.754,2.261687
1160.34,2.2611158
1160.926,2.2605453
1161.512,2.2599747
1162.098,2.2594049
1162.684,2.2588353
1163.27,2.2582662
1163.856,2.2576976
1164.442,2.2571294
1165.028,2.2565618
1165.614,2.2559943
1166.2,2.2554276
1166.786,2.2548611
1167.372,2.2542951
1167.958,2.2537293
1168.544,2.2531643
1169.13,2.2525995
1169.716,2.2520351
1170.302,2.2514713
1170.888,2.2509079
1171.474,2.2503448
1172.06,2.2497821
1172.646,2.2492199
1173.232,2.2486582
1173.818,2.2480967
1174.404,2.2475357
1174.99,2.2469752
1175.576,2.2464151
1176.162,2.2458556
1176.748,2.2452962
1177.334,2.2447374
1177.92,2.244179
1178.506,2.2436209
1179.092,2.2430634
1179.678,2.2425063
1180.264,2.2419496
1180.85,2.2413931
1181.436,2.2408371
1182.022,2.2402816
1182.608,2.2397265
1183.194,2.239172
1183.78,2.2386177
1184.366,2.2380638
1184.952,2.2375102
1185.538,2.2369573
1186.124,2.2364047
1186.71,2.2358525
1187.296,2.2353008
1187.882,2.2347493
1188.468,2.2341983
1189.054,2.2336478
1189.64,2.2330976
1190.226,2.2325478
1190.812,2.2319984
1191.398,2.2314496
1191.984,2.230901
1192.57,2.2303529
1193.156,2.2298052
1193.742,2.2292578
1194.328,2.2287111
1194.914,2.2281644
1195.5,2.2276185
1196.086,2.2270727
1196.672,2.2265275
1197.258,2.2259824
1197.844,2.2254381
1198.43,2.224894
1199.016,2.2243502
1199.602,2.2238069
1200.188,2.2232642
1200.774,2.2227216
1201.36,2.2221794
1201.946,2.2216377
1202.532,2.2210965
1203.118,2.2205558
1203.704,2.220015
1204.29,2.219475
1204.876,2.2189355
1205.462,2.2183962
1206.048,2.2178571
1206.634,2.2173185
1207.22,2.2167804
1207.806,2.2162426
1208.392,2.2157049
1208.978,2.2151678
1209.564,2.2146308
1210.15,2.2140944
1210.736,2.2135584
1211.322,2.2130229
1211.908,2.2124875
1212.494,2.2119527
1213.08,2.2114182
1213.666,2.2108841
1214.252,2.2103505
1214.838,2.2098172
1215.424,2.2092843
1216.01,2.2087517
1216.596,2.2082195
1217.182,2.2076876
1217.768,2.2071564
1218.354,2.2066255
1218.94,2.2060947
1219.526,2.2055645
1220.112,2.2050347
1220.698,2.2045052
1221.284,2.2039762
1221.87,2.2034476
1222.456,2.2029192
1223.042,2.2023911
1223.628,2.2018638
1224.214,2.2013366
1224.8,2.2008097
1225.386,2.2002833
1225.972,2.1997573
1226.558,2.1992316
1227.144,2.1987064
1227.73,2.1981814
1228.316,2.1976569
1228.902,2.1971328
1229.488,2.196609
1230.074,2.1960857
1230.66,2.1955626
1231.246,2.19504
1231.832,2.1945176
1232.418,2.1939957
1233.004,2.1934743
1233.59,2.1929531
1234.176,2.1924324
1234.762,2.1919119
1235.348,2.1913919
1235.934,2.1908724
1236.52,2.1903532
1237.106,2.1898341
1237.692,2.1893156
1238.278,2.1887975
1238.864,2.1882796
1239.45,2.1877623
1240.036,2.1872451
1240.622,2.1867285
1241.208,2.1862121
1241.794,2.1856961
1242.38,2.1851807
1242.966,2.1846652
1243.552,2.1841505
1244.138,2.183636
1244.724,2.1831219
1245.31,2.1826081
1245.896,2.1820946
1246.482,2.1815817
1247.068,2.1810689
1247.654,2.1805568
1248.24,2.1800447
1248.826,2.1795332
1249.412,2.1790218
1249.998,2.1785111
1250.584,2.1780007
1251.17,2.1774905
1251.756,2.1769807
1252.342,2.1764712
1252.928,2.1759622
1253.514,2.1754534
1254.1,2.1749451
1254.686,2.1744373
1255.272,2.1739295
1255.858,2.1734223
1256.444,2.1729155
1257.03,2.1724088
1257.616,2.1719027
1258.202,2.1713967
1258.788,2.1708913
1259.374,2.1703861
1259.96,2.1698813
1260.546,2.1693769
1261.132,2.1688728
1261.718,2.1683691
1262.304,2.1678658
1262.89,2.1673627
1263.476,2.1668601
1264.062,2.1663578
1264.648,2.1658559
1265.234,2.1653543
1265.82,2.1648531
1266.406,2.1643522
1266.992,2.1638515
1267.578,2.1633513
1268.164,2.1628516
1268.75,2.1623521
1269.336,2.1618528
1269.922,2.1613541
1270.508,2.1608555
1271.094,2.1603575
1271.68,2.1598597
1272.266,2.1593623
1272.852,2.1588652
1273.438,2.1583683
1274.024,2.157872
1274.61,2.1573761
1275.196,2.1568804
1275.782,2.1563849
1276.368,2.15589
1276.954,2.1553953
1277.54,2.154901
1278.126,2.154407
1278.712,2.1539133
1279.298,2.15342
1279.884,2.1529272
1280.47,2.1524346
1281.056,2.1519423
1281.642,2.1514504
1282.228,2.1509585
1282.814,2.1504674
1283.4,2.1499765
1283.986,2.1494858
1284.572,2.1489956
1285.158,2.1485057
1285.744,2.1480162
1286.33,2.147527
1286.916,2.147038
1287.502,2.1465495
1288.088,2.1460612
1288.674,2.1455734
1289.26,2.1450858
1289.846,2.1445987
1290.432,2.1441116
1291.018,2.1436253
1291.604,2.1431389
1292.19,2.142653
1292.776,2.1421673
1293.362,2.1416819
1293.948,2.1411965
1294.534,2.1407115
1295.12,2.1402271
1295.706,2.1397429
1296.292,2.1392589
1296.878,2.1387753
1297.464,2.1382921
1298.05,2.137809
1298.636,2.1373265
1299.222,2.1368444
1299.808,2.1363623
1300.394,2.1358807
1300.98,2.1353996
1301.566,2.1349187
1302.152,2.134438
1302.738,2.1339576
1303.324,2.1334777
1303.91,2.1329982
1304.496,2.1325188
1305.082,2.1320398
1305.668,2.1315613
1306.254,2.131083
1306.84,2.130605
1307.426,2.1301272
1308.012,2.1296499
1308.598,2.1291728
1309.184,2.1286962
1309.77,2.1282198
1310.356,2.1277437
1310.942,2.1272681
1311.528,2.1267927
1312.114,2.1263177
1312.7,2.1258428
1313.286,2.1253684
1313.872,2.1248944
1314.458,2.1244206
1315.044,2.1239471
1315.63,2.1234739
1316.216,2.1230011
1316.802,2.1225286
1317.388,2.1220565
1317.974,2.1215844
1318.56,2.1211131
1319.146,2.1206417
1319.732,2.1201708
1320.318,2.1197002
1320.904,2.11923
1321.49,2.1187601
1322.076,2.1182904
1322.662,2.117821
1323.248,2.117352
1323.834,2.1168833
1324.42,2.116415
1325.006,2.1159468
1325.592,2.115479
1326.178,2.1150117
1326.764,2.1145444
1327.35,2.1140776
1327.936,2.1136112
1328.522,2.1131451
1329.108,2.112679
1329.694,2.1122134
1330.28,2.1117482
1330.866,2.1112833
1331.452,2.1108186
1332.038,2.1103544
1332.624,2.1098902
1333.21,2.1094265
1333.796,2.1089633
1334.382,2.1085002
1334.968,2.1080372
1335.554,2.1075749
1336.14,2.1071126
1336.726,2.1066508
1337.312,2.1061893
1337.898,2.1057281
1338.484,2.105267
1339.07,2.1048064
1339.656,2.104346
1340.242,2.1038861
1340.828,2.1034265
1341.414,2.102967
1342,2.1025078
1342.586,2.1020491
1343.172,2.1015906
1343.758,2.1011324
1344.344,2.1006744
1344.93,2.1002169
1345.516,2.0997596
1346.102,2.0993025
1346.688,2.098846
1347.274,2.0983896
1347.86,2.0979335
1348.446,2.0974777
1349.032,2.0970221
1349.618,2.0965669
1350.204,2.096112
1350.79,2.0956573
1351.376,2.0952032
1351.962,2.0947492
1352.548,2.0942955
1353.134,2.093842
1353.72,2.093389
1354.306,2.092936
1354.892,2.0924838
1355.478,2.0920315
1356.064,2.0915794
1356.65,2.0911279
1357.236,2.0906763
1357.822,2.0902247
1358.408,2.0897737
1358.994,2.089323
1359.58,2.0888724
1360.166,2.0884223
1360.752,2.0879724
1361.338,2.0875227
1361.924,2.0870733
1362.51,2.0866244
1363.096,2.0861757
1363.682,2.0857272
1364.268,2.085279
1364.854,2.084831
1365.44,2.0843835
1366.026,2.0839362
1366.612,2.0834892
1367.198,2.0830426
1367.784,2.0825961
1368.37,2.08215
1368.956,2.0817041
1369.542,2.0812588
1370.128,2.0808134
1370.714,2.0803685
1371.3,2.0799236
1371.886,2.0794795
1372.472,2.0790353
1373.058,2.0785913
1373.644,2.0781479
1374.23,2.0777047
1374.816,2.0772617
1375.402,2.0768192
1375.988,2.0763767
1376.574,2.0759346
1377.16,2.0754929
1377.746,2.0750513
1378.332,2.07461
1378.918,2.0741689
1379.504,2.0737283
1380.09,2.073288
1380.676,2.0728478
1381.262,2.072408
1381.848,2.0719683
1382.434,2.0715292
1383.02,2.0710902
1383.606,2.0706515
1384.192,2.0702131
1384.778,2.0697749
1385.364,2.0693371
1385.95,2.0688994
1386.536,2.0684621
1387.122,2.0680251
1387.708,2.0675883
1388.294,2.067152
1388.88,2.0667157
1389.466,2.0662799
1390.052,2.0658441
1390.638,2.0654089
1391.224,2.0649738
1391.81,2.064539
1392.396,2.0641046
1392.982,2.0636702
1393.568,2.0632362
1394.154,2.0628026
1394.74,2.0623691
1395.326,2.0619359
1395.912,2.0615032
1396.498,2.0610704
1397.084,2.0606382
1397.67,2.0602062
1398.256,2.0597744
1398.842,2.0593429
1399.428,2.0589116
1400.014,2.0584807
1400.6,2.0580502
1401.186,2.0576198
1401.772,2.0571895
1402.358,2.0567598
1402.944,2.0563302
1403.53,2.0559008
1404.116,2.0554717
1404.702,2.055043
1405.288,2.0546143
1405.874,2.0541861
1406.46,2.0537584
1407.046,2.0533307
1407.632,2.0529032
1408.218,2.0524759
1408.804,2.0520492
1409.39,2.0516224
1409.976,2.0511961
1410.562,2.05077
1411.148,2.0503442
1411.734,2.0499187
1412.32,2.0494933
1412.906,2.0490682
1413.492,2.0486436
1414.078,2.048219
1414.664,2.0477948
1415.25,2.0473709
1415.836,2.0469472
1416.422,2.0465238
1417.008,2.0461006
1417.594,2.0456777
1418.18,2.0452549
1418.766,2.0448327
1419.352,2.0444107
1419.938,2.0439887
1420.524,2.0435672
1421.11,2.0431459
1421.696,2.0427248
1422.282,2.042304
1422.868,2.0418835
1423.454,2.0414631
1424.04,2.0410433
1424.626,2.0406234
1425.212,2.040204
1425.798,2.0397847
1426.384,2.0393658
1426.97,2.0389471
1427.556,2.0385287
1428.142,2.0381103
1428.728,2.0376925
1429.314,2.0372748
1429.9,2.0368574
1430.486,2.0364404
1431.072,2.0360234
1431.658,2.0356066
1432.244,2.0351903
1432.83,2.0347743
1433.416,2.0343583
1434.002,2.0339427
1434.588,2.0335274
1435.174,2.0331123
1435.76,2.0326974
1436.346,2.0322828
1436.932,2.0318685
1437.518,2.0314543
1438.104,2.0310404
1438.69,2.030627
1439.276,2.0302136
1439.862,2.0298007
1440.448,2.0293877
1441.034,2.028975
1441.62,2.0285623
1442.206,2.0281501
1442.792,2.0277381
1443.378,2.0273261
1443.964,2.0269148
1444.55,2.0265033
1445.136,2.0260923
1445.722,2.0256815
1446.308,2.0252709
1446.894,2.0248606
1447.48,2.0244505
1448.066,2.0240409
1448.652,2.0236313
1449.238,2.023222
1449.824,2.0228128
1450.41,2.0224042
1450.996,2.0219955
1451.582,2.0215874
1452.168,2.0211792
1452.754,2.0207715
1453.34,2.020364
1453.926,2.0199566
1454.512,2.0195496
1455.098,2.0191426
1455.684,2.0187361
1456.27,2.0183299
1456.856,2.0179238
1457.442,2.017518
1458.028,2.0171123
1458.614,2.0167069
1459.2,2.0163019
1459.786,2.015897
1460.372,2.0154924
1460.958,2.0150881
1461.544,2.0146842
1462.13,2.0142801
1462.716,2.0138767
1463.302,2.0134733
1463.888,2.0130701
1464.474,2.0126672
1465.06,2.0122645
1465.646,2.011862
1466.232,2.0114601
1466.818,2.0110581
1467.404,2.0106564
1467.99,2.0102549
1468.576,2.0098538
1469.162,2.0094528
1469.748,2.009052
1470.334,2.0086517
1470.92,2.0082514
1471.506,2.0078514
1472.092,2.0074518
1472.678,2.0070522
1473.264,2.0066528
1473.85,2.006254
1474.436,2.0058551
1475.022,2.0054567
1475.608,2.0050583
1476.194,2.0046601
1476.78,2.0042624
1477.366,2.0038648
1477.952,2.0034673
1478.538,2.0030704
1479.124,2.0026734
1479.71,2.0022767
1480.296,2.0018804
1480.882,2.0014842
1481.468,2.0010884
1482.054,2.0006926
1482.64,2.0002971
1483.226,1.9999019
1483.812,1.999507
1484.398,1.9991121
1484.984,1.9987175
1485.57,1.9983233
1486.156,1.9979293
1486.742,1.9975355
1487.328,1.9971418
1487.914,1.9967484
1488.5,1.9963554
1489.086,1.9959625
1489.672,1.9955698
1490.258,1.9951774
1490.844,1.9947853
1491.43,1.9943933
1492.016,1.9940015
1492.602,1.99361
1493.188,1.9932188
1493.774,1.9928278
1494.36,1.992437
1494.946,1.9920465
1495.532,1.9916561
1496.118,1.991266
1496.704,1.9908761
1497.29,1.9904865
1497.876,1.990097
1498.462,1.9897078
1499.048,1.989319
1499.634,1.9889302
1500.22,1.9885417
1500.806,1.9881533
1501.392,1.9877653
1501.978,1.9873775
1502.564,1.98699
1503.15,1.9866027
1503.736,1.9862155
1504.322,1.9858285
1504.908,1.9854419
1505.494,1.9850554
1506.08,1.9846693
1506.666,1.9842832
1507.252,1.9838974
1507.838,1.9835119
1508.424,1.9831266
1509.01,1.9827415
1509.596,1.9823565
1510.182,1.981972
1510.768,1.9815876
1511.354,1.9812033
1511.94,1.9808193
1512.526,1.9804357
1513.112,1.9800521
1513.698,1.9796689
1514.284,1.9792858
1514.87,1.9789029
1515.456,1.9785203
1516.042,1.9781379
1516.628,1.9777557
1517.214,1.9773737
1517.8,1.976992
1518.386,1.9766104
1518.972,1.9762292
1519.558,1.9758481
1520.144,1.9754672
1520.73,1.9750867
1521.316,1.9747062
1521.902,1.974326
1522.488,1.973946
1523.074,1.9735663
1523.66,1.9731867
1524.246,1.9728074
1524.832,1.9724283
1525.418,1.9720495
1526.004,1.9716707
1526.59,1.9712924
1527.176,1.9709141
1527.762,1.9705361
1528.348,1.9701583
1528.934,1.9697808
1529.52,1.9694035
1530.106,1.9690263
1530.692,1.9686494
1531.278,1.9682727
1531.864,1.9678962
1532.45,1.96752
1533.036,1.9671439
1533.622,1.9667681
1534.208,1.9663925
1534.794,1.9660171
1535.38,1.965642
1535.966,1.9652669
1536.552,1.9648923
1537.138,1.9645177
1537.724,1.9641434
1538.31,1.9637692
1538.896,1.9633954
1539.482,1.9630218
1540.068,1.9626483
1540.654,1.962275
1541.24,1.9619019
1541.826,1.9615291
1542.412,1.9611565
1542.998,1.9607841
1543.584,1.9604119
1544.17,1.96004
1544.756,1.9596683
1545.342,1.9592967
1545.928,1.9589254
1546.514,1.9585541
1547.1,1.9581833
1547.686,1.9578125
1548.272,1.9574422
1548.858,1.9570718
1549.444,1.9567018
1550.03,1.9563318
1550.616,1.9559622
1551.202,1.9555929
1551.788,1.9552236
1552.374,1.9548546
1552.96,1.9544858
1553.546,1.9541172
1554.132,1.9537488
1554.718,1.9533806
1555.304,1.9530126
1555.89,1.9526448
1556.476,1.9522773
1557.062,1.9519099
1557.648,1.9515429
1558.234,1.9511758
1558.82,1.9508091
1559.406,1.9504427
1559.992,1.9500763
1560.578,1.9497102
1561.164,1.9493443
1561.75,1.9489787
1562.336,1.9486132
1562.922,1.9482479
1563.508,1.9478828
1564.094,1.947518
1564.68,1.9471533
1565.266,1.9467888
1565.852,1.9464245
1566.438,1.9460605
1567.024,1.9456967
1567.61,1.945333
1568.196,1.9449694
1568.782,1.9446061
1569.368,1.9442428
1569.954,1.9438798
1570.54,1.9435171
1571.126,1.9431546
1571.712,1.9427922
1572.298,1.94243
1572.884,1.942068
1573.47,1.9417063
1574.056,1.9413447
1574.642,1.9409834
1575.228,1.9406222
1575.814,1.9402612
1576.4,1.9399005
1576.986,1.93954
1577.572,1.9391797
1578.158,1.9388194
1578.744,1.9384595
1579.33,1.9380997
1579.916,1.9377402
1580.502,1.9373809
1581.088,1.9370217
1581.674,1.9366628
1582.26,1.9363041
1582.846,1.9359455
1583.432,1.9355873
1584.018,1.9352291
1584.604,1.9348711
1585.19,1.9345133
1585.776,1.9341558
1586.362,1.9337986
1586.948,1.9334414
1587.534,1.9330844
1588.12,1.9327276
1588.706,1.932371
1589.292,1.9320147
1589.878,1.9316586
1590.464,1.9313027
1591.05,1.9309468
1591.636,1.9305913
1592.222,1.930236
1592.808,1.9298807
1593.394,1.9295257
1593.98,1.929171
1594.566,1.9288164
1595.152,1.928462
1595.738,1.9281079
1596.324,1.9277538
1596.91,1.9274
1597.496,1.9270464
1598.082,1.926693
1598.668,1.9263399
1599.254,1.9259868
1599.84,1.925634
1600.426,1.9252814
1601.012,1.9249289
1601.598,1.9245766
1602.184,1.9242246
1602.77,1.9238727
1603.356,1.923521
1603.942,1.9231696
1604.528,1.9228183
1605.114,1.9224672
1605.7,1.9221164
1606.286,1.9217657
1606.872,1.9214152
1607.458,1.9210649
1608.044,1.9207147
1608.63,1.9203649
1609.216,1.9200151
1609.802,1.9196656
1610.388,1.9193162
1610.974,1.918967
1611.56,1.9186181
1612.146,1.9182693
1612.732,1.9179207
1613.318,1.9175723
1613.904,1.917224
1614.49,1.916876
1615.076,1.9165282
1615.662,1.9161805
1616.248,1.9158331
1616.834,1.9154859
1617.42,1.9151387
1618.006,1.9147918
1618.592,1.9144452
1619.178,1.9140986
1619.764,1.9137523
1620.35,1.9134063
1620.936,1.9130603
1621.522,1.9127145
1622.108,1.9123689
1622.694,1.9120235
1623.28,1.9116784
1623.866,1.9113333
1624.452,1.9109886
1625.038,1.9106439
1625.624,1.9102994
1626.21,1.9099553
1626.796,1.9096111
1627.382,1.9092673
1627.968,1.9089235
1628.554,1.9085801
1629.14,1.9082367
1629.726,1.9078935
1630.312,1.9075506
1630.898,1.9072078
1631.484,1.9068652
1632.07,1.9065229
1632.656,1.9061806
1633.242,1.9058386
1633.828,1.9054967
1634.414,1.9051551
1635,1.9048136
1635.586,1.9044724
1636.172,1.9041312
1636.758,1.9037904
1637.344,1.9034495
1637.93,1.903109
1638.516,1.9027686
1639.102,1.9024284
1639.688,1.9020884
1640.274,1.9017485
1640.86,1.9014089
1641.446,1.9010694
1642.032,1.9007301
1642.618,1.9003911
1643.204,1.9000521
1643.79,1.8997134
1644.376,1.8993748
1644.962,1.8990365
1645.548,1.8986982
1646.134,1.8983603
1646.72,1.8980224
1647.306,1.8976848
1647.892,1.8973472
1648.478,1.89701
1649.064,1.8966728
1649.65,1.896336
1650.236,1.8959992
1650.822,1.8956625
1651.408,1.8953263
1651.994,1.89499
1652.58,1.8946539
1653.166,1.8943181
1653.752,1.8939824
1654.338,1.893647
1654.924,1.8933116
1655.51,1.8929765
1656.096,1.8926415
1656.682,1.8923067
1657.268,1.8919722
1657.854,1.8916377
1658.44,1.8913034
1659.026,1.8909694
1659.612,1.8906355
1660.198,1.8903017
1660.784,1.8899682
1661.37,1.8896348
1661.956,1.8893017
1662.542,1.8889686
1663.128,1.8886358
1663.714,1.8883032
1664.3,1.8879706
1664.886,1.8876383
1665.472,1.8873062
1666.058,1.8869742
1666.644,1.8866425
1667.23,1.8863108
1667.816,1.8859794
1668.402,1.8856481
1668.988,1.8853171
1669.574,1.8849862
1670.16,1.8846554
1670.746,1.8843248
1671.332,1.8839945
1671.918,1.8836643
1672.504,1.8833342
1673.09,1.8830043
1673.676,1.8826747
1674.262,1.8823451
1674.848,1.8820158
1675.434,1.8816866
1676.02,1.8813576
1676.606,1.8810288
1677.192,1.8807001
1677.778,1.8803717
1678.364,1.8800434
1678.95,1.8797152
1679.536,1.8793873
1680.122,1.8790594
1680.708,1.8787317
1681.294,1.8784044
1681.88,1.878077
1682.466,1.8777499
1683.052,1.8774229
1683.638,1.8770962
1684.224,1.8767697
1684.81,1.8764433
1685.396,1.876117
1685.982,1.8757908
1686.568,1.8754649
1687.154,1.8751392
1687.74,1.8748137
1688.326,1.8744882
1688.912,1.874163
1689.498,1.8738379
1690.084,1.873513
1690.67,1.8731883
1691.256,1.8728638
1691.842,1.8725394
1692.428,1.8722152
1693.014,1.8718911
1693.6,1.8715671
1694.186,1.8712435
1694.772,1.8709199
1695.358,1.8705965
1695.944,1.8702734
1696.53,1.8699503
1697.116,1.8696274
1697.702,1.8693047
1698.288,1.8689822
1698.874,1.8686597
1699.46,1.8683375
1700.046,1.8680155
1700.632,1.8676937
1701.218,1.8673719
1701.804,1.8670504
1702.39,1.866729
1702.976,1.8664078
1703.562,1.8660867
1704.148,1.8657658
1704.734,1.8654451
1705.32,1.8651246
1705.906,1.8648043
1706.492,1.864484
1707.078,1.864164
1707.664,1.863844
1708.25,1.8635243
1708.836,1.8632047
1709.422,1.8628854
1710.008,1.8625661
1710.594,1.8622471
1711.18,1.8619281
1711.766,1.8616095
1712.352,1.8612908
1712.938,1.8609724
1713.524,1.8606541
1714.11,1.8603361
1714.696,1.8600181
1715.282,1.8597004
1715.868,1.8593829
1716.454,1.8590654
1717.04,1.8587481
1717.626,1.858431
1718.212,1.858114
1718.798,1.8577973
1719.384,1.8574806
1719.97,1.8571641
1720.556,1.8568479
1721.142,1.8565317
1721.728,1.8562158
1722.314,1.8558999
1722.9,1.8555843
1723.486,1.8552688
1724.072,1.8549534
1724.658,1.8546383
1725.244,1.8543233
1725.83,1.8540084
1726.416,1.8536937
1727.002,1.8533792
1727.588,1.8530649
1728.174,1.8527507
1728.76,1.8524367
1729.346,1.8521227
1729.932,1.851809
1730.518,1.8514954
1731.104,1.851182
1731.69,1.8508687
1732.276,1.8505557
1732.862,1.8502427
1733.448,1.8499299
1734.034,1.8496174
1734.62,1.8493049
1735.206,1.8489926
1735.792,1.8486804
1736.378,1.8483684
1736.964,1.8480567
1737.55,1.8477449
1738.136,1.8474334
1738.722,1.8471221
1739.308,1.8468109
1739.894,1.8464999
1740.48,1.846189
1741.066,1.8458782
1741.652,1.8455677
1742.238,1.8452573
1742.824,1.844947
1743.41,1.8446369
1743.996,1.844327
1744.582,1.8440171
1745.168,1.8437076
1745.754,1.8433981
1746.34,1.8430887
1746.926,1.8427796
1747.512,1.8424706
1748.098,1.8421618
1748.684,1.8418531
1749.27,1.8415445
1749.856,1.8412361
1750.442,1.840928
1751.028,1.8406198
1751.614,1.8403119
1752.2,1.8400042
1752.786,1.8396965
1753.372,1.8393891
1753.958,1.8390818
1754.544,1.8387747
1755.13,1.8384677
1755.716,1.8381608
1756.302,1.8378541
1756.888,1.8375475
1757.474,1.8372412
1758.06,1.8369349
1758.646,1.8366289
1759.232,1.836323
1759.818,1.8360173
1760.404,1.8357116
1760.99,1.8354061
1761.576,1.8351008
1762.162,1.8347956
1762.748,1.8344907
1763.334,1.8341858
1763.92,1.8338811
1764.506,1.8335766
1765.092,1.8332721
1765.678,1.8329679
1766.264,1.8326638
1766.85,1.8323598
1767.436,1.832056
1768.022,1.8317524
1768.608,1.8314489
1769.194,1.8311456
1769.78,1.8308424
1770.366,1.8305393
1770.952,1.8302364
1771.538,1.8299338
1772.124,1.8296311
1772.71,1.8293287
1773.296,1.8290263
1773.882,1.8287243
1774.468,1.8284223
1775.054,1.8281205
1775.64,1.8278188
1776.226,1.8275172
1776.812,1.8272158
1777.398,1.8269145
1777.984,1.8266134
1778.57,1.8263125
1779.156,1.8260117
1779.742,1.825711
1780.328,1.8254106
1780.914,1.8251102
1781.5,1.82481
1782.086,1.82451
1782.672,1.82421
1783.258,1.8239104
1783.844,1.8236107
1784.43,1.8233112
1785.016,1.8230119
1785.602,1.8227128
1786.188,1.8224137
1786.774,1.8221148
1787.36,1.8218161
1787.946,1.8215176
1788.532,1.8212191
1789.118,1.8209208
1789.704,1.8206227
1790.29,1.8203247
1790.876,1.8200269
1791.462,1.8197291
1792.048,1.8194315
1792.634,1.8191341
1793.22,1.8188369
1793.806,1.8185397
1794.392,1.8182428
1794.978,1.817946
1795.564,1.8176492
1796.15,1.8173528
1796.736,1.8170563
1797.322,1.8167601
1797.908,1.8164639
1798.494,1.8161681
1799.08,1.8158722
1799.666,1.8155766
1800.252,1.815281
1800.838,1.8149856
1801.424,1.8146905
1802.01,1.8143953
1802.596,1.8141004
1803.182,1.8138056
1803.768,1.8135109
1804.354,1.8132163
1804.94,1.812922
1805.526,1.8126278
1806.112,1.8123337
1806.698,1.8120397
1807.284,1.8117459
1807.87,1.8114523
1808.456,1.8111588
1809.042,1.8108654
1809.628,1.8105721
1810.214,1.810279
1810.8,1.8099861
1811.386,1.8096933
1811.972,1.8094007
1812.558,1.8091081
1813.144,1.8088157
1813.73,1.8085235
1814.316,1.8082314
1814.902,1.8079394
1815.488,1.8076476
1816.074,1.8073559
1816.66,1.8070644
1817.246,1.8067731
1817.832,1.8064818
1818.418,1.8061906
1819.004,1.8058997
1819.59,1.8056089
1820.176,1.8053182
1820.762,1.8050276
1821.348,1.8047372
1821.934,1.8044469
1822.52,1.8041569
1823.106,1.8038669
1823.692,1.8035771
1824.278,1.8032873
1824.864,1.8029977
1825.45,1.8027083
1826.036,1.8024191
1826.622,1.8021299
1827.208,1.8018409
1827.794,1.8015519
1828.38,1.8012632
1828.966,1.8009746
1829.552,1.8006862
1830.138,1.8003979
1830.724,1.8001097
1831.31,1.7998217
1831.896,1.7995337
1832.482,1.799246
1833.068,1.7989584
1833.654,1.7986709
1834.24,1.7983835
1834.826,1.7980963
1835.412,1.7978092
1835.998,1.7975223
1836.584,1.7972355
1837.17,1.7969489
1837.756,1.7966623
1838.342,1.7963759
1838.928,1.7960896
1839.514,1.7958035
1840.1,1.7955176
1840.686,1.7952317
1841.272,1.7949461
1841.858,1.7946604
1842.444,1.7943751
1843.03,1.7940897
1843.616,1.7938046
1844.202,1.7935195
1844.788,1.7932346
1845.374,1.7929499
1845.96,1.7926652
1846.546,1.7923808
1847.132,1.7920964
1847.718,1.7918123
1848.304,1.7915282
1848.89,1.7912441
1849.476,1.7909604
1850.062,1.7906767
1850.648,1.7903932
1851.234,1.7901098
1851.82,1.7898265
1852.406,1.7895434
1852.992,1.7892604
1853.578,1.7889775
1854.164,1.7886947
1854.75,1.7884122
1855.336,1.7881297
1855.922,1.7878474
1856.508,1.7875651
1857.094,1.7872831
1857.68,1.7870013
1858.266,1.7867194
1858.852,1.7864377
1859.438,1.7861562
1860.024,1.7858748
1860.61,1.7855935
1861.196,1.7853124
1861.782,1.7850314
1862.368,1.7847506
1862.954,1.7844698
1863.54,1.7841892
1864.126,1.7839087
1864.712,1.7836285
1865.298,1.7833482
1865.884,1.7830681
1866.47,1.7827882
1867.056,1.7825084
1867.642,1.7822287
1868.228,1.7819492
1868.814,1.7816697
1869.4,1.7813904
1869.986,1.7811112
1870.572,1.7808323
1871.158,1.7805533
1871.744,1.7802746
1872.33,1.7799959
1872.916,1.7797174
1873.502,1.7794391
1874.088,1.7791609
1874.674,1.7788827
1875.26,1.7786047
1875.846,1.778327
1876.432,1.7780492
1877.018,1.7777717
1877.604,1.7774942
1878.19,1.7772168
1878.776,1.7769396
1879.362,1.7766626
1879.948,1.7763857
1880.534,1.7761089
1881.12,1.7758322
1881.706,1.7755556
1882.292,1.7752792
1882.878,1.775003
1883.464,1.7747267
1884.05,1.7744507
1884.636,1.7741748
1885.222,1.7738991
1885.808,1.7736233
1886.394,1.7733479
1886.98,1.7730725
1887.566,1.7727972
1888.152,1.7725221
1888.738,1.7722471
1889.324,1.7719722
1889.91,1.7716974
1890.496,1.7714227
1891.082,1.7711483
1891.668,1.7708739
1892.254,1.7705997
1892.84,1.7703255
1893.426,1.7700516
1894.012,1.7697778
1894.598,1.769504
1895.184,1.7692304
1895.77,1.7689569
1896.356,1.7686836
1896.942,1.7684103
1897.528,1.7681372
1898.114,1.7678642
1898.7,1.7675915
1899.286,1.7673187
1899.872,1.7670461
1900.458,1.7667736
1901.044,1.7665013
1901.63,1.7662292
1902.216,1.765957
1902.802,1.765685
1903.388,1.7654132
1903.974,1.7651415
1904.56,1.7648699
1905.146,1.7645984
1905.732,1.764327
1906.318,1.7640558
1906.904,1.7637848
1907.49,1.7635138
1908.076,1.763243
1908.662,1.7629722
1909.248,1.7627017
1909.834,1.7624313
1910.42,1.7621609
1911.006,1.7618906
1911.592,1.7616205
1912.178,1.7613506
1912.764,1.7610807
1913.35,1.7608111
1913.936,1.7605414
1914.522,1.7602719
1915.108,1.7600026
1915.694,1.7597334
1916.28,1.7594643
1916.866,1.7591953
1917.452,1.7589264
1918.038,1.7586577
1918.624,1.7583891
1919.21,1.7581207
1919.796,1.7578523
1920.382,1.7575841
1920.968,1.7573159
1921.554,1.7570479
1922.14,1.75678
1922.726,1.7565123
1923.312,1.7562447
1923.898,1.7559772
1924.484,1.7557098
1925.07,1.7554426
1925.656,1.7551755
1926.242,1.7549084
1926.828,1.7546415
1927.414,1.7543747
1928,1.7541081
1928.586,1.7538415
1929.172,1.7535751
1929.758,1.7533089
1930.344,1.7530427
1930.93,1.7527766
1931.516,1.7525107
1932.102,1.7522448
1932.688,1.7519792
1933.274,1.7517136
1933.86,1.7514483
1934.446,1.7511829
1935.032,1.7509177
1935.618,1.7506527
1936.204,1.7503877
1936.79,1.7501228
1937.376,1.7498581
1937.962,1.7495935
1938.548,1.7493291
1939.134,1.7490647
1939.72,1.7488004
1940.306,1.7485363
1940.892,1.7482723
1941.478,1.7480085
1942.064,1.7477447
1942.65,1.747481
1943.236,1.7472175
1943.822,1.7469541
1944.408,1.7466909
1944.994,1.7464277
1945.58,1.7461646
1946.166,1.7459017
1946.752,1.7456388
1947.338,1.7453762
1947.924,1.7451136
1948.51,1.7448512
1949.096,1.7445889
1949.682,1.7443266
1950.268,1.7440646
1950.854,1.7438025
1951.44,1.7435406
1952.026,1.743279
1952.612,1.7430173
1953.198,1.7427558
1953.784,1.7424945
1954.37,1.7422332
1954.956,1.741972
1955.542,1.741711
1956.128,1.74145
1956.714,1.7411892
1957.3,1.7409285
1957.886,1.7406679
1958.472,1.7404075
1959.058,1.7401471
1959.644,1.739887
1960.23,1.7396269
1960.816,1.7393669
1961.402,1.739107
1961.988,1.7388473
1962.574,1.7385876
1963.16,1.7383281
1963.746,1.7380687
1964.332,1.7378094
1964.918,1.7375501
1965.504,1.7372912
1966.09,1.7370322
1966.676,1.7367734
1967.262,1.7365147
1967.848,1.7362561
1968.434,1.7359976
1969.02,1.7357392
1969.606,1.735481
1970.192,1.7352229
1970.778,1.7349648
1971.364,1.734707
1971.95,1.7344491
1972.536,1.7341915
1973.122,1.7339339
1973.708,1.7336766
1974.294,1.7334192
1974.88,1.7331619
1975.466,1.7329049
1976.052,1.7326479
1976.638,1.732391
1977.224,1.7321342
1977.81,1.7318776
1978.396,1.731621
1978.982,1.7313647
1979.568,1.7311084
1980.154,1.7308522
1980.74,1.7305962
1981.326,1.7303401
1981.912,1.7300843
1982.498,1.7298286
1983.084,1.729573
1983.67,1.7293174
1984.256,1.7290621
1984.842,1.7288069
1985.428,1.7285516
1986.014,1.7282965
1986.6,1.7280416
1987.186,1.7277868
1987.772,1.727532
1988.358,1.7272775
1988.944,1.727023
1989.53,1.7267686
1990.116,1.7265143
1990.702,1.7262602
1991.288,1.7260062
1991.874,1.7257522
1992.46,1.7254984
1993.046,1.7252448
1993.632,1.7249911
1994.218,1.7247376
1994.804,1.7244842
1995.39,1.724231
1995.976,1.7239778
1996.562,1.7237248
1997.148,1.7234719
1997.734,1.7232192
1998.32,1.7229664
1998.906,1.7227138
1999.492,1.7224613
2000.078,1.722209
2000.664,1.7219567
2001.25,1.7217046
2001.836,1.7214526
2002.422,1.7212006
2003.008,1.7209488
2003.594,1.7206972
2004.18,1.7204455
2004.766,1.720194
2005.352,1.7199427
2005.938,1.7196914
2006.524,1.7194402
2007.11,1.7191892
2007.696,1.7189382
2008.282,1.7186874
2008.868,1.7184367
2009.454,1.7181861
2010.04,1.7179357
2010.626,1.7176852
2011.212,1.717435
2011.798,1.7171848
2012.384,1.7169348
2012.97,1.7166848
2013.556,1.716435
2014.142,1.7161853
2014.728,1.7159356
2015.314,1.7156861
2015.9,1.7154367
2016.486,1.7151874
2017.072,1.7149383
2017.658,1.7146891
2018.244,1.7144402
2018.83,1.7141914
2019.416,1.7139426
2020.002,1.713694
2020.588,1.7134454
2021.174,1.713197
2021.76,1.7129487
2022.346,1.7127005
2022.932,1.7124524
2023.518,1.7122043
2024.104,1.7119565
2024.69,1.7117087
2025.276,1.7114611
2025.862,1.7112135
2026.448,1.7109661
2027.034,1.7107188
2027.62,1.7104715
2028.206,1.7102244
2028.792,1.7099773
2029.378,1.7097304
2029.964,1.7094836
2030.55,1.7092369
2031.136,1.7089903
2031.722,1.7087438
2032.308,1.7084974
2032.894,1.7082511
2033.48,1.708005
2034.066,1.7077589
2034.652,1.707513
2035.238,1.707267
2035.824,1.7070214
2036.41,1.7067757
2036.996,1.7065302
2037.582,1.7062848
2038.168,1.7060394
2038.754,1.7057942
2039.34,1.7055491
2039.926,1.705304
2040.512,1.7050592
2041.098,1.7048144
2041.684,1.7045697
2042.27,1.7043251
2042.856,1.7040806
2043.442,1.7038363
2044.028,1.7035921
2044.614,1.7033478
2045.2,1.7031038
2045.786,1.7028598
2046.372,1.702616
2046.958,1.7023722
2047.544,1.7021286
2048.13,1.7018851
2048.716,1.7016416
2049.302,1.7013984
2049.888,1.7011551
2050.474,1.700912
2051.06,1.7006689
2051.646,1.7004261
2052.232,1.7001833
2052.818,1.6999406
2053.404,1.699698
2053.99,1.6994555
2054.576,1.699213
2055.162,1.6989708
2055.748,1.6987286
2056.334,1.6984866
2056.92,1.6982446
2057.506,1.6980027
2058.092,1.6977609
2058.678,1.6975193
2059.264,1.6972777
2059.85,1.6970363
2060.436,1.6967949
2061.022,1.6965537
2061.608,1.6963125
2062.194,1.6960715
2062.78,1.6958306
2063.366,1.6955897
2063.952,1.695349
2064.538,1.6951083
2065.124,1.6948678
2065.71,1.6946274
2066.296,1.6943871
2066.882,1.6941469
2067.468,1.6939067
2068.054,1.6936667
2068.64,1.6934267
2069.226,1.693187
2069.812,1.6929473
2070.398,1.6927077
2070.984,1.6924682
2071.57,1.6922287
2072.156,1.6919894
2072.742,1.6917502
2073.328,1.691511
2073.914,1.6912721
2074.5,1.6910332
2075.086,1.6907943
2075.672,1.6905557
2076.258,1.690317
2076.844,1.6900786
2077.43,1.6898402
2078.016,1.6896019
2078.602,1.6893637
2079.188,1.6891257
2079.774,1.6888876
2080.36,1.6886498
2080.946,1.688412
2081.532,1.6881742
2082.118,1.6879367
2082.704,1.6876992
2083.29,1.6874619
2083.876,1.6872245
2084.462,1.6869873
2085.048,1.6867503
2085.634,1.6865133
2086.22,1.6862764
2086.806,1.6860396
2087.392,1.6858029
2087.978,1.6855663
2088.564,1.6853299
2089.15,1.6850934
2089.736,1.6848571
2090.322,1.684621
2090.908,1.6843849
2091.494,1.6841489
2092.08,1.683913
2092.666,1.6836772
2093.252,1.6834415
2093.838,1.683206
2094.424,1.6829704
2095.01,1.6827351
2095.596,1.6824998
2096.182,1.6822646
2096.768,1.6820295
2097.354,1.6817945
2097.94,1.6815596
2098.526,1.6813247
2099.112,1.68109
2099.698,1.6808554
2100.284,1.6806209
2100.87,1.6803865
2101.456,1.6801522
2102.042,1.6799179
2102.628,1.6796839
2103.214,1.6794499
2103.8,1.6792159
2104.386,1.6789821
2104.972,1.6787484
2105.558,1.6785147
2106.144,1.6782812
2106.73,1.6780478
2107.316,1.6778145
2107.902,1.6775812
2108.488,1.677348
2109.074,1.6771151
2109.66,1.6768821
2110.246,1.6766492
2110.832,1.6764165
2111.418,1.6761838
2112.004,1.6759512
2112.59,1.6757188
2113.176,1.6754864
2113.762,1.6752542
2114.348,1.675022
2114.934,1.6747899
2115.52,1.674558
2116.106,1.6743261
2116.692,1.6740943
2117.278,1.6738627
2117.864,1.6736311
2118.45,1.6733996
2119.036,1.6731682
2119.622,1.6729368
2120.208,1.6727057
2120.794,1.6724745
2121.38,1.6722435
2121.966,1.6720126
2122.552,1.6717818
2123.138,1.671551
2123.724,1.6713204
2124.31,1.6710899
2124.896,1.6708595
2125.482,1.6706291
2126.068,1.6703988
2126.654,1.6701686
2127.24,1.6699387
2127.826,1.6697086
2128.412,1.6694788
2128.998,1.6692491
2129.584,1.6690193
2130.17,1.6687899
2130.756,1.6685603
2131.342,1.6683309
2131.928,1.6681017
2132.514,1.6678724
2133.1,1.6676433
2133.686,1.6674143
2134.272,1.6671854
2134.858,1.6669565
2135.444,1.6667278
2136.03,1.6664991
2136.616,1.6662706
2137.202,1.6660422
2137.788,1.6658138
2138.374,1.6655855
2138.96,1.6653574
2139.546,1.6651293
2140.132,1.6649014
2140.718,1.6646734
2141.304,1.6644456
2141.89,1.6642179
2142.476,1.6639904
2143.062,1.6637628
2143.648,1.6635355
2144.234,1.6633081
2144.82,1.6630809
2145.406,1.6628537
2145.992,1.6626267
2146.578,1.6623998
2147.164,1.6621729
2147.75,1.6619462
2148.336,1.6617194
2148.922,1.6614929
2149.508,1.6612664
2150.094,1.6610401
2150.68,1.6608137
2151.266,1.6605875
2151.852,1.6603614
2152.438,1.6601354
2153.024,1.6599095
2153.61,1.6596836
2154.196,1.6594579
2154.782,1.6592323
2155.368,1.6590067
2155.954,1.6587812
2156.54,1.6585559
2157.126,1.6583306
2157.712,1.6581054
2158.298,1.6578802
2158.884,1.6576552
2159.47,1.6574303
2160.056,1.6572055
2160.642,1.6569808
2161.228,1.6567562
2161.814,1.6565316
2162.4,1.6563071
2162.986,1.6560827
2163.572,1.6558585
2164.158,1.6556343
2164.744,1.6554102
2165.33,1.6551862
2165.916,1.6549623
2166.502,1.6547384
2167.088,1.6545147
2167.674,1.6542912
2168.26,1.6540675
2168.846,1.6538441
2169.432,1.6536207
2170.018,1.6533974
2170.604,1.6531743
2171.19,1.6529512
2171.776,1.6527282
2172.362,1.6525053
2172.948,1.6522825
2173.534,1.6520597
2174.12,1.6518371
2174.706,1.6516145
2175.292,1.651392
2175.878,1.6511697
2176.464,1.6509475
2177.05,1.6507252
2177.636,1.6505032
2178.222,1.6502811
2178.808,1.6500591
2179.394,1.6498374
2179.98,1.6496156
2180.566,1.6493939
2181.152,1.6491723
2181.738,1.6489509
2182.324,1.6487296
2182.91,1.6485082
2183.496,1.6482871
2184.082,1.6480659
2184.668,1.6478449
2185.254,1.6476239
2185.84,1.6474031
2186.426,1.6471823
2187.012,1.6469617
2187.598,1.646741
2188.184,1.6465206
2188.77,1.6463002
2189.356,1.6460799
2189.942,1.6458596
2190.528,1.6456395
2191.114,1.6454195
2191.7,1.6451995
2192.286,1.6449796
2192.872,1.6447599
2193.458,1.6445402
2194.044,1.6443206
2194.63,1.644101
2195.216,1.6438816
2195.802,1.6436622
2196.388,1.643443
2196.974,1.6432239
2197.56,1.6430048
2198.146,1.6427858
2198.732,1.6425669
2199.318,1.6423481
2199.904,1.6421293
2200.49,1.6419107
2201.076,1.6416922
2201.662,1.6414737
2202.248,1.6412553
2202.834,1.641037
2203.42,1.6408188
2204.006,1.6406007
2204.592,1.6403826
2205.178,1.6401647
2205.764,1.6399469
2206.35,1.6397291
2206.936,1.6395115
2207.522,1.6392938
2208.108,1.6390764
2208.694,1.6388589
2209.28,1.6386415
2209.866,1.6384243
2210.452,1.6382072
2211.038,1.6379901
2211.624,1.6377732
2212.21,1.6375562
2212.796,1.6373394
2213.382,1.6371226
2213.968,1.636906
2214.554,1.6366894
2215.14,1.6364731
2215.726,1.6362566
2216.312,1.6360403
2216.898,1.6358241
2217.484,1.635608
2218.07,1.635392
2218.656,1.6351759
2219.242,1.6349602
2219.828,1.6347444
2220.414,1.6345286
2221,1.6343131
2221.586,1.6340975
2222.172,1.633882
2222.758,1.6336668
2223.344,1.6334515
2223.93,1.6332363
2224.516,1.6330212
2225.102,1.6328062
2225.688,1.6325912
2226.274,1.6323764
2226.86,1.6321617
2227.446,1.6319469
2228.032,1.6317323
2228.618,1.6315179
2229.204,1.6313035
2229.79,1.6310892
2230.376,1.6308749
2230.962,1.6306608
2231.548,1.6304467
2232.134,1.6302327
2232.72,1.6300188
2233.306,1.629805
2233.892,1.6295912
2234.478,1.6293776
2235.064,1.629164
2235.65,1.6289505
2236.236,1.6287371
2236.822,1.6285238
2237.408,1.6283106
2237.994,1.6280974
2238.58,1.6278844
2239.166,1.6276714
2239.752,1.6274585
2240.338,1.6272457
2240.924,1.627033
2241.51,1.6268203
2242.096,1.6266078
2242.682,1.6263952
2243.268,1.6261829
2243.854,1.6259705
2244.44,1.6257583
2245.026,1.6255462
2245.612,1.6253341
2246.198,1.6251221
2246.784,1.62491
2247.37,1.624698
2247.956,1.6244863
2248.542,1.6242745
2249.128,1.6240629
2249.714,1.6238512
2250.3,1.6236398
2250.886,1.6234283
2251.472,1.623217
2252.058,1.6230057
2252.644,1.6227945
2253.23,1.6225835
2253.816,1.6223724
2254.402,1.6221615
2254.988,1.6219506
2255.574,1.6217399
2256.16,1.6215292
2256.746,1.6213186
2257.332,1.6211081
2257.918,1.6208977
2258.504,1.6206872
2259.09,1.620477
2259.676,1.6202668
2260.262,1.6200567
2260.848,1.6198467
2261.434,1.6196368
2262.02,1.6194268
2262.606,1.619217
2263.192,1.6190073
2263.778,1.6187978
2264.364,1.6185882
2264.95,1.6183788
2265.536,1.6181694
2266.122,1.6179601
2266.708,1.6177509
2267.294,1.6175418
2267.88,1.6173327
2268.466,1.6171237
2269.052,1.6169149
2269.638,1.616706
2270.224,1.6164973
2270.81,1.6162887
2271.396,1.6160802
2271.982,1.6158717
2272.568,1.6156633
2273.154,1.6154549
2273.74,1.6152467
2274.326,1.6150385
2274.912,1.6148305
2275.498,1.6146225
2276.084,1.6144146
2276.67,1.6142067
2277.256,1.6139989
2277.842,1.6137913
2278.428,1.6135837
2279.014,1.6133761
2279.6,1.6131687
2280.186,1.6129614
2280.772,1.6127541
2281.358,1.6125469
2281.944,1.6123397
2282.53,1.6121327
2283.116,1.6119258
2283.702,1.6117189
2284.288,1.6115122
2284.874,1.6113055
2285.46,1.6110988
2286.046,1.6108922
2286.632,1.6106858
2287.218,1.6104794
2287.804,1.610273
2288.39,1.6100668
2288.976,1.6098607
2289.562,1.6096545
2290.148,1.6094486
2290.734,1.6092427
2291.32,1.6090368
2291.906,1.608831
2292.492,1.6086253
2293.078,1.6084197
2293.664,1.6082143
2294.25,1.6080087
2294.836,1.6078033
2295.422,1.6075981
2296.008,1.6073929
2296.594,1.6071877
2297.18,1.6069827
2297.766,1.6067778
2298.352,1.6065729
2298.938,1.6063681
2299.524,1.6061634
2300.11,1.6059586
2300.696,1.605754
2301.282,1.6055496
2301.868,1.6053451
2302.454,1.6051408
2303.04,1.6049365
2303.626,1.6047323
2304.212,1.6045282
2304.798,1.6043242
2305.384,1.6041203
2305.97,1.6039163
2306.556,1.6037126
2307.142,1.6035088
2307.728,1.6033052
2308.314,1.6031016
2308.9,1.6028981
2309.486,1.6026947
2310.072,1.6024914
2310.658,1.6022881
2311.244,1.602085
2311.83,1.6018819
2312.416,1.6016788
2313.002,1.601476
2313.588,1.6012729
2314.174,1.6010702
2314.76,1.6008675
2315.346,1.6006649
2315.932,1.6004623
2316.518,1.6002598
2317.104,1.6000574
2317.69,1.5998551
2318.276,1.5996529
2318.862,1.5994507
2319.448,1.5992485
2320.034,1.5990466
2320.62,1.5988445
2321.206,1.5986427
2321.792,1.598441
2322.378,1.5982393
2322.964,1.5980376
2323.55,1.597836
2324.136,1.5976346
2324.722,1.5974331
2325.308,1.5972319
2325.894,1.5970305
2326.48,1.5968294
2327.066,1.5966283
2327.652,1.5964272
2328.238,1.5962263
2328.824,1.5960255
2329.41,1.5958246
2329.996,1.5956239
2330.582,1.5954232
2331.168,1.5952227
2331.754,1.5950222
2332.34,1.5948218
2332.926,1.5946214
2333.512,1.5944211
2334.098,1.594221
2334.684,1.5940208
2335.27,1.5938208
2335.856,1.5936209
2336.442,1.593421
2337.028,1.5932212
2337.614,1.5930214
2338.2,1.5928217
2338.786,1.5926222
2339.372,1.5924226
2339.958,1.5922233
2340.544,1.5920238
2341.13,1.5918245
2341.716,1.5916253
2342.302,1.5914263
2342.888,1.5912272
2343.474,1.5910281
2344.06,1.5908293
2344.646,1.5906304
2345.232,1.5904317
2345.818,1.590233
2346.404,1.5900344
2346.99,1.5898359
2347.576,1.5896374
2348.162,1.589439
2348.748,1.5892407
2349.334,1.5890424
2349.92,1.5888442
2350.506,1.5886462
2351.092,1.5884482
2351.678,1.5882502
2352.264,1.5880523
2352.85,1.5878545
2353.436,1.5876569
2354.022,1.5874592
2354.608,1.5872616
2355.194,1.5870641
2355.78,1.5868667
2356.366,1.5866693
2356.952,1.586472
2357.538,1.5862749
2358.124,1.5860777
2358.71,1.5858806
2359.296,1.5856837
2359.882,1.5854868
2360.468,1.58529
2361.054,1.5850933
2361.64,1.5848964
2362.226,1.5846999
2362.812,1.5845034
2363.398,1.5843068
2363.984,1.5841105
2364.57,1.5839142
2365.156,1.5837179
2365.742,1.5835217
2366.328,1.5833256
2366.914,1.5831296
2367.5,1.5829337
2368.086,1.5827378
2368.672,1.5825419
2369.258,1.5823462
2369.844,1.5821506
2370.43,1.581955
2371.016,1.5817595
2371.602,1.5815641
2372.188,1.5813687
2372.774,1.5811734
2373.36,1.5809782
2373.946,1.580783
2374.532,1.5805879
2375.118,1.580393
2375.704,1.580198
2376.29,1.5800031
2376.876,1.5798084
2377.462,1.5796137
2378.048,1.579419
2378.634,1.5792243
2379.22,1.5790299
2379.806,1.5788355
2380.392,1.5786411
2380.978,1.5784469
2381.564,1.5782526
2382.15,1.5780585
2382.736,1.5778644
2383.322,1.5776705
2383.908,1.5774765
2384.494,1.5772825
2385.08,1.5770888
2385.666,1.5768951
2386.252,1.5767015
2386.838,1.5765079
2387.424,1.5763144
2388.01,1.576121
2388.596,1.5759276
2389.182,1.5757344
2389.768,1.5755413
2390.354,1.575348
2390.94,1.575155
2391.526,1.574962
2392.112,1.574769
2392.698,1.5745763
2393.284,1.5743835
2393.87,1.5741907
2394.456,1.5739981
2395.042,1.5738056
2395.628,1.573613
2396.214,1.5734206
2396.8,1.5732282
2397.386,1.573036
2397.972,1.5728438
2398.558,1.5726516
2399.144,1.5724596
2399.73,1.5722675
2400.316,1.5720756
2400.902,1.5718838
2401.488,1.571692
2402.074,1.5715002
2402.66,1.5713086
2403.246,1.571117
2403.832,1.5709255
2404.418,1.570734
2405.004,1.5705427
2405.59,1.5703514
2406.176,1.5701602
2406.762,1.5699691
2407.348,1.569778
2407.934,1.5695869
2408.52,1.569396
2409.106,1.569205
2409.692,1.5690143
2410.278,1.5688236
2410.864,1.568633
2411.45,1.5684422
2412.036,1.5682517
2412.622,1.5680614
2413.208,1.5678709
2413.794,1.5676806
2414.38,1.5674903
2414.966,1.5673002
2415.552,1.5671101
2416.138,1.56692
2416.724,1.56673
2417.31,1.5665401
2417.896,1.5663503
2418.482,1.5661606
2419.068,1.5659709
2419.654,1.5657812
2420.24,1.5655917
2420.826,1.5654022
2421.412,1.5652128
2421.998,1.5650234
2422.584,1.5648342
2423.17,1.5646451
2423.756,1.5644559
2424.342,1.5642668
2424.928,1.5640777
2425.514,1.5638889
2426.1,1.5637
2426.686,1.5635113
2427.272,1.5633225
2427.858,1.5631338
2428.444,1.5629452
2429.03,1.5627567
2429.616,1.5625683
2430.202,1.5623798
2430.788,1.5621916
2431.374,1.5620033
2431.96,1.5618151
2432.546,1.561627
2433.132,1.561439
2433.718,1.561251
2434.304,1.5610632
2434.89,1.5608753
2435.476,1.5606875
2436.062,1.5604999
2436.648,1.5603122
2437.234,1.5601246
2437.82,1.5599371
2438.406,1.5597497
2438.992,1.5595623
2439.578,1.559375
2440.164,1.5591879
2440.75,1.5590007
2441.336,1.5588136
2441.922,1.5586267
2442.508,1.5584396
2443.094,1.5582528
2443.68,1.558066
2444.266,1.5578792
2444.852,1.5576925
2445.438,1.557506
2446.024,1.5573194
2446.61,1.5571328
2447.196,1.5569465
2447.782,1.5567602
2448.368,1.5565739
2448.954,1.5563877
2449.54,1.5562015
2450.126,1.5560154
2450.712,1.5558294
2451.298,1.5556436
2451.884,1.5554576
2452.47,1.5552717
2453.056,1.555086
2453.642,1.5549004
2454.228,1.5547148
2454.814,1.5545292
2455.4,1.5543437
2455.986,1.5541583
2456.572,1.553973
2457.158,1.5537878
2457.744,1.5536026
2458.33,1.5534174
2458.916,1.5532323
2459.502,1.5530474
2460.088,1.5528624
2460.674,1.5526775
2461.26,1.5524927
2461.846,1.552308
2462.432,1.5521233
2463.018,1.5519388
2463.604,1.5517542
2464.19,1.5515697
2464.776,1.5513853
2465.362,1.551201
2465.948,1.5510167
2466.534,1.5508325
2467.12,1.5506483
2467.706,1.5504643
2468.292,1.5502802
2468.878,1.5500963
2469.464,1.5499125
2470.05,1.5497286
2470.636,1.5495448
2471.222,1.5493612
2471.808,1.5491775
2472.394,1.5489941
2472.98,1.5488105
2473.566,1.5486271
2474.152,1.5484437
2474.738,1.5482605
2475.324,1.5480772
2475.91,1.5478941
2476.496,1.547711
2477.082,1.5475279
2477.668,1.547345
2478.254,1.5471622
2478.84,1.5469793
2479.426,1.5467964
2480.012,1.5466138
2480.598,1.5464312
2481.184,1.5462486
2481.77,1.5460662
2482.356,1.5458837
2482.942,1.5457013
2483.528,1.545519
2484.114,1.5453367
2484.7,1.5451546
2485.286,1.5449724
2485.872,1.5447904
2486.458,1.5446084
2487.044,1.5444264
2487.63,1.5442446
2488.216,1.5440629
2488.802,1.5438812
2489.388,1.5436995
2489.974,1.5435178
2490.56,1.5433364
2491.146,1.543155
2491.732,1.5429735
2492.318,1.5427921
2492.904,1.5426109
2493.49,1.5424297
2494.076,1.5422485
2494.662,1.5420674
2495.248,1.5418864
2495.834,1.5417055
2496.42,1.5415245
2497.006,1.5413437
2497.592,1.541163
2498.178,1.5409821
2498.764,1.5408013
2499.35,1.5406206
2499.936,1.54044
2500.522,1.5402594
2501.108,1.5400789
2501.694,1.5398984
2502.28,1.5397179
2502.866,1.5395377
2503.452,1.5393574
2504.038,1.5391772
2504.624,1.5389971
2505.21,1.5388169
2505.796,1.5386369
2506.382,1.5384569
2506.968,1.538277
2507.554,1.5380973
2508.14,1.5379175
2508.726,1.5377377
2509.312,1.5375581
2509.898,1.5373785
2510.484,1.537199
2511.07,1.5370196
2511.656,1.5368402
2512.242,1.5366609
2512.828,1.5364816
2513.414,1.5363024
2514,1.5361233
2514.586,1.5359442
2515.172,1.5357652
2515.758,1.5355862
2516.344,1.5354073
2516.93,1.5352285
2517.516,1.5350498
2518.102,1.5348711
2518.688,1.5346925
2519.274,1.534514
2519.86,1.5343354
2520.446,1.5341569
2521.032,1.5339786
2521.618,1.5338002
2522.204,1.533622
2522.79,1.5334438
2523.376,1.5332657
2523.962,1.5330876
2524.548,1.5329096
2525.134,1.5327317
2525.72,1.5325538
2526.306,1.5323759
2526.892,1.5321982
2527.478,1.5320206
2528.064,1.5318428
2528.65,1.5316653
2529.236,1.5314878
2529.822,1.5313103
2530.408,1.5311329
2530.994,1.5309557
2531.58,1.5307784
2532.166,1.5306013
2532.752,1.5304241
2533.338,1.530247
2533.924,1.5300699
2534.51,1.529893
2535.096,1.5297161
2535.682,1.5295392
2536.268,1.5293626
2536.854,1.5291858
2537.44,1.5290091
2538.026,1.5288327
2538.612,1.5286561
2539.198,1.5284797
2539.784,1.5283031
2540.37,1.5281268
2540.956,1.5279506
2541.542,1.5277743
2542.128,1.5275983
2542.714,1.5274222
2543.3,1.5272461
2543.886,1.5270702
2544.472,1.5268942
2545.058,1.5267184
2545.644,1.5265425
2546.23,1.5263669
2546.816,1.5261912
2547.402,1.5260156
2547.988,1.52584
2548.574,1.5256646
2549.16,1.5254892
2549.746,1.5253139
2550.332,1.5251385
2550.918,1.5249633
2551.504,1.5247881
2552.09,1.524613
2552.676,1.524438
2553.262,1.5242629
2553.848,1.524088
2554.434,1.5239131
2555.02,1.5237384
2555.606,1.5235636
2556.192,1.5233889
2556.778,1.5232143
2557.364,1.5230397
2557.95,1.5228652
2558.536,1.5226908
2559.122,1.5225164
2559.708,1.5223421
2560.294,1.5221678
2560.88,1.5219935
2561.466,1.5218194
2562.052,1.5216453
2562.638,1.5214713
2563.224,1.5212973
2563.81,1.5211234
2564.396,1.5209496
2564.982,1.5207758
2565.568,1.5206021
2566.154,1.5204284
2566.74,1.5202547
2567.326,1.5200813
2567.912,1.5199077
2568.498,1.5197343
2569.084,1.5195609
2569.67,1.5193876
2570.256,1.5192144
2570.842,1.5190412
2571.428,1.5188681
2572.014,1.518695
2572.6,1.518522
2573.186,1.5183491
2573.772,1.5181762
2574.358,1.5180033
2574.944,1.5178305
2575.53,1.5176579
2576.116,1.5174851
2576.702,1.5173125
2577.288,1.51714
2577.874,1.5169675
2578.46,1.5167952
2579.046,1.5166228
2579.632,1.5164505
2580.218,1.5162783
2580.804,1.5161061
2581.39,1.515934
2581.976,1.515762
2582.562,1.5155898
2583.148,1.5154179
2583.734,1.515246
2584.32,1.5150743
2584.906,1.5149025
2585.492,1.5147308
2586.078,1.5145591
2586.664,1.5143875
2587.25,1.5142159
2587.836,1.5140445
2588.422,1.5138731
2589.008,1.5137018
2589.594,1.5135305
2590.18,1.5133592
2590.766,1.513188
2591.352,1.5130169
2591.938,1.5128459
2592.524,1.5126748
2593.11,1.5125039
2593.696,1.512333
2594.282,1.5121622
2594.868,1.5119914
2595.454,1.5118207
2596.04,1.5116501
2596.626,1.5114795
2597.212,1.5113089
2597.798,1.5111384
2598.384,1.510968
2598.97,1.5107976
2599.556,1.5106274
2600.142,1.510457
2600.728,1.5102869
2601.314,1.5101168
2601.9,1.5099467
2602.486,1.5097767
2603.072,1.5096067
2603.658,1.5094368
2604.244,1.509267
2604.83,1.5090972
2605.416,1.5089275
2606.002,1.5087578
2606.588,1.5085882
2607.174,1.5084186
2607.76,1.5082492
2608.346,1.5080796
2608.932,1.5079104
2609.518,1.507741
2610.104,1.5075717
2610.69,1.5074025
2611.276,1.5072334
2611.862,1.5070642
2612.448,1.5068953
2613.034,1.5067263
2613.62,1.5065573
2614.206,1.5063884
2614.792,1.5062196
2615.378,1.5060509
2615.964,1.5058823
2616.55,1.5057136
2617.136,1.505545
2617.722,1.5053765
2618.308,1.505208
2618.894,1.5050396
2619.48,1.5048712
2620.066,1.5047029
2620.652,1.5045347
2621.238,1.5043665
2621.824,1.5041984
2622.41,1.5040303
2622.996,1.5038624
2623.582,1.5036944
2624.168,1.5035264
2624.754,1.5033586
2625.34,1.5031909
2625.926,1.5030231
2626.512,1.5028554
2627.098,1.5026879
2627.684,1.5025203
2628.27,1.5023528
2628.856,1.5021853
2629.442,1.502018
2630.028,1.5018506
2630.614,1.5016834
2631.2,1.5015162
2631.786,1.501349
2632.372,1.5011818
2632.958,1.5010148
2633.544,1.5008478
2634.13,1.5006809
2634.716,1.500514
2635.302,1.5003473
2635.888,1.5001805
2636.474,1.5000137
2637.06,1.4998471
2637.646,1.4996805
2638.232,1.499514
2638.818,1.4993474
2639.404,1.499181
2639.99,1.4990146
2640.576,1.4988483
2641.162,1.498682
2641.748,1.4985158
2642.334,1.4983497
2642.92,1.4981836
2643.506,1.4980175
2644.092,1.4978516
2644.678,1.4976857
2645.264,1.4975197
2645.85,1.4973539
2646.436,1.4971882
2647.022,1.4970225
2647.608,1.4968568
2648.194,1.4966912
2648.78,1.4965258
2649.366,1.4963602
2649.952,1.4961948
2650.538,1.4960294
2651.124,1.4958642
2651.71,1.4956988
2652.296,1.4955336
2652.882,1.4953685
2653.468,1.4952034
2654.054,1.4950383
2654.64,1.4948733
2655.226,1.4947084
2655.812,1.4945436
2656.398,1.4943787
2656.984,1.4942139
2657.57,1.4940492
2658.156,1.4938846
2658.742,1.4937199
2659.328,1.4935554
2659.914,1.4933909
2660.5,1.4932265
2661.086,1.4930621
2661.672,1.4928977
2662.258,1.4927335
2662.844,1.4925692
2663.43,1.4924051
2664.016,1.492241
2664.602,1.492077
2665.188,1.491913
2665.774,1.491749
2666.36,1.4915851
2666.946,1.4914213
2667.532,1.4912574
2668.118,1.4910938
2668.704,1.4909301
2669.29,1.4907665
2669.876,1.490603
2670.462,1.4904394
2671.048,1.490276
2671.634,1.4901125
2672.22,1.4899492
2672.806,1.4897859
2673.392,1.4896227
2673.978,1.4894595
2674.564,1.4892963
2675.15,1.4891334
2675.736,1.4889703
2676.322,1.4888073
2676.908,1.4886445
2677.494,1.4884815
2678.08,1.4883187
2678.666,1.488156
2679.252,1.4879932
2679.838,1.4878306
2680.424,1.487668
2681.01,1.4875056
2681.596,1.487343
2682.182,1.4871806
2682.768,1.4870182
2683.354,1.4868559
2683.94,1.4866936
2684.526,1.4865314
2685.112,1.4863693
2685.698,1.4862071
2686.284,1.4860451
2686.87,1.4858831
2687.456,1.4857211
2688.042,1.4855592
2688.628,1.4853975
2689.214,1.4852357
2689.8,1.4850739
2690.386,1.4849123
2690.972,1.4847506
2691.558,1.4845891
2692.144,1.4844276
2692.73,1.484266
2693.316,1.4841046
2693.902,1.4839433
2694.488,1.4837819
2695.074,1.4836208
2695.66,1.4834596
2696.246,1.4832984
2696.832,1.4831372
2697.418,1.4829762
2698.004,1.4828153
2698.59,1.4826543
2699.176,1.4824934
2699.762,1.4823326
2700.348,1.4821719
2700.934,1.4820111
2701.52,1.4818505
2702.106,1.4816898
2702.692,1.4815292
2703.278,1.4813688
2703.864,1.4812083
2704.45,1.4810479
2705.036,1.4808875
2705.622,1.4807273
2706.208,1.480567
2706.794,1.4804068
2707.38,1.4802467
2707.966,1.4800866
2708.552,1.4799266
2709.138,1.4797666
2709.724,1.4796066
2710.31,1.4794468
2710.896,1.4792868
2711.482,1.4791269
2712.068,1.478967
2712.654,1.4788071
2713.24,1.4786474
2713.826,1.4784876
2714.412,1.4783279
2714.998,1.4781682
2715.584,1.4780086
2716.17,1.4778491
2716.756,1.4776896
2717.342,1.4775302
2717.928,1.4773709
2718.514,1.4772116
2719.1,1.4770523
2719.686,1.4768931
2720.272,1.4767338
2720.858,1.4765748
2721.444,1.4764156
2722.03,1.4762567
2722.616,1.4760977
2723.202,1.4759388
2723.788,1.4757799
2724.374,1.4756211
2724.96,1.4754624
2725.546,1.4753036
2726.132,1.4751451
2726.718,1.4749864
2727.304,1.4748279
2727.89,1.4746693
2728.476,1.4745109
2729.062,1.4743526
2729.648,1.4741942
2730.234,1.4740359
2730.82,1.4738777
2731.406,1.4737195
2731.992,1.4735614
2732.578,1.4734032
2733.164,1.4732453
2733.75,1.4730873
2734.336,1.4729292
2734.922,1.4727714
2735.508,1.4726136
2736.094,1.4724559
2736.68,1.4722981
2737.266,1.4721404
2737.852,1.4719828
2738.438,1.4718252
2739.024,1.4716676
2739.61,1.4715102
2740.196,1.4713528
2740.782,1.4711955
2741.368,1.4710381
2741.954,1.4708809
2742.54,1.4707236
2743.126,1.4705665
2743.712,1.4704094
2744.298,1.4702523
2744.884,1.4700953
2745.47,1.4699383
2746.056,1.4697814
2746.642,1.4696245
2747.228,1.4694678
2747.814,1.469311
2748.4,1.4691542
2748.986,1.4689976
2749.572,1.468841
2750.158,1.4686844
2750.744,1.4685279
2751.33,1.4683715
2751.916,1.468215
2752.502,1.4680587
2753.088,1.4679024
2753.674,1.4677461
2754.26,1.46759
2754.846,1.4674338
2755.432,1.4672776
2756.018,1.4671216
2756.604,1.4669657
2757.19,1.4668096
2757.776,1.4666538
2758.362,1.4664979
2758.948,1.4663421
2759.534,1.4661864
2760.12,1.4660307
2760.706,1.465875
2761.292,1.4657195
2761.878,1.4655639
2762.464,1.4654083
2763.05,1.4652529
2763.636,1.4650975
2764.222,1.4649421
2764.808,1.4647869
2765.394,1.4646316
2765.98,1.4644763
2766.566,1.4643213
2767.152,1.4641662
2767.738,1.4640111
2768.324,1.4638561
2768.91,1.4637011
2769.496,1.4635462
2770.082,1.4633913
2770.668,1.4632366
2771.254,1.4630818
2771.84,1.4629271
2772.426,1.4627725
2773.012,1.4626179
2773.598,1.4624633
2774.184,1.4623088
2774.77,1.4621544
2775.356,1.4619999
2775.942,1.4618455
2776.528,1.4616913
2777.114,1.461537
2777.7,1.4613827
2778.286,1.4612286
2778.872,1.4610745
2779.458,1.4609205
2780.044,1.4607664
2780.63,1.4606124
2781.216,1.4604585
2781.802,1.4603046
2782.388,1.4601508
2782.974,1.4599971
2783.56,1.4598434
2784.146,1.4596897
2784.732,1.4595361
2785.318,1.4593825
2785.904,1.459229
2786.49,1.4590755
2787.076,1.458922
2787.662,1.4587687
2788.248,1.4586153
2788.834,1.4584621
2789.42,1.4583088
2790.006,1.4581556
2790.592,1.4580026
2791.178,1.4578495
2791.764,1.4576964
2792.35,1.4575435
2792.936,1.4573905
2793.522,1.4572376
2794.108,1.4570848
2794.694,1.4569319
2795.28,1.4567792
2795.866,1.4566265
2796.452,1.4564739
2797.038,1.4563212
2797.624,1.4561688
2798.21,1.4560163
2798.796,1.4558638
2799.382,1.4557114
2799.968,1.455559
2800.554,1.4554067
2801.14,1.4552544
2801.726,1.4551022
2802.312,1.4549501
2802.898,1.454798
2803.484,1.454646
2804.07,1.4544939
2804.656,1.4543419
2805.242,1.45419
2805.828,1.4540381
2806.414,1.4538863
2807,1.4537345
2807.586,1.4535828
2808.172,1.4534311
2808.758,1.4532795
2809.344,1.4531279
2809.93,1.4529763
2810.516,1.4528248
2811.102,1.4526734
2811.688,1.452522
2812.274,1.4523708
2812.86,1.4522194
2813.446,1.4520682
2814.032,1.4519169
2814.618,1.4517659
2815.204,1.4516147
2815.79,1.4514636
2816.376,1.4513127
2816.962,1.4511616
2817.548,1.4510107
2818.134,1.4508599
2818.72,1.4507091
2819.306,1.4505583
2819.892,1.4504075
2820.478,1.4502569
2821.064,1.4501063
2821.65,1.4499557
2822.236,1.4498051
2822.822,1.4496547
2823.408,1.4495043
2823.994,1.4493538
2824.58,1.4492035
2825.166,1.4490532
2825.752,1.448903
2826.338,1.4487528
2826.924,1.4486026
2827.51,1.4484525
2828.096,1.4483024
2828.682,1.4481524
2829.268,1.4480023
2829.854,1.4478525
2830.44,1.4477026
2831.026,1.4475528
2831.612,1.4474031
2832.198,1.4472532
2832.784,1.4471036
2833.37,1.446954
2833.956,1.4468044
2834.542,1.4466549
2835.128,1.4465053
2835.714,1.4463559
2836.3,1.4462065
2836.886,1.4460571
2837.472,1.4459078
2838.058,1.4457586
2838.644,1.4456093
2839.23,1.4454602
2839.816,1.4453111
2840.402,1.4451619
2840.988,1.4450129
2841.574,1.4448639
2842.16,1.444715
2842.746,1.4445661
2843.332,1.4444174
2843.918,1.4442686
2844.504,1.4441197
2845.09,1.443971
2845.676,1.4438224
2846.262,1.4436738
2846.848,1.4435252
2847.434,1.4433768
2848.02,1.4432282
2848.606,1.4430798
2849.192,1.4429314
2849.778,1.4427831
2850.364,1.4426348
2850.95,1.4424866
2851.536,1.4423385
2852.122,1.4421903
2852.708,1.4420421
2853.294,1.4418942
2853.88,1.4417461
2854.466,1.4415981
2855.052,1.4414502
2855.638,1.4413023
2856.224,1.4411545
2856.81,1.4410068
2857.396,1.4408591
2857.982,1.4407114
2858.568,1.4405637
2859.154,1.4404161
2859.74,1.4402685
2860.326,1.4401211
2860.912,1.4399736
2861.498,1.4398263
2862.084,1.4396788
2862.67,1.4395316
2863.256,1.4393842
2863.842,1.439237
2864.428,1.4390898
2865.014,1.4389427
2865.6,1.4387957
2866.186,1.4386486
2866.772,1.4385016
2867.358,1.4383546
2867.944,1.4382077
2868.53,1.4380609
2869.116,1.437914
2869.702,1.4377673
2870.288,1.4376205
2870.874,1.4374739
2871.46,1.4373273
2872.046,1.4371806
2872.632,1.4370341
2873.218,1.4368876
2873.804,1.4367412
2874.39,1.4365947
2874.976,1.4364485
2875.562,1.4363021
2876.148,1.4361558
2876.734,1.4360096
2877.32,1.4358634
2877.906,1.4357173
2878.492,1.4355712
2879.078,1.4354252
2879.664,1.4352791
2880.25,1.4351332
2880.836,1.4349873
2881.422,1.4348415
2882.008,1.4346956
2882.594,1.4345499
2883.18,1.4344041
2883.766,1.4342585
2884.352,1.4341128
2884.938,1.4339672
2885.524,1.4338217
2886.11,1.4336761
2886.696,1.4335307
2887.282,1.4333854
2887.868,1.4332399
2888.454,1.4330946
2889.04,1.4329493
2889.626,1.4328041
2890.212,1.4326589
2890.798,1.4325138
2891.384,1.4323688
2891.97,1.4322237
2892.556,1.4320787
2893.142,1.4319336
2893.728,1.4317888
2894.314,1.4316438
2894.9,1.431499
2895.486,1.4313543
2896.072,1.4312096
2896.658,1.4310648
2897.244,1.4309201
2897.83,1.4307755
2898.416,1.4306309
2899.002,1.4304864
2899.588,1.4303421
2900.174,1.4301976
2900.76,1.4300532
2901.346,1.4299089
2901.932,1.4297646
2902.518,1.4296204
2903.104,1.4294761
2903.69,1.4293319
2904.276,1.4291878
2904.862,1.4290438
2905.448,1.4288996
2906.034,1.4287558
2906.62,1.4286118
2907.206,1.4284679
2907.792,1.428324
2908.378,1.4281802
2908.964,1.4280363
2909.55,1.4278923
2910.136,1.4277484
2910.722,1.4276044
2911.308,1.4274607
2911.894,1.4273169
2912.48,1.4271731
2913.066,1.4270295
2913.652,1.4268857
2914.238,1.4267421
2914.824,1.4265985
2915.41,1.426455
2915.996,1.4263116
2916.582,1.4261682
2917.168,1.4260247
2917.754,1.4258814
2918.34,1.4257381
2918.926,1.4255948
2919.512,1.4254516
2920.098,1.4253085
2920.684,1.4251653
2921.27,1.4250222
2921.856,1.4248792
2922.442,1.4247361
2923.028,1.4245932
2923.614,1.4244504
2924.2,1.4243075
2924.786,1.4241648
2925.372,1.424022
2925.958,1.4238793
2926.544,1.4237366
2927.13,1.4235939
2927.716,1.4234513
2928.302,1.4233088
2928.888,1.4231663
2929.474,1.4230238
2930.06,1.4228814
2930.646,1.422739
2931.232,1.4225967
2931.818,1.4224545
2932.404,1.4223123
2932.99,1.42217
2933.576,1.4220279
2934.162,1.4218857
2934.748,1.4217438
2935.334,1.4216017
2935.92,1.4214597
2936.506,1.4213178
2937.092,1.421176
2937.678,1.4210341
2938.264,1.4208924
2938.85,1.4207505
2939.436,1.4206089
2940.022,1.4204671
2940.608,1.4203256
2941.194,1.420184
2941.78,1.4200425
2942.366,1.4199009
2942.952,1.4197595
2943.538,1.4196181
2944.124,1.4194767
2944.71,1.4193355
2945.296,1.4191942
2945.882,1.419053
2946.468,1.4189118
2947.054,1.4187707
2947.64,1.4186296
2948.226,1.4184885
2948.812,1.4183475
2949.398,1.4182066
2949.984,1.4180657
2950.57,1.4179248
2951.156,1.417784
2951.742,1.4176432
2952.328,1.4175024
2952.914,1.4173617
2953.5,1.417221
2954.086,1.4170804
2954.672,1.4169399
2955.258,1.4167993
2955.844,1.4166588
2956.43,1.4165183
2957.016,1.4163779
2957.602,1.4162376
2958.188,1.4160973
2958.774,1.415957
2959.36,1.4158168
2959.946,1.4156766
2960.532,1.4155365
2961.118,1.4153965
2961.704,1.4152564
2962.29,1.4151163
2962.876,1.4149764
2963.462,1.4148364
2964.048,1.4146966
2964.634,1.4145567
2965.22,1.4144169
2965.806,1.4142771
2966.392,1.4141375
2966.978,1.4139978
2967.564,1.4138582
2968.15,1.4137186
2968.736,1.413579
2969.322,1.4134395
2969.908,1.4133
2970.494,1.4131607
2971.08,1.4130212
2971.666,1.412882
2972.252,1.4127427
2972.838,1.4126034
2973.424,1.4124643
2974.01,1.412325
2974.596,1.4121859
2975.182,1.4120469
2975.768,1.4119078
2976.354,1.4117689
2976.94,1.4116299
2977.526,1.411491
2978.112,1.4113522
2978.698,1.4112134
2979.284,1.4110745
2979.87,1.4109359
2980.456,1.4107971
2981.042,1.4106585
2981.628,1.4105198
2982.214,1.4103813
2982.8,1.4102428
2983.386,1.4101043
2983.972,1.4099659
2984.558,1.4098275
2985.144,1.4096892
2985.73,1.4095508
2986.316,1.4094125
2986.902,1.4092743
2987.488,1.4091362
2988.074,1.408998
2988.66,1.40886
2989.246,1.4087218
2989.832,1.4085838
2990.418,1.4084458
2991.004,1.4083079
2991.59,1.4081701
2992.176,1.4080322
2992.762,1.4078944
2993.348,1.4077566
2993.934,1.4076189
2994.52,1.4074812
2995.106,1.4073436
2995.692,1.4072059
2996.278,1.4070684
2996.864,1.4069309
2997.45,1.4067935
2998.036,1.4066559
2998.622,1.4065186
2999.208,1.4063812
2999.794,1.4062439
3000.38,1.4061066
3000.966,1.4059694
3001.552,1.4058323
3002.138,1.4056951
3002.724,1.405558
3003.31,1.405421
3003.896,1.4052839
3004.482,1.405147
3005.068,1.40501
3005.654,1.4048731
3006.24,1.4047363
3006.826,1.4045995
3007.412,1.4044627
3007.998,1.4043261
3008.584,1.4041893
3009.17,1.4040526
3009.756,1.403916
3010.342,1.4037795
3010.928,1.403643
3011.514,1.4035065
3012.1,1.40337
3012.686,1.4032336
3013.272,1.4030973
3013.858,1.402961
3014.444,1.4028248
3015.03,1.4026885
3015.616,1.4025522
3016.202,1.4024161
3016.788,1.40228
3017.374,1.402144
3017.96,1.4020079
3018.546,1.4018719
3019.132,1.4017359
3019.718,1.4016
3020.304,1.4014642
3020.89,1.4013283
3021.476,1.4011925
3022.062,1.4010569
3022.648,1.4009211
3023.234,1.4007856
3023.82,1.4006499
3024.406,1.4005142
3024.992,1.4003787
3025.578,1.4002432
3026.164,1.4001077
3026.75,1.3999723
3027.336,1.399837
3027.922,1.3997016
3028.508,1.3995664
3029.094,1.3994311
3029.68,1.3992959
3030.266,1.3991607
3030.852,1.3990256
3031.438,1.3988905
3032.024,1.3987554
3032.61,1.3986204
3033.196,1.3984854
3033.782,1.3983505
3034.368,1.3982154
3034.954,1.3980802
3035.54,1.3979452
3036.126,1.3978101
3036.712,1.397675
3037.298,1.3975401
3037.884,1.3974051
3038.47,1.3972703
3039.056,1.3971355
3039.642,1.3970006
3040.228,1.3968658
3040.814,1.3967311
3041.4,1.3965964
3041.986,1.3964617
3042.572,1.3963271
3043.158,1.3961926
3043.744,1.3960581
3044.33,1.3959235
3044.916,1.3957891
3045.502,1.3956547
3046.088,1.3955203
3046.674,1.395386
3047.26,1.3952518
3047.846,1.3951175
3048.432,1.3949833
3049.018,1.3948491
3049.604,1.394715
3050.19,1.3945808
3050.776,1.3944467
3051.362,1.3943127
3051.948,1.3941789
3052.534,1.3940449
3053.12,1.393911
3053.706,1.3937771
3054.292,1.3936434
3054.878,1.3935095
3055.464,1.3933758
3056.05,1.3932421
3056.636,1.3931085
3057.222,1.3929749
3057.808,1.3928412
3058.394,1.3927077
3058.98,1.3925743
3059.566,1.3924408
3060.152,1.3923074
3060.738,1.392174
3061.324,1.3920406
3061.91,1.3919073
3062.496,1.3917741
3063.082,1.3916409
3063.668,1.3915077
3064.254,1.3913746
3064.84,1.3912414
3065.426,1.3911084
3066.012,1.3909754
3066.598,1.3908424
3067.184,1.3907094
3067.77,1.3905765
3068.356,1.3904437
3068.942,1.3903109
3069.528,1.3901781
3070.114,1.3900453
3070.7,1.3899126
3071.286,1.3897799
3071.872,1.3896472
3072.458,1.3895147
3073.044,1.3893821
3073.63,1.3892496
3074.216,1.3891171
3074.802,1.3889847
3075.388,1.3888524
3075.974,1.3887199
3076.56,1.3885876
3077.146,1.3884554
3077.732,1.3883231
3078.318,1.3881909
3078.904,1.3880588
3079.49,1.3879266
3080.076,1.3877945
3080.662,1.3876625
3081.248,1.3875304
3081.834,1.3873985
3082.42,1.3872665
3083.006,1.3871347
3083.592,1.3870028
3084.178,1.386871
3084.764,1.3867393
3085.35,1.3866075
3085.936,1.3864758
3086.522,1.3863442
3087.108,1.3862125
3087.694,1.386081
3088.28,1.3859494
3088.866,1.3858179
3089.452,1.3856864
3090.038,1.385555
3090.624,1.3854235
3091.21,1.3852923
3091.796,1.3851609
3092.382,1.3850297
3092.968,1.3848984
3093.554,1.3847672
3094.14,1.384636
3094.726,1.3845049
3095.312,1.3843738
3095.898,1.3842428
3096.484,1.3841118
3097.07,1.3839809
3097.656,1.3838499
3098.242,1.383719
3098.828,1.3835882
3099.414,1.3834573
3100,1.3833265
