170,4.249588
172.93,4.2134504
175.86,4.1782198
178.79,4.143858
181.72,4.1103296
184.65,4.0776024
187.58,4.0456448
190.51,4.0144277
193.44,3.9839225
196.37,3.9541006
199.3,3.9249394
202.23,3.8964145
205.16,3.8685029
208.09,3.8411822
211.02,3.8144317
213.95,3.7882326
216.88,3.7625661
219.81,3.7374144
222.74,3.7127604
225.67,3.6885884
228.6,3.6648822
231.53,3.6416276
234.46,3.6188099
237.39,3.5964153
240.32,3.5744312
243.25,3.5528455
246.18,3.5316465
249.11,3.510823
252.04,3.4903641
254.97,3.470257
257.9,3.4504936
260.83,3.4310646
263.76,3.4119606
266.69,3.3931725
269.62,3.374691
272.55,3.3565075
275.48,3.3386147
278.41,3.3210056
281.34,3.3036718
284.27,3.286607
287.2,3.269804
290.13,3.2532558
293.06,3.2369566
295.99,3.2209001
298.92,3.20508
301.85,3.1894908
304.78,3.1741269
307.71,3.158983
310.64,3.1440537
313.57,3.1293344
316.5,3.11482
319.43,3.1005058
322.36,3.086386
325.29,3.0724576
328.22,3.0587161
331.15,3.0451574
334.08,3.0317779
337.01,3.018573
339.94,3.0055399
342.87,2.9926741
345.8,2.9799712
348.73,2.9674282
351.66,2.9550428
354.59,2.9428115
357.52,2.9307311
360.45,2.9187984
363.38,2.9070103
366.31,2.8953636
369.24,2.8838551
372.17,2.8724828
375.1,2.861244
378.03,2.8501363
380.96,2.8391571
383.89,2.8283041
386.82,2.8175743
389.75,2.8069658
392.68,2.7964764
395.61,2.7861035
398.54,2.7758453
401.47,2.7656996
404.4,2.7556641
407.33,2.7457373
410.26,2.7359171
413.19,2.7262013
416.12,2.7165883
419.05,2.7070761
421.98,2.6976633
424.91,2.6883481
427.84,2.6791284
430.77,2.6700032
433.7,2.6609704
436.63,2.652029
439.56,2.643177
442.49,2.634413
445.42,2.6257358
448.35,2.6171436
451.28,2.6086357
454.21,2.60021
457.14,2.5918655
460.07,2.5836012
463,2.5754147
465.93,2.5673051
468.86,2.5592716
471.79,2.5513132
474.72,2.5434287
477.65,2.5356169
480.58,2.5278769
483.51,2.5202072
486.44,2.5126073
489.37,2.5050759
492.3,2.497612
495.23,2.4902143
498.16,2.4828806
501.09,2.4756114
504.02,2.468406
506.95,2.4612634
509.88,2.4541826
512.81,2.4471626
515.74,2.440203
518.67,2.4333024
521.6,2.42646
524.53,2.4196749
527.46,2.4129455
530.39,2.4062719
533.32,2.3996534
536.25,2.3930895
539.18,2.3865793
542.11,2.3801219
545.04,2.3737166
547.97,2.367363
550.9,2.3610601
553.83,2.3548074
556.76,2.348604
559.69,2.3424497
562.62,2.3363433
565.55,2.3302844
568.48,2.3242724
571.41,2.3183069
574.34,2.312387
577.27,2.3065121
580.2,2.3006818
583.13,2.2948956
586.06,2.2891524
588.99,2.2834523
591.92,2.2777944
594.85,2.2721782
597.78,2.2666037
600.71,2.2610698
603.64,2.2555764
606.57,2.2501228
609.5,2.2447085
612.43,2.2393332
615.36,2.2339964
618.29,2.2286975
621.22,2.2234361
624.15,2.2182119
627.08,2.2130244
630.01,2.2078731
632.94,2.2027576
635.87,2.1976774
638.8,2.1926324
641.73,2.1876218
644.66,2.1826451
647.59,2.1777022
650.52,2.1727929
653.45,2.1679165
656.38,2.1630728
659.31,2.1582615
662.24,2.1534822
665.17,2.1487343
668.1,2.1440179
671.03,2.1393323
673.96,2.1346774
676.89,2.1300528
679.82,2.125458
682.75,2.1208928
685.68,2.1163571
688.61,2.1118503
691.54,2.107372
694.47,2.1029224
697.4,2.0985007
700.33,2.0941069
703.26,2.0897408
706.19,2.0854018
709.12,2.0810897
712.05,2.0768044
714.98,2.0725455
717.91,2.0683129
720.84,2.0641057
723.77,2.0599241
726.7,2.0557673
729.63,2.0516353
732.56,2.0475285
735.49,2.0434461
738.42,2.0393879
741.35,2.0353541
744.28,2.0313442
747.21,2.0273578
750.14,2.0233951
753.07,2.0194554
756,2.0155389
758.93,2.0116451
761.86,2.0077739
764.79,2.0039248
767.72,2.000098
770.65,1.9962932
773.58,1.9925102
776.51,1.988747
779.44,1.9850053
782.37,1.9812847
785.3,1.9775851
788.23,1.9739063
791.16,1.970248
794.09,1.9666102
797.02,1.9629924
799.95,1.9593947
802.88,1.9558169
805.81,1.9522586
808.74,1.9487197
811.67,1.9452002
814.6,1.9416997
817.53,1.9382172
820.46,1.9347531
823.39,1.9313074
826.32,1.9278803
829.25,1.9244714
832.18,1.9210806
835.11,1.9177077
838.04,1.9143525
840.97,1.911015
843.9,1.9076949
846.83,1.9043921
849.76,1.9011065
852.69,1.8978379
855.62,1.8945861
858.55,1.891351
861.48,1.8881323
864.41,1.8849303
867.34,1.8817444
870.27,1.8785746
873.2,1.8754208
876.13,1.872283
879.06,1.8691608
881.99,1.8660535
884.92,1.8629615
887.85,1.859885
890.78,1.8568236
893.71,1.8537774
896.64,1.8507462
899.57,1.8477297
902.5,1.844728
905.43,1.8417408
908.36,1.8387682
911.29,1.8358099
914.22,1.832866
917.15,1.829936
920.08,1.8270202
923.01,1.8241183
925.94,1.8212301
928.87,1.8183557
931.8,1.8154948
934.73,1.8126473
937.66,1.8098133
940.59,1.8069924
943.52,1.8041848
946.45,1.8013902
949.38,1.7986085
952.31,1.7958398
955.24,1.7930837
958.17,1.7903403
961.1,1.7876095
964.03,1.784891
966.96,1.7821851
969.89,1.7794913
972.82,1.7768097
975.75,1.7741402
978.68,1.7714827
981.61,1.7688372
984.54,1.7662034
987.47,1.7635814
990.4,1.760971
993.33,1.7583722
996.26,1.7557847
999.19,1.7532088
1002.12,1.7506441
1005.05,1.7480906
1007.98,1.7455484
1010.91,1.7430171
1013.84,1.7404968
1016.77,1.7379874
1019.7,1.7354888
1022.63,1.733001
1025.56,1.7305238
1028.49,1.7280573
1031.42,1.7256012
1034.35,1.7231556
1037.28,1.7207203
1040.21,1.7182953
1043.14,1.7158806
1046.07,1.7134761
1049,1.7110815
1051.93,1.708697
1054.86,1.7063224
1057.79,1.7039578
1060.72,1.7016029
1063.65,1.6992577
1066.58,1.6969223
1069.51,1.6945964
1072.44,1.6922802
1075.37,1.6899732
1078.3,1.6876758
1081.23,1.6853877
1084.16,1.6831089
1087.09,1.6808393
1090.02,1.6785789
1092.95,1.6763276
1095.88,1.6740853
1098.81,1.671852
1101.74,1.6696275
1104.67,1.667412
1107.6,1.6652054
1110.53,1.6630074
1113.46,1.660818
1116.39,1.6586374
1119.32,1.6564653
1122.25,1.6543016
1125.18,1.6521466
1128.11,1.6499999
1131.04,1.6478616
1133.97,1.6457316
1136.9,1.6436098
1139.83,1.6414962
1142.76,1.6393907
1145.69,1.6372933
1148.62,1.6352041
1151.55,1.6331228
1154.48,1.6310494
1157.41,1.628984
1160.34,1.6269263
1163.27,1.6248765
1166.2,1.6228343
1169.13,1.6208
1172.06,1.6187732
1174.99,1.6167539
1177.92,1.6147417
1180.85,1.6127369
1183.78,1.6107398
1186.71,1.6087499
1189.64,1.6067674
1192.57,1.6047924
1195.5,1.6028244
1198.43,1.6008638
1201.36,1.5989105
1204.29,1.5969641
1207.22,1.5950249
1210.15,1.5930928
1213.08,1.5911677
1216.01,1.5892496
1218.94,1.5873383
1221.87,1.5854341
1224.8,1.5835366
1227.73,1.5816461
1230.66,1.5797621
1233.59,1.577885
1236.52,1.5760146
1239.45,1.5741509
1242.38,1.5722936
1245.31,1.5704432
1248.24,1.5685991
1251.17,1.5667616
1254.1,1.5649306
1257.03,1.5631059
1259.96,1.5612876
1262.89,1.5594758
1265.82,1.5576702
1268.75,1.555871
1271.68,1.5540779
1274.61,1.5522912
1277.54,1.5505105
1280.47,1.548736
1283.4,1.5469676
1286.33,1.545205
1289.26,1.5434479
1292.19,1.5416967
1295.12,1.5399514
1298.05,1.5382123
1300.98,1.536479
1303.91,1.5347515
1306.84,1.5330299
1309.77,1.5313141
1312.7,1.5296041
1315.63,1.5278997
1318.56,1.5262011
1321.49,1.5245082
1324.42,1.5228211
1327.35,1.5211394
1330.28,1.5194633
1333.21,1.5177928
1336.14,1.5161278
1339.07,1.5144684
1342,1.5128144
1344.93,1.5111659
1347.86,1.5095228
1350.79,1.507885
1353.72,1.5062525
1356.65,1.5046254
1359.58,1.5030037
1362.51,1.5013872
1365.44,1.499776
1368.37,1.4981699
1371.3,1.4965689
1374.23,1.4949733
1377.16,1.4933821
1380.09,1.4917954
1383.02,1.4902139
1385.95,1.4886376
1388.88,1.4870661
1391.81,1.4854997
1394.74,1.4839385
1397.67,1.4823821
1400.6,1.4808306
1403.53,1.479284
1406.46,1.4777424
1409.39,1.4762056
1412.32,1.4746737
1415.25,1.4731466
1418.18,1.4716243
1421.11,1.4701067
1424.04,1.4685938
1426.97,1.4670857
1429.9,1.4655823
1432.83,1.4640836
1435.76,1.4625894
1438.69,1.4610999
1441.62,1.4596149
1444.55,1.4581343
1447.48,1.4566573
1450.41,1.4551849
1453.34,1.4537169
1456.27,1.4522533
1459.2,1.4507943
1462.13,1.4493397
1465.06,1.4478894
1467.99,1.4464437
1470.92,1.4450022
1473.85,1.4435651
1476.78,1.4421324
1479.71,1.4407039
1482.64,1.4392796
1485.57,1.4378595
1488.5,1.4364438
1491.43,1.4350322
1494.36,1.4336249
1497.29,1.4322217
1500.22,1.4308226
1503.15,1.4294276
1506.08,1.4280368
1509.01,1.42665
1511.94,1.4252673
1514.87,1.4238887
1517.8,1.4225141
1520.73,1.4211434
1523.66,1.4197767
1526.59,1.4184141
1529.52,1.4170552
1532.45,1.4157004
1535.38,1.4143488
1538.31,1.4130009
1541.24,1.4116569
1544.17,1.4103167
1547.1,1.4089804
1550.03,1.4076478
1552.96,1.406319
1555.89,1.4049941
1558.82,1.4036729
1561.75,1.4023554
1564.68,1.4010416
1567.61,1.3997316
1570.54,1.3984252
1573.47,1.3971226
1576.4,1.3958235
1579.33,1.3945282
1582.26,1.3932363
1585.19,1.3919482
1588.12,1.3906635
1591.05,1.3893825
1593.98,1.388105
1596.91,1.386831
1599.84,1.3855606
1602.77,1.3842937
1605.7,1.3830303
1608.63,1.3817703
1611.56,1.3805138
1614.49,1.3792607
1617.42,1.378011
1620.35,1.3767647
1623.28,1.3755218
1626.21,1.3742822
1629.14,1.3730462
1632.07,1.3718133
1635,1.3705838
1637.93,1.3693576
1640.86,1.3681347
1643.79,1.3669151
1646.72,1.3656988
1649.65,1.3644856
1652.58,1.3632758
1655.51,1.3620691
1658.44,1.3608657
1661.37,1.3596655
1664.3,1.3584684
1667.23,1.3572745
1670.16,1.3560835
1673.09,1.3548954
1676.02,1.3537104
1678.95,1.3525285
1681.88,1.3513497
1684.81,1.350174
1687.74,1.3490013
1690.67,1.3478317
1693.6,1.3466653
1696.53,1.3455018
1699.46,1.3443413
1702.39,1.3431838
1705.32,1.3420293
1708.25,1.3408778
1711.18,1.3397292
1714.11,1.3385836
1717.04,1.337441
1719.97,1.3363012
1722.9,1.3351644
1725.83,1.3340305
1728.76,1.3328996
1731.69,1.3317714
1734.62,1.3306462
1737.55,1.3295237
1740.48,1.3284042
1743.41,1.3272874
1746.34,1.3261734
1749.27,1.3250624
1752.2,1.323954
1755.13,1.3228484
1758.06,1.3217456
1760.99,1.3206456
1763.92,1.3195484
1766.85,1.3184538
1769.78,1.317362
1772.71,1.3162729
1775.64,1.3151864
1778.57,1.3141026
1781.5,1.3130217
1784.43,1.3119433
1787.36,1.3108675
1790.29,1.3097944
1793.22,1.308724
1796.15,1.3076562
1799.08,1.3065909
1802.01,1.3055283
1804.94,1.3044683
1807.87,1.3034109
1810.8,1.302356
1813.73,1.3013036
1816.66,1.3002539
1819.59,1.2992066
1822.52,1.298162
1825.45,1.2971197
1828.38,1.2960801
1831.31,1.2950429
1834.24,1.2940083
1837.17,1.2929759
1840.1,1.2919462
1843.03,1.2909189
1845.96,1.2898941
1848.89,1.2888716
1851.82,1.2878517
1854.75,1.2868341
1857.68,1.2858189
1860.61,1.2848063
1863.54,1.2837958
1866.47,1.2827878
1869.4,1.2817823
1872.33,1.280779
1875.26,1.2797781
1878.19,1.2787795
1881.12,1.2777833
1884.05,1.2767894
1886.98,1.2757978
1889.91,1.2748085
1892.84,1.2738215
1895.77,1.2728368
1898.7,1.2718544
1901.63,1.2708743
1904.56,1.2698964
1907.49,1.2689208
1910.42,1.2679474
1913.35,1.2669762
1916.28,1.2660073
1919.21,1.2650406
1922.14,1.2640761
1925.07,1.2631139
1928,1.2621537
1930.93,1.2611958
1933.86,1.2602401
1936.79,1.2592865
1939.72,1.2583351
1942.65,1.2573858
1945.58,1.2564387
1948.51,1.2554938
1951.44,1.2545509
1954.37,1.2536103
1957.3,1.2526716
1960.23,1.2517351
1963.16,1.2508007
1966.09,1.2498684
1969.02,1.2489381
1971.95,1.2480099
1974.88,1.2470839
1977.81,1.2461598
1980.74,1.2452378
1983.67,1.2443179
1986.6,1.2434
1989.53,1.2424841
1992.46,1.2415702
1995.39,1.2406583
1998.32,1.2397485
2001.25,1.2388406
2004.18,1.2379347
2007.11,1.2370309
2010.04,1.2361289
2012.97,1.235229
2015.9,1.2343311
2018.83,1.233435
2021.76,1.232541
2024.69,1.2316488
2027.62,1.2307587
2030.55,1.2298703
2033.48,1.228984
2036.41,1.2280996
2039.34,1.2272171
2042.27,1.2263365
2045.2,1.2254577
2048.13,1.2245809
2051.06,1.2237059
2053.99,1.2228328
2056.92,1.2219615
2059.85,1.2210921
2062.78,1.2202246
2065.71,1.2193589
2068.64,1.2184951
2071.57,1.2176331
2074.5,1.2167729
2077.43,1.2159145
2080.36,1.215058
2083.29,1.2142032
2086.22,1.2133503
2089.15,1.2124991
2092.08,1.2116498
2095.01,1.2108022
2097.94,1.2099564
2100.87,1.2091124
2103.8,1.2082701
2106.73,1.2074296
2109.66,1.2065909
2112.59,1.2057538
2115.52,1.2049186
2118.45,1.2040851
2121.38,1.2032533
2124.31,1.2024231
2127.24,1.2015948
2130.17,1.2007681
2133.1,1.1999432
2136.03,1.1991199
2138.96,1.1982983
2141.89,1.1974784
2144.82,1.1966603
2147.75,1.1958437
2150.68,1.1950289
2153.61,1.1942157
2156.54,1.1934041
2159.47,1.1925943
2162.4,1.1917861
2165.33,1.1909795
2168.26,1.1901745
2171.19,1.1893711
2174.12,1.1885694
2177.05,1.1877694
2179.98,1.1869709
2182.91,1.186174
2185.84,1.1853788
2188.77,1.1845851
2191.7,1.1837931
2194.63,1.1830026
2197.56,1.1822137
2200.49,1.1814264
2203.42,1.1806407
2206.35,1.1798565
2209.28,1.1790739
2212.21,1.1782928
2215.14,1.1775134
2218.07,1.1767354
2221,1.175959
2223.93,1.175184
2226.86,1.1744107
2229.79,1.1736389
2232.72,1.1728686
2235.65,1.1720998
2238.58,1.1713326
2241.51,1.1705668
2244.44,1.1698025
2247.37,1.1690397
2250.3,1.1682785
2253.23,1.1675187
2256.16,1.1667603
2259.09,1.1660036
2262.02,1.1652482
2264.95,1.1644944
2267.88,1.1637419
2270.81,1.1629909
2273.74,1.1622415
2276.67,1.1614934
2279.6,1.1607468
2282.53,1.1600016
2285.46,1.1592579
2288.39,1.1585156
2291.32,1.1577747
2294.25,1.1570352
2297.18,1.1562972
2300.11,1.1555606
2303.04,1.1548254
2305.97,1.1540916
2308.9,1.1533592
2311.83,1.1526282
2314.76,1.1518986
2317.69,1.1511704
2320.62,1.1504434
2323.55,1.149718
2326.48,1.148994
2329.41,1.1482712
2332.34,1.1475499
2335.27,1.1468298
2338.2,1.1461112
2341.13,1.145394
2344.06,1.144678
2346.99,1.1439633
2349.92,1.1432501
2352.85,1.1425382
2355.78,1.1418277
2358.71,1.1411184
2361.64,1.1404104
2364.57,1.1397039
2367.5,1.1389985
2370.43,1.1382946
2373.36,1.137592
2376.29,1.1368905
2379.22,1.1361904
2382.15,1.1354917
2385.08,1.1347942
2388.01,1.1340981
2390.94,1.1334031
2393.87,1.132709
2396.8,1.1320164
2399.73,1.1313249
2402.66,1.1306347
2405.59,1.1299458
2408.52,1.1292582
2411.45,1.1285717
2414.38,1.1278867
2417.31,1.1272027
2420.24,1.12652
2423.17,1.1258386
2426.1,1.1251585
2429.03,1.1244795
2431.96,1.1238018
2434.89,1.1231254
2437.82,1.1224501
2440.75,1.1217761
2443.68,1.1211033
2446.61,1.1204317
2449.54,1.1197612
2452.47,1.1190921
2455.4,1.1184241
2458.33,1.1177572
2461.26,1.1170917
2464.19,1.1164272
2467.12,1.115764
2470.05,1.1151019
2472.98,1.1144412
2475.91,1.1137815
2478.84,1.1131229
2481.77,1.1124655
2484.7,1.1118094
2487.63,1.1111544
2490.56,1.1105006
2493.49,1.1098479
2496.42,1.1091963
2499.35,1.1085459
2502.28,1.1078967
2505.21,1.1072485
2508.14,1.1066016
2511.07,1.1059558
2514,1.1053112
2516.93,1.1046675
2519.86,1.1040251
2522.79,1.1033838
2525.72,1.1027436
2528.65,1.1021045
2531.58,1.1014667
2534.51,1.1008298
2537.44,1.1001941
2540.37,1.0995594
2543.3,1.0989259
2546.23,1.0982935
2549.16,1.0976621
2552.09,1.097032
2555.02,1.0964028
2557.95,1.0957747
2560.88,1.0951477
2563.81,1.0945219
2566.74,1.093897
2569.67,1.0932733
2572.6,1.0926507
2575.53,1.092029
2578.46,1.0914085
2581.39,1.090789
2584.32,1.0901705
2587.25,1.0895532
2590.18,1.0889369
2593.11,1.0883217
2596.04,1.0877074
2598.97,1.0870943
2601.9,1.0864822
2604.83,1.0858711
2607.76,1.085261
2610.69,1.0846521
2613.62,1.084044
2616.55,1.0834371
2619.48,1.0828311
2622.41,1.0822263
2625.34,1.0816224
2628.27,1.0810195
2631.2,1.0804176
2634.13,1.0798168
2637.06,1.079217
2639.99,1.0786182
2642.92,1.0780203
2645.85,1.0774235
2648.78,1.0768276
2651.71,1.0762328
2654.64,1.075639
2657.57,1.0750462
2660.5,1.0744538
2663.43,1.0738624
2666.36,1.0732721
2669.29,1.0726826
2672.22,1.0720942
2675.15,1.0715067
2678.08,1.0709202
2681.01,1.0703347
2683.94,1.0697501
2686.87,1.0691664
2689.8,1.0685838
2692.73,1.0680021
2695.66,1.0674214
2698.59,1.0668416
2701.52,1.0662627
2704.45,1.0656848
2707.38,1.0651079
2710.31,1.0645319
2713.24,1.0639569
2716.17,1.0633826
2719.1,1.0628095
2722.03,1.0622373
2724.96,1.0616659
2727.89,1.0610955
2730.82,1.0605259
2733.75,1.0599574
2736.68,1.0593897
2739.61,1.058823
2742.54,1.0582572
2745.47,1.0576923
2748.4,1.0571283
2751.33,1.0565652
2754.26,1.056003
2757.19,1.0554417
2760.12,1.0548813
2763.05,1.0543219
2765.98,1.0537633
2768.91,1.0532056
2771.84,1.0526488
2774.77,1.0520929
2777.7,1.0515379
2780.63,1.0509838
2783.56,1.0504305
2786.49,1.0498781
2789.42,1.0493267
2792.35,1.048776
2795.28,1.0482262
2798.21,1.0476774
2801.14,1.0471294
2804.07,1.0465822
2807,1.046036
2809.93,1.0454905
2812.86,1.044946
2815.79,1.0444024
2818.72,1.0438595
2821.65,1.0433174
2824.58,1.0427763
2827.51,1.0422361
2830.44,1.0416967
2833.37,1.041158
2836.3,1.0406203
2839.23,1.0400834
2842.16,1.0395473
2845.09,1.0390121
2848.02,1.0384777
2850.95,1.0379441
2853.88,1.0374113
2856.81,1.0368794
2859.74,1.0363483
2862.67,1.0358181
2865.6,1.0352887
2868.53,1.03476
2871.46,1.0342323
2874.39,1.0337052
2877.32,1.033179
2880.25,1.0326537
2883.18,1.0321292
2886.11,1.0316052
2889.04,1.0310817
2891.97,1.0305589
2894.9,1.030037
2897.83,1.029516
2900.76,1.0289956
2903.69,1.0284761
2906.62,1.0279574
2909.55,1.0274395
2912.48,1.0269223
2915.41,1.0264059
2918.34,1.0258904
2921.27,1.0253756
2924.2,1.0248616
2927.13,1.0243483
2930.06,1.0238358
2932.99,1.0233241
2935.92,1.0228133
2938.85,1.0223031
2941.78,1.0217937
2944.71,1.0212852
2947.64,1.0207773
2950.57,1.0202702
2953.5,1.0197639
2956.43,1.0192584
2959.36,1.0187536
2962.29,1.0182496
2965.22,1.0177463
2968.15,1.0172439
2971.08,1.0167421
2974.01,1.0162411
2976.94,1.0157408
2979.87,1.0152413
2982.8,1.0147425
2985.73,1.0142444
2988.66,1.0137471
2991.59,1.0132506
2994.52,1.0127548
2997.45,1.0122597
3000.38,1.0117654
3003.31,1.0112717
3006.24,1.0107788
3009.17,1.0102867
3012.1,1.0097953
3015.03,1.0093045
3017.96,1.0088146
3020.89,1.0083253
3023.82,1.0078367
3026.75,1.0073489
3029.68,1.0068618
3032.61,1.0063754
3035.54,1.0058898
3038.47,1.0054048
3041.4,1.0049205
3044.33,1.004437
3047.26,1.0039542
3050.19,1.003472
3053.12,1.0029906
3056.05,1.0025098
3058.98,1.0020298
3061.91,1.0015504
3064.84,1.0010718
3067.77,1.0005939
3070.7,1.0001167
3073.63,0.99964011
3076.56,0.99916428
3079.49,0.99868906
3082.42,0.9982146
3085.35,0.99774081
3088.28,0.99726766
3091.21,0.99679524
3094.14,0.99632347
3097.07,0.99585205
3100,0.99538082
