170,4.2304664
172.93,4.1944914
175.86,4.1594181
178.79,4.1252098
181.72,4.0918322
184.65,4.0592523
187.58,4.0274391
190.51,3.9963617
193.44,3.9659922
196.37,3.9363053
199.3,3.9072754
202.23,3.8788791
205.16,3.8510919
208.09,3.8238933
211.02,3.7972631
213.95,3.7711818
216.88,3.7456307
219.81,3.7205923
222.74,3.6960492
225.67,3.6719859
228.6,3.6483865
231.53,3.6252353
234.46,3.6025195
237.39,3.5802255
240.32,3.5583405
243.25,3.5368526
246.18,3.5157497
249.11,3.495019
252.04,3.4746504
254.97,3.4546344
257.9,3.4349606
260.83,3.4156196
263.76,3.3966017
266.69,3.3778968
269.62,3.3594975
272.55,3.3413959
275.48,3.3235841
278.41,3.3060539
281.34,3.2887983
284.27,3.2718103
287.2,3.2550826
290.13,3.2386091
293.06,3.2223833
295.99,3.2063987
298.92,3.1906497
301.85,3.1751308
304.78,3.1598361
307.71,3.1447604
310.64,3.1298988
313.57,3.1152456
316.5,3.1007953
319.43,3.0865445
322.36,3.0724885
325.29,3.0586228
328.22,3.0449436
331.15,3.0314467
334.08,3.0181277
337.01,3.0049827
339.94,2.9920065
342.87,2.9791975
345.8,2.966552
348.73,2.9540663
351.66,2.9417374
354.59,2.9295616
357.52,2.9175358
360.45,2.9056556
363.38,2.8939197
366.31,2.8823247
369.24,2.8708682
372.17,2.8595476
375.1,2.8483596
378.03,2.837302
380.96,2.8263724
383.89,2.815568
386.82,2.8048866
389.75,2.7943258
392.68,2.7838836
395.61,2.7735574
398.54,2.7633452
401.47,2.7532451
404.4,2.7432549
407.33,2.7333727
410.26,2.7235963
413.19,2.7139242
416.12,2.7043545
419.05,2.6948853
421.98,2.6855147
424.91,2.6762412
427.84,2.6670632
430.77,2.6579792
433.7,2.6489873
436.63,2.6400859
439.56,2.631274
442.49,2.6225498
445.42,2.6139116
448.35,2.6053586
451.28,2.596889
454.21,2.5885007
457.14,2.580193
460.07,2.5719647
463,2.5638146
465.93,2.5557418
468.86,2.547745
471.79,2.5398228
474.72,2.5319741
477.65,2.5241981
480.58,2.5164933
483.51,2.5088589
486.44,2.5012925
489.37,2.4937937
492.3,2.4863622
495.23,2.4789972
498.16,2.4716971
501.09,2.4644616
504.02,2.4572892
506.95,2.4501796
509.88,2.4431312
512.81,2.4361434
515.74,2.4292138
518.67,2.4223433
521.6,2.4155307
524.53,2.4087756
527.46,2.4020767
530.39,2.3954337
533.32,2.3888452
536.25,2.3823111
539.18,2.3758304
542.11,2.3694024
545.04,2.3630261
547.97,2.3567014
550.9,2.3504269
553.83,2.3442023
556.76,2.338027
559.69,2.3319004
562.62,2.3258214
565.55,2.3197899
568.48,2.3138051
571.41,2.3078663
574.34,2.3019726
577.27,2.2961237
580.2,2.2903194
583.13,2.284559
586.06,2.2788417
588.99,2.2731671
591.92,2.2675347
594.85,2.2619441
597.78,2.2563946
600.71,2.2508857
603.64,2.2454171
606.57,2.2399881
609.5,2.2345984
612.43,2.2292473
615.36,2.2239347
618.29,2.2186596
621.22,2.2134221
624.15,2.2082214
627.08,2.2030573
630.01,2.1979289
632.94,2.192836
635.87,2.1877785
638.8,2.1827559
641.73,2.1777675
644.66,2.1728132
647.59,2.1678927
650.52,2.1630054
653.45,2.1581509
656.38,2.1533291
659.31,2.1485395
662.24,2.1437817
665.17,2.1390553
668.1,2.1343601
671.03,2.1296957
673.96,2.125062
676.89,2.1204581
679.82,2.1158843
682.75,2.1113398
685.68,2.1068246
688.61,2.1023383
691.54,2.0978806
694.47,2.093451
697.4,2.0890496
700.33,2.0846758
703.26,2.0803297
706.19,2.0760105
709.12,2.0717175
712.05,2.0674505
714.98,2.06321
717.91,2.0589955
720.84,2.0548067
723.77,2.0506437
726.7,2.0465057
729.63,2.0423927
732.56,2.0383046
735.49,2.0342407
738.42,2.0302014
741.35,2.0261862
744.28,2.0221946
747.21,2.0182266
750.14,2.0142822
753.07,2.0103607
756,2.0064623
758.93,2.0025856
761.86,1.9987308
764.79,1.9948982
767.72,1.9910878
770.65,1.9872992
773.58,1.9835323
776.51,1.9797869
779.44,1.9760627
782.37,1.9723595
785.3,1.9686772
788.23,1.9650156
791.16,1.9613744
794.09,1.9577534
797.02,1.9541526
799.95,1.9505709
802.88,1.9470083
805.81,1.9434651
808.74,1.9399413
811.67,1.9364368
814.6,1.9329511
817.53,1.9294844
820.46,1.9260361
823.39,1.9226065
826.32,1.9191952
829.25,1.915802
832.18,1.9124267
835.11,1.9090694
838.04,1.9057297
840.97,1.9024074
843.9,1.8991026
846.83,1.8958149
849.76,1.8925443
852.69,1.8892906
855.62,1.8860536
858.55,1.8828332
861.48,1.8796291
864.41,1.8764408
867.34,1.8732686
870.27,1.8701124
873.2,1.8669722
876.13,1.8638479
879.06,1.8607391
881.99,1.8576459
884.92,1.8545681
887.85,1.8515055
890.78,1.8484582
893.71,1.8454257
896.64,1.8424083
899.57,1.8394055
902.5,1.8364174
905.43,1.8334439
908.36,1.8304847
911.29,1.8275399
914.22,1.8246093
917.15,1.8216926
920.08,1.81879
923.01,1.8159012
925.94,1.8130261
928.87,1.8101646
931.8,1.8073165
934.73,1.804482
937.66,1.8016607
940.59,1.7988527
943.52,1.7960576
946.45,1.7932756
949.38,1.7905065
952.31,1.7877501
955.24,1.7850065
958.17,1.7822756
961.1,1.779557
964.03,1.7768508
966.96,1.7741569
969.89,1.7714753
972.82,1.7688059
975.75,1.7661483
978.68,1.7635028
981.61,1.7608691
984.54,1.7582473
987.47,1.755637
990.4,1.7530383
993.33,1.7504512
996.26,1.7478755
999.19,1.745311
1002.12,1.7427579
1005.05,1.7402159
1007.98,1.7376851
1010.91,1.7351651
1013.84,1.7326561
1016.77,1.730158
1019.7,1.7276707
1022.63,1.725194
1025.56,1.722728
1028.49,1.7202725
1031.42,1.7178276
1034.35,1.7153929
1037.28,1.7129687
1040.21,1.7105546
1043.14,1.7081507
1046.07,1.705757
1049,1.7033733
1051.93,1.7009995
1054.86,1.6986357
1057.79,1.6962817
1060.72,1.6939374
1063.65,1.6916028
1066.58,1.6892779
1069.51,1.6869625
1072.44,1.6846566
1075.37,1.6823602
1078.3,1.6800731
1081.23,1.6777954
1084.16,1.6755269
1087.09,1.6732676
1090.02,1.6710173
1092.95,1.6687762
1095.88,1.6665441
1098.81,1.6643208
1101.74,1.6621065
1104.67,1.659901
1107.6,1.6577044
1110.53,1.6555163
1113.46,1.653337
1116.39,1.6511662
1119.32,1.649004
1122.25,1.6468502
1125.18,1.6447049
1128.11,1.642568
1131.04,1.6404394
1133.97,1.638319
1136.9,1.636207
1139.83,1.6341031
1142.76,1.6320071
1145.69,1.6299194
1148.62,1.6278397
1151.55,1.6257674
1154.48,1.6237029
1157.41,1.6216462
1160.34,1.6195973
1163.27,1.6175562
1166.2,1.6155229
1169.13,1.6134971
1172.06,1.611479
1174.99,1.6094683
1177.92,1.6074654
1180.85,1.6054698
1183.78,1.6034818
1186.71,1.601501
1189.64,1.5995276
1192.57,1.5975614
1195.5,1.5956025
1198.43,1.5936509
1201.36,1.5917064
1204.29,1.589769
1207.22,1.5878388
1210.15,1.5859154
1213.08,1.5839992
1216.01,1.5820899
1218.94,1.5801874
1221.87,1.5782919
1224.8,1.5764031
1227.73,1.5745213
1230.66,1.5726461
1233.59,1.5707777
1236.52,1.5689158
1239.45,1.5670607
1242.38,1.5652121
1245.31,1.5633701
1248.24,1.5615346
1251.17,1.5597056
1254.1,1.557883
1257.03,1.5560669
1259.96,1.5542566
1262.89,1.5524522
1265.82,1.5506542
1268.75,1.5488623
1271.68,1.5470768
1274.61,1.5452974
1277.54,1.5435241
1280.47,1.541757
1283.4,1.539996
1286.33,1.538241
1289.26,1.536492
1292.19,1.534749
1295.12,1.5330119
1298.05,1.5312808
1300.98,1.5295556
1303.91,1.5278361
1306.84,1.5261226
1309.77,1.5244147
1312.7,1.5227127
1315.63,1.5210164
1318.56,1.5193257
1321.49,1.5176407
1324.42,1.5159614
1327.35,1.5142876
1330.28,1.5126195
1333.21,1.5109569
1336.14,1.5092998
1339.07,1.507648
1342,1.5060018
1344.93,1.504361
1347.86,1.5027254
1350.79,1.5010941
1353.72,1.4994682
1356.65,1.4978477
1359.58,1.4962325
1362.51,1.4946226
1365.44,1.4930179
1368.37,1.4914185
1371.3,1.4898242
1374.23,1.488235
1377.16,1.4866511
1380.09,1.4850721
1383.02,1.4834983
1385.95,1.4819297
1388.88,1.4803659
1391.81,1.4788072
1394.74,1.4772534
1397.67,1.4757046
1400.6,1.4741607
1403.53,1.4726217
1406.46,1.4710875
1409.39,1.4695581
1412.32,1.4680336
1415.25,1.4665133
1418.18,1.4649972
1421.11,1.4634857
1424.04,1.461979
1426.97,1.4604769
1429.9,1.4589796
1432.83,1.4574869
1435.76,1.4559988
1438.69,1.4545152
1441.62,1.4530362
1444.55,1.4515618
1447.48,1.450092
1450.41,1.4486265
1453.34,1.4471656
1456.27,1.4457091
1459.2,1.444257
1462.13,1.4428093
1465.06,1.4413661
1467.99,1.4399271
1470.92,1.4384925
1473.85,1.4370621
1476.78,1.4356362
1479.71,1.4342145
1482.64,1.432797
1485.57,1.4313837
1488.5,1.4299746
1491.43,1.4285697
1494.36,1.427169
1497.29,1.4257724
1500.22,1.4243799
1503.15,1.4229909
1506.08,1.4216058
1509.01,1.4202247
1511.94,1.4188476
1514.87,1.4174745
1517.8,1.4161054
1520.73,1.4147403
1523.66,1.4133792
1526.59,1.4120221
1529.52,1.4106688
1532.45,1.4093195
1535.38,1.407974
1538.31,1.4066324
1541.24,1.4052947
1544.17,1.4039608
1547.1,1.4026307
1550.03,1.4013044
1552.96,1.3999819
1555.89,1.398663
1558.82,1.397348
1561.75,1.3960366
1564.68,1.394729
1567.61,1.3934251
1570.54,1.3921248
1573.47,1.3908281
1576.4,1.3895352
1579.33,1.3882458
1582.26,1.38696
1585.19,1.3856778
1588.12,1.3843992
1591.05,1.383124
1593.98,1.3818525
1596.91,1.3805844
1599.84,1.3793198
1602.77,1.3780588
1605.7,1.3768011
1608.63,1.3755469
1611.56,1.3742962
1614.49,1.3730489
1617.42,1.371805
1620.35,1.3705643
1623.28,1.3693272
1626.21,1.3680934
1629.14,1.3668629
1632.07,1.3656358
1635,1.3644116
1637.93,1.3631905
1640.86,1.3619727
1643.79,1.3607582
1646.72,1.3595469
1649.65,1.3583388
1652.58,1.357134
1655.51,1.3559324
1658.44,1.3547338
1661.37,1.3535386
1664.3,1.3523465
1667.23,1.3511575
1670.16,1.3499718
1673.09,1.3487891
1676.02,1.3476095
1678.95,1.346433
1681.88,1.3452597
1684.81,1.3440894
1687.74,1.3429221
1690.67,1.3417579
1693.6,1.3405967
1696.53,1.3394386
1699.46,1.3382834
1702.39,1.3371311
1705.32,1.335982
1708.25,1.3348358
1711.18,1.3336924
1714.11,1.3325521
1717.04,1.3314147
1719.97,1.3302801
1722.9,1.3291485
1725.83,1.3280197
1728.76,1.3268939
1731.69,1.3257709
1734.62,1.3246508
1737.55,1.3235334
1740.48,1.3224189
1743.41,1.3213073
1746.34,1.3201984
1749.27,1.3190924
1752.2,1.3179891
1755.13,1.3168885
1758.06,1.3157908
1760.99,1.3146957
1763.92,1.3136034
1766.85,1.3125138
1769.78,1.3114269
1772.71,1.3103427
1775.64,1.3092612
1778.57,1.3081824
1781.5,1.3071063
1784.43,1.3060328
1787.36,1.3049619
1790.29,1.3038937
1793.22,1.3028281
1796.15,1.3017651
1799.08,1.3007046
1802.01,1.2996469
1804.94,1.2985916
1807.87,1.297539
1810.8,1.2964888
1813.73,1.2954413
1816.66,1.2943962
1819.59,1.2933537
1822.52,1.2923137
1825.45,1.2912762
1828.38,1.2902412
1831.31,1.2892088
1834.24,1.2881787
1837.17,1.2871512
1840.1,1.286126
1843.03,1.2851033
1845.96,1.2840831
1848.89,1.2830653
1851.82,1.2820499
1854.75,1.281037
1857.68,1.2800263
1860.61,1.2790182
1863.54,1.2780124
1866.47,1.2770089
1869.4,1.2760078
1872.33,1.275009
1875.26,1.2740127
1878.19,1.2730186
1881.12,1.2720269
1884.05,1.2710375
1886.98,1.2700503
1889.91,1.2690655
1892.84,1.268083
1895.77,1.2671026
1898.7,1.2661246
1901.63,1.2651489
1904.56,1.2641754
1907.49,1.2632042
1910.42,1.2622352
1913.35,1.2612684
1916.28,1.2603039
1919.21,1.2593415
1922.14,1.2583814
1925.07,1.2574233
1928,1.2564676
1930.93,1.2555139
1933.86,1.2545625
1936.79,1.2536132
1939.72,1.2526661
1942.65,1.251721
1945.58,1.2507782
1948.51,1.2498375
1951.44,1.2488989
1954.37,1.2479624
1957.3,1.247028
1960.23,1.2460957
1963.16,1.2451655
1966.09,1.2442373
1969.02,1.2433113
1971.95,1.2423873
1974.88,1.2414653
1977.81,1.2405454
1980.74,1.2396276
1983.67,1.2387117
1986.6,1.237798
1989.53,1.2368861
1992.46,1.2359765
1995.39,1.2350687
1998.32,1.2341629
2001.25,1.2332591
2004.18,1.2323574
2007.11,1.2314575
2010.04,1.2305597
2012.97,1.2296637
2015.9,1.2287698
2018.83,1.2278779
2021.76,1.2269878
2024.69,1.2260996
2027.62,1.2252135
2030.55,1.2243292
2033.48,1.2234468
2036.41,1.2225664
2039.34,1.2216878
2042.27,1.2208111
2045.2,1.2199363
2048.13,1.2190634
2051.06,1.2181923
2053.99,1.2173232
2056.92,1.2164558
2059.85,1.2155904
2062.78,1.2147268
2065.71,1.213865
2068.64,1.2130051
2071.57,1.2121469
2074.5,1.2112906
2077.43,1.2104361
2080.36,1.2095834
2083.29,1.2087325
2086.22,1.2078835
2089.15,1.2070361
2092.08,1.2061906
2095.01,1.2053468
2097.94,1.2045048
2100.87,1.2036647
2103.8,1.2028261
2106.73,1.2019894
2109.66,1.2011545
2112.59,1.2003212
2115.52,1.1994897
2118.45,1.1986599
2121.38,1.1978319
2124.31,1.1970055
2127.24,1.1961809
2130.17,1.1953579
2133.1,1.1945367
2136.03,1.1937171
2138.96,1.1928993
2141.89,1.1920831
2144.82,1.1912687
2147.75,1.1904558
2150.68,1.1896447
2153.61,1.1888351
2156.54,1.1880273
2159.47,1.1872211
2162.4,1.1864165
2165.33,1.1856135
2168.26,1.1848122
2171.19,1.1840125
2174.12,1.1832145
2177.05,1.182418
2179.98,1.1816232
2182.91,1.1808299
2185.84,1.1800383
2188.77,1.1792482
2191.7,1.1784598
2194.63,1.1776729
2197.56,1.1768875
2200.49,1.1761038
2203.42,1.1753217
2206.35,1.174541
2209.28,1.173762
2212.21,1.1729845
2215.14,1.1722085
2218.07,1.171434
2221,1.1706612
2223.93,1.1698898
2226.86,1.1691201
2229.79,1.1683518
2232.72,1.1675849
2235.65,1.1668197
2238.58,1.1660559
2241.51,1.1652936
2244.44,1.1645328
2247.37,1.1637735
2250.3,1.1630157
2253.23,1.1622595
2256.16,1.1615046
2259.09,1.1607512
2262.02,1.1599994
2264.95,1.1592488
2267.88,1.1585
2270.81,1.1577524
2273.74,1.1570063
2276.67,1.1562617
2279.6,1.1555184
2282.53,1.1547767
2285.46,1.1540364
2288.39,1.1532974
2291.32,1.15256
2294.25,1.1518239
2297.18,1.1510892
2300.11,1.1503561
2303.04,1.1496242
2305.97,1.1488937
2308.9,1.1481647
2311.83,1.1474371
2314.76,1.1467108
2317.69,1.1459858
2320.62,1.1452624
2323.55,1.1445403
2326.48,1.1438195
2329.41,1.1431001
2332.34,1.142382
2335.27,1.1416653
2338.2,1.1409501
2341.13,1.140236
2344.06,1.139523
2346.99,1.1388113
2349.92,1.138101
2352.85,1.1373919
2355.78,1.1366843
2358.71,1.1359779
2361.64,1.1352729
2364.57,1.1345692
2367.5,1.1338667
2370.43,1.1331656
2373.36,1.1324657
2376.29,1.1317673
2379.22,1.13107
2382.15,1.1303741
2385.08,1.1296794
2388.01,1.128986
2390.94,1.128294
2393.87,1.1276032
2396.8,1.1269135
2399.73,1.1262254
2402.66,1.1255382
2405.59,1.1248525
2408.52,1.124168
2411.45,1.1234847
2414.38,1.1228027
2417.31,1.122122
2420.24,1.1214424
2423.17,1.1207641
2426.1,1.1200871
2429.03,1.1194113
2431.96,1.1187367
2434.89,1.1180634
2437.82,1.1173912
2440.75,1.1167203
2443.68,1.1160506
2446.61,1.1153821
2449.54,1.1147147
2452.47,1.1140486
2455.4,1.1133838
2458.33,1.11272
2461.26,1.1120574
2464.19,1.1113961
2467.12,1.1107359
2470.05,1.1100769
2472.98,1.1094191
2475.91,1.1087625
2478.84,1.1081071
2481.77,1.1074528
2484.7,1.1067996
2487.63,1.1061476
2490.56,1.1054969
2493.49,1.1048472
2496.42,1.1041986
2499.35,1.1035513
2502.28,1.102905
2505.21,1.10226
2508.14,1.101616
2511.07,1.1009731
2514,1.1003314
2516.93,1.0996909
2519.86,1.0990515
2522.79,1.0984131
2525.72,1.0977759
2528.65,1.0971398
2531.58,1.0965049
2534.51,1.0958711
2537.44,1.0952382
2540.37,1.0946066
2543.3,1.093976
2546.23,1.0933466
2549.16,1.0927181
2552.09,1.0920908
2555.02,1.0914646
2557.95,1.0908395
2560.88,1.0902156
2563.81,1.0895926
2566.74,1.0889707
2569.67,1.0883498
2572.6,1.0877302
2575.53,1.0871114
2578.46,1.0864937
2581.39,1.0858772
2584.32,1.0852617
2587.25,1.0846473
2590.18,1.0840338
2593.11,1.0834215
2596.04,1.0828102
2598.97,1.0821999
2601.9,1.0815907
2604.83,1.0809821
2607.76,1.0803745
2610.69,1.0797678
2613.62,1.0791621
2616.55,1.0785575
2619.48,1.0779539
2622.41,1.0773515
2625.34,1.0767498
2628.27,1.0761493
2631.2,1.0755498
2634.13,1.0749513
2637.06,1.0743537
2639.99,1.0737572
2642.92,1.0731617
2645.85,1.0725671
2648.78,1.0719737
2651.71,1.0713811
2654.64,1.0707896
2657.57,1.0701989
2660.5,1.0696093
2663.43,1.0690207
2666.36,1.068433
2669.29,1.0678464
2672.22,1.0672607
2675.15,1.066676
2678.08,1.0660924
2681.01,1.0655094
2683.94,1.0649277
2686.87,1.0643468
2689.8,1.0637668
2692.73,1.063188
2695.66,1.0626099
2698.59,1.0620328
2701.52,1.0614568
2704.45,1.0608816
2707.38,1.0603074
2710.31,1.0597341
2713.24,1.0591617
2716.17,1.0585903
2719.1,1.0580198
2722.03,1.0574503
2724.96,1.0568817
2727.89,1.0563139
2730.82,1.0557472
2733.75,1.0551813
2736.68,1.0546163
2739.61,1.0540522
2742.54,1.0534891
2745.47,1.0529269
2748.4,1.0523655
2751.33,1.0518051
2754.26,1.0512457
2757.19,1.0506871
2760.12,1.0501294
2763.05,1.0495726
2765.98,1.0490167
2768.91,1.0484617
2771.84,1.0479075
2774.77,1.0473542
2777.7,1.0468019
2780.63,1.0462505
2783.56,1.0456998
2786.49,1.04515
2789.42,1.0446012
2792.35,1.0440533
2795.28,1.0435061
2798.21,1.0429599
2801.14,1.0424145
2804.07,1.04187
2807,1.0413263
2809.93,1.0407835
2812.86,1.0402416
2815.79,1.0397006
2818.72,1.0391604
2821.65,1.0386209
2824.58,1.0380824
2827.51,1.0375443
2830.44,1.0370067
2833.37,1.0364702
2836.3,1.0359344
2839.23,1.0353996
2842.16,1.0348655
2845.09,1.0343323
2848.02,1.0337998
2850.95,1.0332682
2853.88,1.0327374
2856.81,1.0322075
2859.74,1.0316784
2862.67,1.0311501
2865.6,1.0306226
2868.53,1.0300959
2871.46,1.0295701
2874.39,1.0290451
2877.32,1.0285208
2880.25,1.0279975
2883.18,1.0274749
2886.11,1.026953
2889.04,1.026432
2891.97,1.0259118
2894.9,1.0253924
2897.83,1.0248739
2900.76,1.024356
2903.69,1.023839
2906.62,1.0233228
2909.55,1.0228074
2912.48,1.0222927
2915.41,1.0217788
2918.34,1.0212657
2921.27,1.0207534
2924.2,1.0202419
2927.13,1.0197312
2930.06,1.0192211
2932.99,1.0187119
2935.92,1.0182035
2938.85,1.0176959
2941.78,1.0171889
2944.71,1.0166829
2947.64,1.0161774
2950.57,1.0156728
2953.5,1.015169
2956.43,1.014666
2959.36,1.0141636
2962.29,1.013662
2965.22,1.0131612
2968.15,1.0126611
2971.08,1.0121619
2974.01,1.0116632
2976.94,1.0111654
2979.87,1.0106683
2982.8,1.010172
2985.73,1.0096765
2988.66,1.0091815
2991.59,1.0086874
2994.52,1.0081941
2997.45,1.0077014
3000.38,1.0072094
3003.31,1.0067183
3006.24,1.0062277
3009.17,1.005738
3012.1,1.005249
3015.03,1.0047607
3017.96,1.0042732
3020.89,1.0037863
3023.82,1.0033002
3026.75,1.0028148
3029.68,1.0023301
3032.61,1.0018457
3035.54,1.0013616
3038.47,1.0008781
3041.4,1.0003955
3044.33,0.99991357
3047.26,0.99943233
3050.19,0.99895179
3053.12,0.99847203
3056.05,0.99799293
3058.98,0.99751455
3061.91,0.99703693
3064.84,0.99655998
3067.77,0.99608374
3070.7,0.99560821
3073.63,0.9951334
3076.56,0.99465925
3079.49,0.99418586
3082.42,0.99371314
3085.35,0.99324113
3088.28,0.99276978
3091.21,0.99229914
3094.14,0.99182916
3097.07,0.99135995
3100,0.99089134
