170,4.1585908
170.586,4.1514449
171.172,4.1443357
171.758,4.1372633
172.344,4.1302266
172.93,4.1232257
173.516,4.1162605
174.102,4.1093307
174.688,4.1024351
175.274,4.0955739
175.86,4.088747
176.446,4.0819545
177.032,4.0751953
177.618,4.06847
178.204,4.0617781
178.79,4.0551186
179.376,4.048492
179.962,4.0418978
180.548,4.035336
181.134,4.0288057
181.72,4.0223074
182.306,4.0158401
182.892,4.0094042
183.478,4.0029988
184.064,3.9966245
184.65,3.9902804
185.236,3.9839661
185.822,3.9776819
186.408,3.9714274
186.994,3.9652021
187.58,3.9590058
188.166,3.9528387
188.752,3.9467003
189.338,3.9405901
189.924,3.9345083
190.51,3.9284549
191.096,3.9224291
191.682,3.916431
192.268,3.9104602
192.854,3.9045167
193.44,3.8986003
194.026,3.8927107
194.612,3.886848
195.198,3.8810112
195.784,3.875201
196.37,3.8694167
196.956,3.8636582
197.542,3.8579252
198.128,3.8522179
198.714,3.8465357
199.3,3.8408785
199.886,3.8352466
200.472,3.829639
201.058,3.8240559
201.644,3.8184974
202.23,3.812963
202.816,3.8074524
203.402,3.801966
203.988,3.7965031
204.574,3.7910635
205.16,3.7856474
205.746,3.7802544
206.332,3.7748845
206.918,3.7695372
207.504,3.7642128
208.09,3.7589107
208.676,3.7536311
209.262,3.7483737
209.848,3.7431383
210.434,3.7379248
211.02,3.732733
211.606,3.7275624
212.192,3.7224133
212.778,3.7172856
213.364,3.7121789
213.95,3.7070932
214.536,3.7020285
215.122,3.6969845
215.708,3.6919608
216.294,3.6869578
216.88,3.6819749
217.466,3.6770124
218.052,3.6720698
218.638,3.6671469
219.224,3.6622441
219.81,3.6573606
220.396,3.6524968
220.982,3.6476524
221.568,3.642827
222.154,3.638021
222.74,3.6332338
223.326,3.6284657
223.912,3.6237161
224.498,3.6189852
225.084,3.6142728
225.67,3.6095788
226.256,3.6049032
226.842,3.6002457
227.428,3.5956061
228.014,3.5909841
228.6,3.5863798
229.186,3.5817931
229.772,3.577224
230.358,3.5726724
230.944,3.5681379
231.53,3.563621
232.116,3.5591211
232.702,3.5546381
233.288,3.5501723
233.874,3.5457232
234.46,3.5412908
235.046,3.5368748
235.632,3.5324755
236.218,3.5280926
236.804,3.523726
237.39,3.5193756
237.976,3.5150411
238.562,3.5107229
239.148,3.5064204
239.734,3.5021336
240.32,3.4978626
240.906,3.4936073
241.492,3.4893672
242.078,3.4851427
242.664,3.4809337
243.25,3.4767394
243.836,3.4725602
244.422,3.4683962
245.008,3.4642467
245.594,3.4601126
246.18,3.4559932
246.766,3.4518881
247.352,3.447798
247.938,3.4437222
248.524,3.4396608
249.11,3.4356139
249.696,3.4315813
250.282,3.4275627
250.868,3.4235582
251.454,3.4195678
252.04,3.4155912
252.626,3.4116287
253.212,3.4076798
253.798,3.4037445
254.384,3.399823
254.97,3.3959148
255.556,3.3920202
256.142,3.388139
256.728,3.3842709
257.314,3.3804162
257.9,3.3765748
258.486,3.372746
259.072,3.3689306
259.658,3.365128
260.244,3.3613381
260.83,3.3575611
261.416,3.3537967
262.002,3.3500452
262.588,3.3463061
263.174,3.3425794
263.76,3.3388653
264.346,3.3351634
264.932,3.3314738
265.518,3.3277965
266.104,3.3241313
266.69,3.3204782
267.276,3.3168373
267.862,3.3132081
268.448,3.3095908
269.034,3.3059855
269.62,3.3023918
270.206,3.2988098
270.792,3.2952397
271.378,3.2916808
271.964,3.2881336
272.55,3.2845976
273.136,3.2810733
273.722,3.2775602
274.308,3.2740583
274.894,3.2705677
275.48,3.2670882
276.066,3.2636199
276.652,3.2601626
277.238,3.256716
277.824,3.2532804
278.41,3.2498558
278.996,3.2464421
279.582,3.2430389
280.168,3.2396464
280.754,3.2362647
281.34,3.2328935
281.926,3.2295327
282.512,3.2261827
283.098,3.2228427
283.684,3.2195134
284.27,3.2161942
284.856,3.2128851
285.442,3.2095864
286.028,3.2062979
286.614,3.2030194
287.2,3.1997509
287.786,3.1964924
288.372,3.193244
288.958,3.1900053
289.544,3.1867762
290.13,3.1835568
290.716,3.1803474
291.302,3.1771476
291.888,3.1739573
292.474,3.1707768
293.06,3.1676056
293.646,3.1644442
294.232,3.1612921
294.818,3.1581492
295.404,3.1550159
295.99,3.1518919
296.576,3.1487772
297.162,3.1456716
297.748,3.1425753
298.334,3.1394882
298.92,3.13641
299.506,3.1333411
300.092,3.130281
300.678,3.1272297
301.264,3.1241875
301.85,3.1211543
302.436,3.1181297
303.022,3.1151142
303.608,3.112107
304.194,3.1091089
304.78,3.1061194
305.366,3.1031384
305.952,3.1001661
306.538,3.0972023
307.124,3.0942469
307.71,3.0913
308.296,3.0883615
308.882,3.0854316
309.468,3.0825098
310.054,3.0795963
310.64,3.0766907
311.226,3.0737932
311.812,3.070904
312.398,3.0680227
312.984,3.0651498
313.57,3.0622849
314.156,3.059428
314.742,3.0565791
315.328,3.0537381
315.914,3.0509052
316.5,3.0480802
317.086,3.0452628
317.672,3.0424533
318.258,3.0396516
318.844,3.0368578
319.43,3.0340717
320.016,3.0312932
320.602,3.028522
321.188,3.0257587
321.774,3.0230029
322.36,3.0202549
322.946,3.017514
323.532,3.0147808
324.118,3.0120549
324.704,3.0093365
325.29,3.0066254
325.876,3.0039215
326.462,3.001225
327.048,2.9985359
327.634,2.9958539
328.22,2.9931791
328.806,2.9905114
329.392,2.9878509
329.978,2.9851968
330.564,2.9825501
331.15,2.9799106
331.736,2.9772778
332.322,2.9746521
332.908,2.9720333
333.494,2.9694214
334.08,2.9668167
334.666,2.9642184
335.252,2.961627
335.838,2.9590425
336.424,2.9564648
337.01,2.9538939
337.596,2.9513295
338.182,2.948772
338.768,2.9462209
339.354,2.9436765
339.94,2.9411387
340.526,2.9386075
341.112,2.9360826
341.698,2.9335644
342.284,2.9310527
342.87,2.9285474
343.456,2.9260485
344.042,2.9235561
344.628,2.9210699
345.214,2.9185901
345.8,2.9161167
346.386,2.9136493
346.972,2.9111886
347.558,2.9087338
348.144,2.9062853
348.73,2.9038429
349.316,2.9014068
349.902,2.8989766
350.488,2.8965526
351.074,2.8941348
351.66,2.8917229
352.246,2.889317
352.832,2.8869171
353.418,2.8845232
354.004,2.8821354
354.59,2.8797534
355.176,2.877377
355.762,2.8750069
356.348,2.8726425
356.934,2.8702838
357.52,2.8679311
358.106,2.8655841
358.692,2.8632429
359.278,2.8609076
359.864,2.8585775
360.45,2.8562534
361.036,2.853935
361.622,2.8516221
362.208,2.8493149
362.794,2.8470135
363.38,2.8447173
363.966,2.8424265
364.552,2.8401418
365.138,2.8378623
365.724,2.8355882
366.31,2.8333197
366.896,2.8310566
367.482,2.8287988
368.068,2.8265464
368.654,2.8242996
369.24,2.822058
369.826,2.8198216
370.412,2.8175907
370.998,2.8153651
371.584,2.8131447
372.17,2.8109295
372.756,2.8087196
373.342,2.8065147
373.928,2.8043151
374.514,2.8021209
375.1,2.7999315
375.686,2.7977476
376.272,2.7955685
376.858,2.7933943
377.444,2.7912257
378.03,2.7890618
378.616,2.7869029
379.202,2.784749
379.788,2.7826004
380.374,2.7804565
380.96,2.7783177
381.546,2.7761836
382.132,2.7740545
382.718,2.7719302
383.304,2.7698109
383.89,2.7676966
384.476,2.7655869
385.062,2.7634821
385.648,2.7613821
386.234,2.7592869
386.82,2.7571964
387.406,2.7551107
387.992,2.7530298
388.578,2.7509534
389.164,2.7488818
389.75,2.746815
390.336,2.7447526
390.922,2.7426951
391.508,2.7406421
392.094,2.7385936
392.68,2.7365499
393.266,2.7345107
393.852,2.732476
394.438,2.7304459
395.024,2.7284203
395.61,2.7263989
396.196,2.7243824
396.782,2.7223701
397.368,2.7203624
397.954,2.7183592
398.54,2.7163603
399.126,2.714366
399.712,2.7123759
400.298,2.7103901
400.884,2.7084088
401.47,2.7064319
402.056,2.7044592
402.642,2.7024908
403.228,2.7005267
403.814,2.6985669
404.4,2.6966116
404.986,2.6946602
405.572,2.6927133
406.158,2.6907704
406.744,2.6888318
407.33,2.6868975
407.916,2.6849673
408.502,2.6830411
409.088,2.6811192
409.674,2.6792014
410.26,2.6772876
410.846,2.6753778
411.432,2.6734724
412.018,2.671571
412.604,2.6696737
413.19,2.6677804
413.776,2.6658909
414.362,2.6640058
414.948,2.6621244
415.534,2.6602471
416.12,2.6583736
416.706,2.6565042
417.292,2.6546385
417.878,2.6527767
418.464,2.6509187
419.05,2.6490648
419.636,2.6472147
420.222,2.6453686
420.808,2.6435261
421.394,2.6416876
421.98,2.639853
422.566,2.6380222
423.152,2.6361952
423.738,2.6343718
424.324,2.6325524
424.91,2.6307366
425.496,2.6289248
426.082,2.6271164
426.668,2.6253121
427.254,2.6235113
427.84,2.6217144
428.426,2.619921
429.012,2.6181312
429.598,2.6163452
430.184,2.6145627
430.77,2.6127841
431.356,2.6110091
431.942,2.6092377
432.528,2.6074698
433.114,2.6057055
433.7,2.6039448
434.286,2.6021879
434.872,2.6004343
435.458,2.5986843
436.044,2.5969379
436.63,2.5951948
437.216,2.5934556
437.802,2.5917196
438.388,2.589987
438.974,2.5882583
439.56,2.5865328
440.146,2.5848107
440.732,2.5830922
441.318,2.581377
441.904,2.5796652
442.49,2.5779569
443.076,2.576252
443.662,2.5745504
444.248,2.5728524
444.834,2.5711575
445.42,2.5694661
446.006,2.5677781
446.592,2.5660932
447.178,2.5644114
447.764,2.5627329
448.35,2.5610576
448.936,2.5593855
449.522,2.5577171
450.108,2.5560515
450.694,2.5543895
451.28,2.5527306
451.866,2.551075
452.452,2.5494225
453.038,2.5477734
453.624,2.5461273
454.21,2.5444844
454.796,2.5428448
455.382,2.5412085
455.968,2.5395751
456.554,2.537945
457.14,2.5363181
457.726,2.5346942
458.312,2.5330737
458.898,2.531456
459.484,2.5298414
460.07,2.52823
460.656,2.5266218
461.242,2.5250165
461.828,2.5234144
462.414,2.5218153
463,2.5202191
463.586,2.5186262
464.172,2.5170362
464.758,2.515449
465.344,2.5138652
465.93,2.512284
466.516,2.5107062
467.102,2.5091312
467.688,2.5075591
468.274,2.50599
468.86,2.5044239
469.446,2.5028605
470.032,2.5013003
470.618,2.499743
471.204,2.4981885
471.79,2.4966369
472.376,2.4950883
472.962,2.4935422
473.548,2.4919989
474.134,2.4904585
474.72,2.4889212
475.306,2.4873865
475.892,2.4858546
476.478,2.4843256
477.064,2.4827995
477.65,2.481276
478.236,2.4797556
478.822,2.4782379
479.408,2.4767227
479.994,2.4752107
480.58,2.4737012
481.166,2.4721947
481.752,2.4706907
482.338,2.4691896
482.924,2.4676912
483.51,2.4661956
484.096,2.4647026
484.682,2.4632123
485.268,2.4617248
485.854,2.4602399
486.44,2.4587576
487.026,2.4572783
487.612,2.4558015
488.198,2.4543273
488.784,2.4528558
489.37,2.4513872
489.956,2.4499209
490.542,2.4484572
491.128,2.4469965
491.714,2.445538
492.3,2.4440823
492.886,2.4426291
493.472,2.4411786
494.058,2.4397306
494.644,2.4382854
495.23,2.4368424
495.816,2.4354024
496.402,2.4339647
496.988,2.4325294
497.574,2.4310968
498.16,2.4296668
498.746,2.4282393
499.332,2.4268141
499.918,2.4253917
500.504,2.4239717
501.09,2.422554
501.676,2.421139
502.262,2.4197266
502.848,2.4183164
503.434,2.4169087
504.02,2.4155035
504.606,2.4141009
505.192,2.4127007
505.778,2.4113026
506.364,2.4099073
506.95,2.4085143
507.536,2.4071238
508.122,2.4057355
508.708,2.4043498
509.294,2.4029663
509.88,2.4015853
510.466,2.4002066
511.052,2.3988304
511.638,2.3974564
512.224,2.396085
512.81,2.3947158
513.396,2.3933489
513.982,2.3919845
514.568,2.3906224
515.154,2.3892624
515.74,2.3879049
516.326,2.3865497
516.912,2.3851969
517.498,2.3838463
518.084,2.382498
518.67,2.3811519
519.256,2.3798082
519.842,2.3784666
520.428,2.3771274
521.014,2.3757906
521.6,2.3744559
522.186,2.3731234
522.772,2.371793
523.358,2.370465
523.944,2.3691394
524.53,2.367816
525.116,2.3664947
525.702,2.3651755
526.288,2.3638585
526.874,2.3625438
527.46,2.3612311
528.046,2.3599207
528.632,2.3586125
529.218,2.3573065
529.804,2.3560026
530.39,2.3547008
530.976,2.3534014
531.562,2.3521039
532.148,2.3508086
532.734,2.3495154
533.32,2.3482244
533.906,2.3469355
534.492,2.3456488
535.078,2.3443642
535.664,2.3430817
536.25,2.3418012
536.836,2.3405228
537.422,2.3392467
538.008,2.3379726
538.594,2.3367004
539.18,2.3354304
539.766,2.3341625
540.352,2.3328967
540.938,2.3316329
541.524,2.3303711
542.11,2.3291113
542.696,2.3278537
543.282,2.3265982
543.868,2.3253443
544.454,2.3240929
545.04,2.3228433
545.626,2.3215957
546.212,2.3203502
546.798,2.3191068
547.384,2.3178651
547.97,2.3166256
548.556,2.3153882
549.142,2.3141525
549.728,2.3129189
550.314,2.3116872
550.9,2.3104577
551.486,2.3092301
552.072,2.3080041
552.658,2.3067803
553.244,2.3055587
553.83,2.3043387
554.416,2.3031206
555.002,2.3019047
555.588,2.3006907
556.174,2.2994783
556.76,2.2982681
557.346,2.2970598
557.932,2.2958534
558.518,2.2946486
559.104,2.2934461
559.69,2.2922454
560.276,2.2910464
560.862,2.2898493
561.448,2.2886541
562.034,2.287461
562.62,2.2862694
563.206,2.28508
563.792,2.2838924
564.378,2.2827065
564.964,2.2815225
565.55,2.2803404
566.136,2.27916
566.722,2.2779815
567.308,2.2768049
567.894,2.2756302
568.48,2.274457
569.066,2.2732859
569.652,2.2721164
570.238,2.2709489
570.824,2.269783
571.41,2.2686191
571.996,2.267457
572.582,2.2662966
573.168,2.2651379
573.754,2.2639811
574.34,2.262826
574.926,2.2616725
575.512,2.2605212
576.098,2.2593713
576.684,2.2582231
577.27,2.257077
577.856,2.2559323
578.442,2.2547894
579.028,2.2536483
579.614,2.2525089
580.2,2.2513711
580.786,2.2502351
581.372,2.2491009
581.958,2.2479684
582.544,2.2468376
583.13,2.2457085
583.716,2.244581
584.302,2.2434552
584.888,2.2423313
585.474,2.2412088
586.06,2.240088
586.646,2.2389691
587.232,2.2378519
587.818,2.2367363
588.404,2.2356222
588.99,2.2345097
589.576,2.2333992
590.162,2.2322903
590.748,2.2311828
591.334,2.230077
591.92,2.2289729
592.506,2.2278707
593.092,2.2267697
593.678,2.2256706
594.264,2.2245731
594.85,2.2234771
595.436,2.2223828
596.022,2.2212901
596.608,2.2201991
597.194,2.2191095
597.78,2.2180219
598.366,2.2169354
598.952,2.2158508
599.538,2.2147677
600.124,2.2136862
600.71,2.2126062
601.296,2.2115278
601.882,2.2104511
602.468,2.2093761
603.054,2.2083025
603.64,2.2072303
604.226,2.2061598
604.812,2.2050908
605.398,2.2040234
605.984,2.2029576
606.57,2.2018933
607.156,2.2008307
607.742,2.1997695
608.328,2.1987097
608.914,2.1976516
609.5,2.196595
610.086,2.19554
610.672,2.1944861
611.258,2.1934342
611.844,2.1923838
612.43,2.1913345
613.016,2.1902871
613.602,2.1892409
614.188,2.1881967
614.774,2.1871536
615.36,2.1861119
615.946,2.1850719
616.532,2.1840334
617.118,2.1829963
617.704,2.1819606
618.29,2.1809263
618.876,2.1798937
619.462,2.1788626
620.048,2.1778328
620.634,2.1768045
621.22,2.1757777
621.806,2.1747522
622.392,2.1737285
622.978,2.1727059
623.564,2.171685
624.15,2.1706653
624.736,2.1696472
625.322,2.1686304
625.908,2.1676152
626.494,2.1666014
627.08,2.1655889
627.666,2.1645777
628.252,2.1635683
628.838,2.16256
629.424,2.1615531
630.01,2.1605477
630.596,2.1595438
631.182,2.1585412
631.768,2.1575401
632.354,2.1565404
632.94,2.1555419
633.526,2.1545448
634.112,2.1535494
634.698,2.152555
635.284,2.1515622
635.87,2.1505709
636.456,2.1495807
637.042,2.1485918
637.628,2.1476045
638.214,2.1466184
638.8,2.1456339
639.386,2.1446505
639.972,2.1436687
640.558,2.142688
641.144,2.1417089
641.73,2.1407309
642.316,2.1397543
642.902,2.1387792
643.488,2.1378052
644.074,2.1368327
644.66,2.1358614
645.246,2.1348915
645.832,2.1339228
646.418,2.1329556
647.004,2.1319897
647.59,2.1310251
648.176,2.1300619
648.762,2.1290998
649.348,2.128139
649.934,2.1271796
650.52,2.1262217
651.106,2.1252646
651.692,2.1243093
652.278,2.1233549
652.864,2.1224017
653.45,2.1214497
654.036,2.1204991
654.622,2.11955
655.208,2.1186018
655.794,2.117655
656.38,2.1167095
656.966,2.1157653
657.552,2.1148224
658.138,2.1138806
658.724,2.1129403
659.31,2.1120009
659.896,2.111063
660.482,2.1101265
661.068,2.1091909
661.654,2.1082568
662.24,2.1073236
662.826,2.1063919
663.412,2.1054616
663.998,2.1045322
664.584,2.1036043
665.17,2.1026776
665.756,2.101752
666.342,2.1008277
666.928,2.0999045
667.514,2.0989826
668.1,2.0980618
668.686,2.0971425
669.272,2.0962241
669.858,2.0953071
670.444,2.0943913
671.03,2.0934768
671.616,2.0925634
672.202,2.091651
672.788,2.09074
673.374,2.0898302
673.96,2.0889215
674.546,2.0880139
675.132,2.0871077
675.718,2.0862026
676.304,2.0852988
676.89,2.0843959
677.476,2.0834944
678.062,2.0825939
678.648,2.0816948
679.234,2.0807967
679.82,2.0798998
680.406,2.079004
680.992,2.0781095
681.578,2.0772161
682.164,2.0763237
682.75,2.0754328
683.336,2.0745428
683.922,2.0736539
684.508,2.0727663
685.094,2.0718796
685.68,2.0709944
686.266,2.0701101
686.852,2.069227
687.438,2.0683451
688.024,2.0674641
688.61,2.0665846
689.196,2.065706
689.782,2.0648284
690.368,2.063952
690.954,2.063077
691.54,2.0622027
692.126,2.0613298
692.712,2.0604579
693.298,2.0595872
693.884,2.0587175
694.47,2.0578489
695.056,2.0569816
695.642,2.0561152
696.228,2.0552499
696.814,2.0543857
697.4,2.0535228
697.986,2.0526607
698.572,2.0517995
699.158,2.0509396
699.744,2.0500803
700.33,2.0492225
700.916,2.0483656
701.502,2.0475097
702.088,2.0466549
702.674,2.0458014
703.26,2.0449488
703.846,2.0440972
704.432,2.043247
705.018,2.0423975
705.604,2.0415492
706.19,2.0407019
706.776,2.0398557
707.362,2.0390108
707.948,2.0381665
708.534,2.0373237
709.12,2.0364816
709.706,2.0356407
710.292,2.0348008
710.878,2.033962
711.464,2.0331242
712.05,2.0322876
712.636,2.0314517
713.222,2.0306172
713.808,2.0297835
714.394,2.0289509
714.98,2.0281193
715.566,2.0272889
716.152,2.0264592
716.738,2.0256307
717.324,2.0248034
717.91,2.0239768
718.496,2.0231514
719.082,2.0223272
719.668,2.0215037
720.254,2.0206814
720.84,2.0198598
721.426,2.0190394
722.012,2.0182202
722.598,2.0174017
723.184,2.0165844
723.77,2.0157681
724.356,2.0149527
724.942,2.0141382
725.528,2.0133247
726.114,2.0125124
726.7,2.0117009
727.286,2.0108905
727.872,2.0100811
728.458,2.0092726
729.044,2.0084653
729.63,2.0076585
730.216,2.0068531
730.802,2.0060484
731.388,2.005245
731.974,2.0044425
732.56,2.0036407
733.146,2.0028398
733.732,2.0020401
734.318,2.0012414
734.904,2.0004437
735.49,1.9996468
736.076,1.9988507
736.662,1.9980555
737.248,1.9972612
737.834,1.9964678
738.42,1.9956754
739.006,1.994884
739.592,1.9940935
740.178,1.9933039
740.764,1.9925153
741.35,1.9917276
741.936,1.9909409
742.522,1.990155
743.108,1.9893702
743.694,1.9885862
744.28,1.9878032
744.866,1.9870211
745.452,1.98624
746.038,1.9854597
746.624,1.9846804
747.21,1.983902
747.796,1.9831245
748.382,1.982348
748.968,1.9815723
749.554,1.9807975
750.14,1.9800237
750.726,1.9792509
751.312,1.9784788
751.898,1.9777077
752.484,1.9769375
753.07,1.9761683
753.656,1.9753999
754.242,1.9746324
754.828,1.9738657
755.414,1.9731001
756,1.9723352
756.586,1.9715713
757.172,1.9708083
757.758,1.9700462
758.344,1.9692849
758.93,1.9685246
759.516,1.9677651
760.102,1.9670064
760.688,1.9662488
761.274,1.9654919
761.86,1.9647359
762.446,1.9639808
763.032,1.9632266
763.618,1.9624733
764.204,1.9617207
764.79,1.9609691
765.376,1.9602184
765.962,1.9594685
766.548,1.9587195
767.134,1.9579713
767.72,1.957224
768.306,1.9564775
768.892,1.955732
769.478,1.9549873
770.064,1.9542433
770.65,1.9535003
771.236,1.9527581
771.822,1.9520168
772.408,1.9512763
772.994,1.9505366
773.58,1.9497979
774.166,1.9490598
774.752,1.9483228
775.338,1.9475864
775.924,1.946851
776.51,1.9461163
777.096,1.9453826
777.682,1.9446496
778.268,1.9439175
778.854,1.9431862
779.44,1.9424558
780.026,1.9417261
780.612,1.9409972
781.198,1.9402692
781.784,1.9395421
782.37,1.9388157
782.956,1.9380902
783.542,1.9373654
784.128,1.9366416
784.714,1.9359185
785.3,1.935196
785.886,1.9344746
786.472,1.933754
787.058,1.9330341
787.644,1.932315
788.23,1.9315968
788.816,1.9308792
789.402,1.9301627
789.988,1.9294468
790.574,1.9287317
791.16,1.9280174
791.746,1.927304
792.332,1.9265913
792.918,1.9258794
793.504,1.9251683
794.09,1.9244577
794.676,1.923748
795.262,1.9230391
795.848,1.922331
796.434,1.9216236
797.02,1.920917
797.606,1.9202112
798.192,1.9195062
798.778,1.918802
799.364,1.9180986
799.95,1.9173958
800.536,1.9166939
801.122,1.9159927
801.708,1.9152924
802.294,1.9145929
802.88,1.9138939
803.466,1.9131958
804.052,1.9124986
804.638,1.9118021
805.224,1.9111062
805.81,1.9104112
806.396,1.909717
806.982,1.9090235
807.568,1.9083308
808.154,1.9076388
808.74,1.9069475
809.326,1.906257
809.912,1.9055673
810.498,1.9048784
811.084,1.9041901
811.67,1.9035026
812.256,1.9028158
812.842,1.9021299
813.428,1.9014447
814.014,1.9007601
814.6,1.9000763
815.186,1.8993933
815.772,1.898711
816.358,1.8980293
816.944,1.8973485
817.53,1.8966684
818.116,1.8959891
818.702,1.8953105
819.288,1.8946326
819.874,1.8939553
820.46,1.893279
821.046,1.8926032
821.632,1.8919282
822.218,1.8912539
822.804,1.8905803
823.39,1.8899075
823.976,1.8892354
824.562,1.888564
825.148,1.8878933
825.734,1.8872234
826.32,1.886554
826.906,1.8858855
827.492,1.8852177
828.078,1.8845506
828.664,1.8838841
829.25,1.8832184
829.836,1.8825535
830.422,1.8818891
831.008,1.8812255
831.594,1.8805627
832.18,1.8799005
832.766,1.8792388
833.352,1.8785781
833.938,1.877918
834.524,1.8772587
835.11,1.8765999
835.696,1.8759419
836.282,1.8752846
836.868,1.8746279
837.454,1.8739719
838.04,1.8733166
838.626,1.8726622
839.212,1.8720083
839.798,1.8713551
840.384,1.8707025
840.97,1.8700508
841.556,1.8693995
842.142,1.8687491
842.728,1.8680993
843.314,1.8674502
843.9,1.8668017
844.486,1.8661541
845.072,1.8655069
845.658,1.8648605
846.244,1.8642148
846.83,1.8635697
847.416,1.8629253
848.002,1.8622816
848.588,1.8616385
849.174,1.8609961
849.76,1.8603544
850.346,1.8597133
850.932,1.8590729
851.518,1.8584331
852.104,1.857794
852.69,1.8571557
853.276,1.8565179
853.862,1.8558807
854.448,1.8552443
855.034,1.8546085
855.62,1.8539733
856.206,1.8533388
856.792,1.852705
857.378,1.8520718
857.964,1.8514392
858.55,1.8508073
859.136,1.8501761
859.722,1.8495455
860.308,1.8489156
860.894,1.8482863
861.48,1.8476576
862.066,1.8470294
862.652,1.846402
863.238,1.8457754
863.824,1.8451492
864.41,1.8445238
864.996,1.8438989
865.582,1.8432747
866.168,1.8426511
866.754,1.8420281
867.34,1.8414059
867.926,1.8407842
868.512,1.8401631
869.098,1.8395426
869.684,1.8389229
870.27,1.8383038
870.856,1.8376851
871.442,1.8370672
872.028,1.83645
872.614,1.8358333
873.2,1.8352172
873.786,1.8346018
874.372,1.833987
874.958,1.8333727
875.544,1.8327591
876.13,1.8321462
876.716,1.8315339
877.302,1.8309221
877.888,1.8303109
878.474,1.8297005
879.06,1.8290906
879.646,1.8284813
880.232,1.8278725
880.818,1.8272645
881.404,1.8266571
881.99,1.8260502
882.576,1.8254439
883.162,1.8248382
883.748,1.8242332
884.334,1.8236287
884.92,1.8230249
885.506,1.8224216
886.092,1.8218189
886.678,1.8212168
887.264,1.8206154
887.85,1.8200145
888.436,1.8194143
889.022,1.8188146
889.608,1.8182155
890.194,1.8176171
890.78,1.8170191
891.366,1.8164217
891.952,1.815825
892.538,1.8152289
893.124,1.8146334
893.71,1.8140384
894.296,1.813444
894.882,1.8128501
895.468,1.8122569
896.054,1.8116643
896.64,1.8110722
897.226,1.8104808
897.812,1.8098899
898.398,1.8092996
898.984,1.8087099
899.57,1.8081207
900.156,1.8075321
900.742,1.806944
901.328,1.8063567
901.914,1.8057698
902.5,1.8051835
903.086,1.8045977
903.672,1.8040127
904.258,1.8034279
904.844,1.802844
905.43,1.8022605
906.016,1.8016776
906.602,1.8010954
907.188,1.8005135
907.774,1.7999324
908.36,1.7993517
908.946,1.7987716
909.532,1.7981921
910.118,1.7976131
910.704,1.7970349
911.29,1.7964569
911.876,1.7958797
912.462,1.795303
913.048,1.7947267
913.634,1.7941512
914.22,1.7935761
914.806,1.7930017
915.392,1.7924277
915.978,1.7918543
916.564,1.7912813
917.15,1.790709
917.736,1.7901373
918.322,1.789566
918.908,1.7889955
919.494,1.7884253
920.08,1.7878557
920.666,1.7872868
921.252,1.7867182
921.838,1.7861503
922.424,1.7855829
923.01,1.7850161
923.596,1.7844497
924.182,1.7838839
924.768,1.7833186
925.354,1.7827539
925.94,1.7821897
926.526,1.7816261
927.112,1.7810631
927.698,1.7805004
928.284,1.7799385
928.87,1.7793769
929.456,1.7788159
930.042,1.7782555
930.628,1.7776955
931.214,1.7771362
931.8,1.7765774
932.386,1.776019
932.972,1.7754612
933.558,1.7749039
934.144,1.7743471
934.73,1.773791
935.316,1.7732352
935.902,1.7726799
936.488,1.7721254
937.074,1.7715712
937.66,1.7710176
938.246,1.7704644
938.832,1.7699118
939.418,1.7693597
940.004,1.7688082
940.59,1.7682571
941.176,1.7677066
941.762,1.7671566
942.348,1.766607
942.934,1.7660581
943.52,1.7655096
944.106,1.7649616
944.692,1.7644142
945.278,1.7638673
945.864,1.7633208
946.45,1.7627748
947.036,1.7622294
947.622,1.7616845
948.208,1.7611401
948.794,1.7605962
949.38,1.7600528
949.966,1.7595098
950.552,1.7589674
951.138,1.7584255
951.724,1.7578841
952.31,1.7573432
952.896,1.7568028
953.482,1.7562629
954.068,1.7557235
954.654,1.7551847
955.24,1.7546462
955.826,1.7541083
956.412,1.7535708
956.998,1.7530339
957.584,1.7524974
958.17,1.7519615
958.756,1.7514261
959.342,1.7508911
959.928,1.7503567
960.514,1.7498226
961.1,1.7492892
961.686,1.7487562
962.272,1.7482237
962.858,1.7476916
963.444,1.7471601
964.03,1.746629
964.616,1.7460984
965.202,1.7455683
965.788,1.7450386
966.374,1.7445095
966.96,1.7439809
967.546,1.7434527
968.132,1.742925
968.718,1.7423978
969.304,1.741871
969.89,1.7413448
970.476,1.740819
971.062,1.7402937
971.648,1.7397689
972.234,1.7392446
972.82,1.7387207
973.406,1.7381972
973.992,1.7376742
974.578,1.7371519
975.164,1.7366298
975.75,1.7361083
976.336,1.7355872
976.922,1.7350667
977.508,1.7345465
978.094,1.7340269
978.68,1.7335078
979.266,1.732989
979.852,1.7324708
980.438,1.731953
981.024,1.7314357
981.61,1.7309188
982.196,1.7304024
982.782,1.7298864
983.368,1.729371
983.954,1.728856
984.54,1.7283415
985.126,1.7278273
985.712,1.7273138
986.298,1.7268006
986.884,1.7262878
987.47,1.7257756
988.056,1.7252637
988.642,1.7247524
989.228,1.7242415
989.814,1.7237312
990.4,1.7232211
990.986,1.7227116
991.572,1.7222025
992.158,1.7216939
992.744,1.7211857
993.33,1.720678
993.916,1.7201706
994.502,1.7196639
995.088,1.7191575
995.674,1.7186515
996.26,1.718146
996.846,1.717641
997.432,1.7171364
998.018,1.7166322
998.604,1.7161285
999.19,1.7156253
999.776,1.7151225
1000.362,1.71462
1000.948,1.7141181
1001.534,1.7136166
1002.12,1.7131156
1002.706,1.712615
1003.292,1.7121148
1003.878,1.711615
1004.464,1.7111157
1005.05,1.7106168
1005.636,1.7101184
1006.222,1.7096205
1006.808,1.7091229
1007.394,1.7086258
1007.98,1.708129
1008.566,1.7076328
1009.152,1.707137
1009.738,1.7066416
1010.324,1.7061466
1010.91,1.7056521
1011.496,1.705158
1012.082,1.7046643
1012.668,1.7041711
1013.254,1.7036783
1013.84,1.7031859
1014.426,1.7026939
1015.012,1.7022024
1015.598,1.7017113
1016.184,1.7012206
1016.77,1.7007303
1017.356,1.7002405
1017.942,1.6997511
1018.528,1.6992621
1019.114,1.6987735
1019.7,1.6982855
1020.286,1.6977977
1020.872,1.6973104
1021.458,1.6968236
1022.044,1.6963371
1022.63,1.695851
1023.216,1.6953654
1023.802,1.6948802
1024.388,1.6943954
1024.974,1.6939111
1025.56,1.6934271
1026.146,1.6929436
1026.732,1.6924604
1027.318,1.6919777
1027.904,1.6914954
1028.49,1.6910136
1029.076,1.6905321
1029.662,1.690051
1030.248,1.6895703
1030.834,1.6890901
1031.42,1.6886103
1032.006,1.6881309
1032.592,1.6876519
1033.178,1.6871732
1033.764,1.686695
1034.35,1.6862173
1034.936,1.6857399
1035.522,1.6852629
1036.108,1.6847863
1036.694,1.6843102
1037.28,1.6838344
1037.866,1.683359
1038.452,1.6828841
1039.038,1.6824095
1039.624,1.6819354
1040.21,1.6814616
1040.796,1.6809883
1041.382,1.6805153
1041.968,1.6800427
1042.554,1.6795707
1043.14,1.6790988
1043.726,1.6786275
1044.312,1.6781566
1044.898,1.677686
1045.484,1.6772159
1046.07,1.6767461
1046.656,1.6762767
1047.242,1.6758077
1047.828,1.6753391
1048.414,1.674871
1049,1.6744032
1049.586,1.6739358
1050.172,1.6734688
1050.758,1.6730021
1051.344,1.6725359
1051.93,1.67207
1052.516,1.6716046
1053.102,1.6711396
1053.688,1.6706749
1054.274,1.6702106
1054.86,1.6697468
1055.446,1.6692832
1056.032,1.6688201
1056.618,1.6683574
1057.204,1.667895
1057.79,1.667433
1058.376,1.6669714
1058.962,1.6665103
1059.548,1.6660494
1060.134,1.6655889
1060.72,1.6651286
1061.306,1.6646688
1061.892,1.6642095
1062.478,1.6637504
1063.064,1.6632918
1063.65,1.6628335
1064.236,1.6623756
1064.822,1.661918
1065.408,1.6614609
1065.994,1.6610041
1066.58,1.6605477
1067.166,1.6600918
1067.752,1.6596361
1068.338,1.6591808
1068.924,1.658726
1069.51,1.6582714
1070.096,1.6578174
1070.682,1.6573635
1071.268,1.6569102
1071.854,1.6564571
1072.44,1.6560044
1073.026,1.6555521
1073.612,1.6551003
1074.198,1.6546488
1074.784,1.6541976
1075.37,1.6537468
1075.956,1.6532964
1076.542,1.6528463
1077.128,1.6523967
1077.714,1.6519473
1078.3,1.6514983
1078.886,1.6510497
1079.472,1.6506015
1080.058,1.6501536
1080.644,1.6497062
1081.23,1.6492591
1081.816,1.6488123
1082.402,1.6483659
1082.988,1.6479199
1083.574,1.6474742
1084.16,1.6470288
1084.746,1.6465839
1085.332,1.6461394
1085.918,1.6456951
1086.504,1.6452513
1087.09,1.6448077
1087.676,1.6443645
1088.262,1.6439217
1088.848,1.6434793
1089.434,1.6430372
1090.02,1.6425955
1090.606,1.6421542
1091.192,1.6417131
1091.778,1.6412724
1092.364,1.6408322
1092.95,1.6403922
1093.536,1.6399527
1094.122,1.6395134
1094.708,1.6390746
1095.294,1.638636
1095.88,1.6381979
1096.466,1.63776
1097.052,1.6373225
1097.638,1.6368855
1098.224,1.6364487
1098.81,1.6360123
1099.396,1.6355761
1099.982,1.6351405
1100.568,1.6347051
1101.154,1.6342701
1101.74,1.6338354
1102.326,1.6334012
1102.912,1.6329671
1103.498,1.6325334
1104.084,1.6321002
1104.67,1.6316673
1105.256,1.6312346
1105.842,1.6308024
1106.428,1.6303705
1107.014,1.629939
1107.6,1.6295078
1108.186,1.6290768
1108.772,1.6286464
1109.358,1.6282161
1109.944,1.6277863
1110.53,1.6273568
1111.116,1.6269276
1111.702,1.6264988
1112.288,1.6260703
1112.874,1.6256422
1113.46,1.6252143
1114.046,1.6247869
1114.632,1.6243597
1115.218,1.623933
1115.804,1.6235064
1116.39,1.6230804
1116.976,1.6226546
1117.562,1.6222291
1118.148,1.621804
1118.734,1.6213793
1119.32,1.6209549
1119.906,1.6205307
1120.492,1.6201069
1121.078,1.6196835
1121.664,1.6192604
1122.25,1.6188376
1122.836,1.6184151
1123.422,1.617993
1124.008,1.6175714
1124.594,1.6171498
1125.18,1.6167287
1125.766,1.616308
1126.352,1.6158875
1126.938,1.6154673
1127.524,1.6150476
1128.11,1.6146281
1128.696,1.6142089
1129.282,1.61379
1129.868,1.6133716
1130.454,1.6129534
1131.04,1.6125356
1131.626,1.6121181
1132.212,1.6117009
1132.798,1.611284
1133.384,1.6108675
1133.97,1.6104513
1134.556,1.6100354
1135.142,1.6096199
1135.728,1.6092046
1136.314,1.6087897
1136.9,1.6083751
1137.486,1.6079608
1138.072,1.6075468
1138.658,1.6071332
1139.244,1.6067199
1139.83,1.6063069
1140.416,1.6058942
1141.002,1.6054819
1141.588,1.6050699
1142.174,1.6046581
1142.76,1.6042467
1143.346,1.6038357
1143.932,1.6034249
1144.518,1.6030145
1145.104,1.6026043
1145.69,1.6021945
1146.276,1.6017851
1146.862,1.6013758
1147.448,1.6009669
1148.034,1.6005584
1148.62,1.6001501
1149.206,1.5997422
1149.792,1.5993346
1150.378,1.5989273
1150.964,1.5985203
1151.55,1.5981137
1152.136,1.5977073
1152.722,1.5973012
1153.308,1.5968955
1153.894,1.59649
1154.48,1.596085
1155.066,1.5956801
1155.652,1.5952756
1156.238,1.5948714
1156.824,1.5944675
1157.41,1.594064
1157.996,1.5936607
1158.582,1.5932577
1159.168,1.5928551
1159.754,1.5924526
1160.34,1.5920504
1160.926,1.5916485
1161.512,1.5912468
1162.098,1.5908456
1162.684,1.5904446
1163.27,1.5900438
1163.856,1.5896435
1164.442,1.5892433
1165.028,1.5888436
1165.614,1.588444
1166.2,1.5880448
1166.786,1.5876459
1167.372,1.5872474
1167.958,1.5868491
1168.544,1.5864511
1169.13,1.5860534
1169.716,1.5856559
1170.302,1.5852588
1170.888,1.584862
1171.474,1.5844656
1172.06,1.5840694
1172.646,1.5836735
1173.232,1.5832779
1173.818,1.5828826
1174.404,1.5824876
1174.99,1.5820929
1175.576,1.5816984
1176.162,1.5813043
1176.748,1.5809106
1177.334,1.5805171
1177.92,1.5801238
1178.506,1.5797309
1179.092,1.5793382
1179.678,1.5789459
1180.264,1.5785538
1180.85,1.5781621
1181.436,1.5777706
1182.022,1.5773795
1182.608,1.5769885
1183.194,1.5765979
1183.78,1.5762076
1184.366,1.5758176
1184.952,1.5754279
1185.538,1.5750384
1186.124,1.5746493
1186.71,1.5742605
1187.296,1.573872
1187.882,1.5734837
1188.468,1.5730957
1189.054,1.572708
1189.64,1.5723206
1190.226,1.5719335
1190.812,1.5715467
1191.398,1.5711601
1191.984,1.5707738
1192.57,1.5703878
1193.156,1.5700022
1193.742,1.5696168
1194.328,1.5692316
1194.914,1.5688468
1195.5,1.5684623
1196.086,1.568078
1196.672,1.5676941
1197.258,1.5673103
1197.844,1.566927
1198.43,1.5665438
1199.016,1.566161
1199.602,1.5657784
1200.188,1.5653962
1200.774,1.5650141
1201.36,1.5646324
1201.946,1.5642509
1202.532,1.5638698
1203.118,1.563489
1203.704,1.5631083
1204.29,1.562728
1204.876,1.562348
1205.462,1.5619682
1206.048,1.5615888
1206.634,1.5612096
1207.22,1.5608306
1207.806,1.560452
1208.392,1.5600736
1208.978,1.5596955
1209.564,1.5593177
1210.15,1.5589402
1210.736,1.5585629
1211.322,1.5581859
1211.908,1.5578091
1212.494,1.5574327
1213.08,1.5570565
1213.666,1.5566807
1214.252,1.5563051
1214.838,1.5559297
1215.424,1.5555546
1216.01,1.5551798
1216.596,1.5548053
1217.182,1.5544311
1217.768,1.554057
1218.354,1.5536834
1218.94,1.5533099
1219.526,1.5529368
1220.112,1.5525639
1220.698,1.5521913
1221.284,1.5518188
1221.87,1.5514468
1222.456,1.551075
1223.042,1.5507034
1223.628,1.5503321
1224.214,1.5499611
1224.8,1.5495903
1225.386,1.5492198
1225.972,1.5488497
1226.558,1.5484797
1227.144,1.54811
1227.73,1.5477406
1228.316,1.5473715
1228.902,1.5470026
1229.488,1.546634
1230.074,1.5462657
1230.66,1.5458976
1231.246,1.5455297
1231.832,1.5451622
1232.418,1.5447949
1233.004,1.5444279
1233.59,1.5440611
1234.176,1.5436946
1234.762,1.5433284
1235.348,1.5429624
1235.934,1.5425967
1236.52,1.5422312
1237.106,1.5418661
1237.692,1.541501
1238.278,1.5411365
1238.864,1.5407721
1239.45,1.5404079
1240.036,1.5400441
1240.622,1.5396804
1241.208,1.539317
1241.794,1.5389538
1242.38,1.5385907
1242.966,1.5382278
1243.552,1.5378652
1244.138,1.5375028
1244.724,1.5371407
1245.31,1.5367789
1245.896,1.5364174
1246.482,1.536056
1247.068,1.535695
1247.654,1.5353342
1248.24,1.5349736
1248.826,1.5346134
1249.412,1.5342534
1249.998,1.5338936
1250.584,1.533534
1251.17,1.5331749
1251.756,1.5328159
1252.342,1.5324571
1252.928,1.5320987
1253.514,1.5317404
1254.1,1.5313824
1254.686,1.5310247
1255.272,1.5306673
1255.858,1.53031
1256.444,1.5299531
1257.03,1.5295963
1257.616,1.5292399
1258.202,1.5288837
1258.788,1.5285277
1259.374,1.528172
1259.96,1.5278165
1260.546,1.5274614
1261.132,1.5271064
1261.718,1.5267518
1262.304,1.5263972
1262.89,1.5260432
1263.476,1.5256891
1264.062,1.5253354
1264.648,1.524982
1265.234,1.5246288
1265.82,1.5242759
1266.406,1.5239232
1266.992,1.5235707
1267.578,1.5232184
1268.164,1.5228665
1268.75,1.5225148
1269.336,1.5221633
1269.922,1.5218121
1270.508,1.5214611
1271.094,1.5211104
1271.68,1.5207598
1272.266,1.5204096
1272.852,1.5200597
1273.438,1.5197098
1274.024,1.5193604
1274.61,1.5190111
1275.196,1.5186621
1275.782,1.5183133
1276.368,1.5179648
1276.954,1.5176165
1277.54,1.5172684
1278.126,1.5169207
1278.712,1.5165731
1279.298,1.5162257
1279.884,1.5158787
1280.47,1.5155318
1281.056,1.5151852
1281.642,1.5148388
1282.228,1.5144928
1282.814,1.5141468
1283.4,1.5138012
1283.986,1.5134557
1284.572,1.5131106
1285.158,1.5127656
1285.744,1.512421
1286.33,1.5120765
1286.916,1.5117323
1287.502,1.5113883
1288.088,1.5110446
1288.674,1.5107012
1289.26,1.5103579
1289.846,1.5100149
1290.432,1.509672
1291.018,1.5093294
1291.604,1.5089872
1292.19,1.5086451
1292.776,1.5083033
1293.362,1.5079616
1293.948,1.5076202
1294.534,1.5072792
1295.12,1.5069382
1295.706,1.5065975
1296.292,1.5062571
1296.878,1.5059168
1297.464,1.5055768
1298.05,1.5052371
1298.636,1.5048976
1299.222,1.5045583
1299.808,1.5042193
1300.394,1.5038805
1300.98,1.5035418
1301.566,1.5032034
1302.152,1.5028653
1302.738,1.5025275
1303.324,1.5021896
1303.91,1.5018518
1304.496,1.5015144
1305.082,1.5011772
1305.668,1.5008402
1306.254,1.5005034
1306.84,1.5001669
1307.426,1.4998305
1308.012,1.4994944
1308.598,1.4991585
1309.184,1.4988229
1309.77,1.4984875
1310.356,1.4981523
1310.942,1.4978173
1311.528,1.4974825
1312.114,1.497148
1312.7,1.4968138
1313.286,1.4964797
1313.872,1.4961458
1314.458,1.4958123
1315.044,1.4954789
1315.63,1.4951458
1316.216,1.4948128
1316.802,1.4944801
1317.388,1.4941477
1317.974,1.4938153
1318.56,1.4934833
1319.146,1.4931515
1319.732,1.4928199
1320.318,1.4924886
1320.904,1.4921575
1321.49,1.4918265
1322.076,1.4914957
1322.662,1.4911653
1323.248,1.4908351
1323.834,1.490505
1324.42,1.4901752
1325.006,1.4898456
1325.592,1.4895163
1326.178,1.4891871
1326.764,1.4888582
1327.35,1.4885294
1327.936,1.488201
1328.522,1.4878727
1329.108,1.4875447
1329.694,1.4872168
1330.28,1.4868892
1330.866,1.4865618
1331.452,1.4862345
1332.038,1.4859077
1332.624,1.4855809
1333.21,1.4852544
1333.796,1.484928
1334.382,1.484602
1334.968,1.4842761
1335.554,1.4839504
1336.14,1.4836249
1336.726,1.4832997
1337.312,1.4829748
1337.898,1.4826499
1338.484,1.4823253
1339.07,1.4820009
1339.656,1.4816768
1340.242,1.4813529
1340.828,1.4810292
1341.414,1.4807056
1342,1.4803823
1342.586,1.4800593
1343.172,1.4797363
1343.758,1.4794137
1344.344,1.4790913
1344.93,1.4787691
1345.516,1.4784471
1346.102,1.4781252
1346.688,1.4778037
1347.274,1.4774822
1347.86,1.477161
1348.446,1.4768401
1349.032,1.4765193
1349.618,1.4761988
1350.204,1.4758785
1350.79,1.4755583
1351.376,1.4752384
1351.962,1.4749187
1352.548,1.4745992
1353.134,1.47428
1353.72,1.4739609
1354.306,1.473642
1354.892,1.4733233
1355.478,1.4730049
1356.064,1.4726866
1356.65,1.4723686
1357.236,1.4720508
1357.822,1.4717332
1358.408,1.4714158
1358.994,1.4710985
1359.58,1.4707816
1360.166,1.4704647
1360.752,1.4701481
1361.338,1.4698317
1361.924,1.4695156
1362.51,1.4691995
1363.096,1.4688839
1363.682,1.4685683
1364.268,1.4682529
1364.854,1.4679378
1365.44,1.4676229
1366.026,1.467308
1366.612,1.4669936
1367.198,1.4666792
1367.784,1.4663651
1368.37,1.4660511
1368.956,1.4657375
1369.542,1.4654238
1370.128,1.4651105
1370.714,1.4647975
1371.3,1.4644845
1371.886,1.4641718
1372.472,1.4638593
1373.058,1.463547
1373.644,1.4632349
1374.23,1.4629229
1374.816,1.4626112
1375.402,1.4622997
1375.988,1.4619884
1376.574,1.4616773
1377.16,1.4613664
1377.746,1.4610556
1378.332,1.4607451
1378.918,1.4604348
1379.504,1.4601247
1380.09,1.4598148
1380.676,1.4595051
1381.262,1.4591955
1381.848,1.4588863
1382.434,1.4585772
1383.02,1.4582682
1383.606,1.4579595
1384.192,1.4576507
1384.778,1.4573423
1385.364,1.4570339
1385.95,1.4567257
1386.536,1.4564177
1387.122,1.45611
1387.708,1.4558024
1388.294,1.4554951
1388.88,1.4551879
1389.466,1.454881
1390.052,1.4545742
1390.638,1.4542676
1391.224,1.4539613
1391.81,1.4536551
1392.396,1.4533491
1392.982,1.4530433
1393.568,1.4527377
1394.154,1.4524324
1394.74,1.4521271
1395.326,1.451822
1395.912,1.4515172
1396.498,1.4512126
1397.084,1.4509082
1397.67,1.450604
1398.256,1.4502999
1398.842,1.449996
1399.428,1.4496924
1400.014,1.4493889
1400.6,1.4490856
1401.186,1.4487826
1401.772,1.4484797
1402.358,1.448177
1402.944,1.4478744
1403.53,1.4475721
1404.116,1.4472699
1404.702,1.446968
1405.288,1.4466662
1405.874,1.4463646
1406.46,1.4460633
1407.046,1.4457622
1407.632,1.4454612
1408.218,1.4451603
1408.804,1.4448596
1409.39,1.4445592
1409.976,1.4442589
1410.562,1.4439589
1411.148,1.4436589
1411.734,1.4433594
1412.32,1.4430598
1412.906,1.4427606
1413.492,1.4424614
1414.078,1.4421625
1414.664,1.4418638
1415.25,1.4415652
1415.836,1.4412668
1416.422,1.4409686
1417.008,1.4406706
1417.594,1.4403728
1418.18,1.4400752
1418.766,1.4397777
1419.352,1.4394804
1419.938,1.4391834
1420.524,1.4388865
1421.11,1.4385898
1421.696,1.4382932
1422.282,1.437997
1422.868,1.4377009
1423.454,1.4374049
1424.04,1.437109
1424.626,1.4368134
1425.212,1.4365181
1425.798,1.4362228
1426.384,1.4359277
1426.97,1.4356328
1427.556,1.4353381
1428.142,1.4350437
1428.728,1.4347494
1429.314,1.4344552
1429.9,1.4341613
1430.486,1.4338675
1431.072,1.4335738
1431.658,1.4332805
1432.244,1.4329872
1432.83,1.4326942
1433.416,1.4324013
1434.002,1.4321085
1434.588,1.4318161
1435.174,1.4315237
1435.76,1.4312316
1436.346,1.4309396
1436.932,1.4306479
1437.518,1.4303563
1438.104,1.4300648
1438.69,1.4297734
1439.276,1.4294823
1439.862,1.4291915
1440.448,1.4289008
1441.034,1.4286102
1441.62,1.4283199
1442.206,1.4280297
1442.792,1.4277397
1443.378,1.4274498
1443.964,1.4271603
1444.55,1.4268707
1445.136,1.4265814
1445.722,1.4262923
1446.308,1.4260033
1446.894,1.4257146
1447.48,1.425426
1448.066,1.4251375
1448.652,1.4248493
1449.238,1.4245613
1449.824,1.4242734
1450.41,1.4239856
1450.996,1.4236981
1451.582,1.4234108
1452.168,1.4231235
1452.754,1.4228365
1453.34,1.4225496
1453.926,1.422263
1454.512,1.4219764
1455.098,1.4216901
1455.684,1.421404
1456.27,1.421118
1456.856,1.4208322
1457.442,1.4205465
1458.028,1.4202611
1458.614,1.4199759
1459.2,1.4196907
1459.786,1.4194058
1460.372,1.419121
1460.958,1.4188364
1461.544,1.418552
1462.13,1.4182677
1462.716,1.4179837
1463.302,1.4176997
1463.888,1.417416
1464.474,1.4171324
1465.06,1.416849
1465.646,1.4165659
1466.232,1.4162828
1466.818,1.4159999
1467.404,1.4157171
1467.99,1.4154346
1468.576,1.4151522
1469.162,1.41487
1469.748,1.414588
1470.334,1.4143062
1470.92,1.4140245
1471.506,1.4137429
1472.092,1.4134616
1472.678,1.4131804
1473.264,1.4128993
1473.85,1.4126185
1474.436,1.4123378
1475.022,1.4120572
1475.608,1.4117769
1476.194,1.4114968
1476.78,1.4112166
1477.366,1.4109368
1477.952,1.410657
1478.538,1.4103776
1479.124,1.4100982
1479.71,1.4098191
1480.296,1.4095401
1480.882,1.4092612
1481.468,1.4089825
1482.054,1.4087039
1482.64,1.4084256
1483.226,1.4081475
1483.812,1.4078695
1484.398,1.4075916
1484.984,1.4073138
1485.57,1.4070363
1486.156,1.406759
1486.742,1.4064817
1487.328,1.4062047
1487.914,1.4059279
1488.5,1.4056511
1489.086,1.4053745
1489.672,1.4050982
1490.258,1.404822
1490.844,1.4045459
1491.43,1.4042699
1492.016,1.4039943
1492.602,1.4037187
1493.188,1.4034433
1493.774,1.4031681
1494.36,1.4028931
1494.946,1.4026181
1495.532,1.4023434
1496.118,1.4020687
1496.704,1.4017943
1497.29,1.40152
1497.876,1.401246
1498.462,1.400972
1499.048,1.4006982
1499.634,1.4004246
1500.22,1.4001511
1500.806,1.3998778
1501.392,1.3996047
1501.978,1.3993316
1502.564,1.3990588
1503.15,1.3987862
1503.736,1.3985137
1504.322,1.3982413
1504.908,1.3979691
1505.494,1.3976971
1506.08,1.3974252
1506.666,1.3971534
1507.252,1.3968816
1507.838,1.3966101
1508.424,1.3963388
1509.01,1.3960675
1509.596,1.3957965
1510.182,1.3955257
1510.768,1.395255
1511.354,1.3949844
1511.94,1.394714
1512.526,1.3944438
1513.112,1.3941737
1513.698,1.3939037
1514.284,1.393634
1514.87,1.3933643
1515.456,1.3930949
1516.042,1.3928256
1516.628,1.3925564
1517.214,1.3922875
1517.8,1.3920186
1518.386,1.39175
1518.972,1.3914815
1519.558,1.3912131
1520.144,1.3909448
1520.73,1.3906769
1521.316,1.390409
1521.902,1.3901411
1522.488,1.3898736
1523.074,1.3896061
1523.66,1.3893389
1524.246,1.3890717
1524.832,1.3888048
1525.418,1.3885379
1526.004,1.3882713
1526.59,1.3880048
1527.176,1.3877383
1527.762,1.3874723
1528.348,1.3872062
1528.934,1.3869404
1529.52,1.3866745
1530.106,1.3864089
1530.692,1.3861436
1531.278,1.3858782
1531.864,1.3856131
1532.45,1.3853481
1533.036,1.3850833
1533.622,1.3848187
1534.208,1.3845541
1534.794,1.3842897
1535.38,1.3840256
1535.966,1.3837615
1536.552,1.3834976
1537.138,1.3832338
1537.724,1.3829702
1538.31,1.3827068
1538.896,1.3824434
1539.482,1.3821802
1540.068,1.3819172
1540.654,1.3816544
1541.24,1.3813916
1541.826,1.3811291
1542.412,1.3808668
1542.998,1.3806045
1543.584,1.3803424
1544.17,1.3800805
1544.756,1.3798187
1545.342,1.379557
1545.928,1.3792955
1546.514,1.379034
1547.1,1.3787729
1547.686,1.3785118
1548.272,1.378251
1548.858,1.3779901
1549.444,1.3777295
1550.03,1.3774691
1550.616,1.3772087
1551.202,1.3769486
1551.788,1.3766885
1552.374,1.3764286
1552.96,1.376169
1553.546,1.3759093
1554.132,1.3756499
1554.718,1.3753906
1555.304,1.3751315
1555.89,1.3748724
1556.476,1.3746136
1557.062,1.374355
1557.648,1.3740964
1558.234,1.3738379
1558.82,1.3735797
1559.406,1.3733215
1559.992,1.3730636
1560.578,1.3728057
1561.164,1.3725481
1561.75,1.3722906
1562.336,1.3720331
1562.922,1.371776
1563.508,1.3715189
1564.094,1.3712618
1564.68,1.3710051
1565.266,1.3707484
1565.852,1.3704919
1566.438,1.3702354
1567.024,1.3699793
1567.61,1.3697232
1568.196,1.3694673
1568.782,1.3692114
1569.368,1.3689557
1569.954,1.3687003
1570.54,1.3684449
1571.126,1.3681896
1571.712,1.3679346
1572.298,1.3676796
1572.884,1.3674248
1573.47,1.3671701
1574.056,1.3669156
1574.642,1.3666613
1575.228,1.366407
1575.814,1.3661529
1576.4,1.365899
1576.986,1.3656452
1577.572,1.3653915
1578.158,1.3651381
1578.744,1.3648846
1579.33,1.3646314
1579.916,1.3643782
1580.502,1.3641254
1581.088,1.3638725
1581.674,1.3636198
1582.26,1.3633673
1582.846,1.363115
1583.432,1.3628626
1584.018,1.3626106
1584.604,1.3623586
1585.19,1.3621067
1585.776,1.361855
1586.362,1.3616035
1586.948,1.3613521
1587.534,1.3611008
1588.12,1.3608496
1588.706,1.3605987
1589.292,1.3603477
1589.878,1.3600971
1590.464,1.3598465
1591.05,1.359596
1591.636,1.3593457
1592.222,1.3590956
1592.808,1.3588456
1593.394,1.3585956
1593.98,1.3583459
1594.566,1.3580964
1595.152,1.3578469
1595.738,1.3575975
1596.324,1.3573483
1596.91,1.3570992
1597.496,1.3568503
1598.082,1.3566015
1598.668,1.3563528
1599.254,1.3561044
1599.84,1.3558559
1600.426,1.3556077
1601.012,1.3553596
1601.598,1.3551116
1602.184,1.3548638
1602.77,1.3546162
1603.356,1.3543686
1603.942,1.3541211
1604.528,1.3538738
1605.114,1.3536267
1605.7,1.3533796
1606.286,1.3531327
1606.872,1.3528861
1607.458,1.3526394
1608.044,1.3523929
1608.63,1.3521466
1609.216,1.3519003
1609.802,1.3516543
1610.388,1.3514084
1610.974,1.3511626
1611.56,1.3509169
1612.146,1.3506714
1612.732,1.350426
1613.318,1.3501807
1613.904,1.3499355
1614.49,1.3496906
1615.076,1.3494457
1615.662,1.349201
1616.248,1.3489563
1616.834,1.3487118
1617.42,1.3484676
1618.006,1.3482233
1618.592,1.3479793
1619.178,1.3477353
1619.764,1.3474915
1620.35,1.3472478
1620.936,1.3470043
1621.522,1.3467609
1622.108,1.3465177
1622.694,1.3462745
1623.28,1.3460314
1623.866,1.3457886
1624.452,1.3455459
1625.038,1.3453033
1625.624,1.3450607
1626.21,1.3448184
1626.796,1.3445761
1627.382,1.3443341
1627.968,1.3440921
1628.554,1.3438503
1629.14,1.3436086
1629.726,1.343367
1630.312,1.3431256
1630.898,1.3428843
1631.484,1.3426431
1632.07,1.342402
1632.656,1.3421611
1633.242,1.3419204
1633.828,1.3416797
1634.414,1.3414391
1635,1.3411987
1635.586,1.3409585
1636.172,1.3407183
1636.758,1.3404783
1637.344,1.3402385
1637.93,1.3399986
1638.516,1.339759
1639.102,1.3395195
1639.688,1.3392801
1640.274,1.3390409
1640.86,1.3388019
1641.446,1.3385628
1642.032,1.338324
1642.618,1.3380853
1643.204,1.3378466
1643.79,1.3376081
1644.376,1.3373698
1644.962,1.3371316
1645.548,1.3368934
1646.134,1.3366555
1646.72,1.3364177
1647.306,1.33618
1647.892,1.3359424
1648.478,1.3357049
1649.064,1.3354676
1649.65,1.3352304
1650.236,1.3349934
1650.822,1.3347564
1651.408,1.3345195
1651.994,1.3342829
1652.58,1.3340462
1653.166,1.3338099
1653.752,1.3335735
1654.338,1.3333373
1654.924,1.3331013
1655.51,1.3328652
1656.096,1.3326294
1656.682,1.3323938
1657.268,1.3321582
1657.854,1.3319228
1658.44,1.3316875
1659.026,1.3314523
1659.612,1.3312172
1660.198,1.3309822
1660.784,1.3307474
1661.37,1.3305126
1661.956,1.3302782
1662.542,1.3300437
1663.128,1.3298093
1663.714,1.3295752
1664.3,1.3293411
1664.886,1.3291072
1665.472,1.3288733
1666.058,1.3286396
1666.644,1.328406
1667.23,1.3281726
1667.816,1.3279392
1668.402,1.327706
1668.988,1.3274729
1669.574,1.3272399
1670.16,1.3270071
1670.746,1.3267744
1671.332,1.3265418
1671.918,1.3263093
1672.504,1.3260769
1673.09,1.3258446
1673.676,1.3256125
1674.262,1.3253806
1674.848,1.3251487
1675.434,1.324917
1676.02,1.3246853
1676.606,1.3244538
1677.192,1.3242224
1677.778,1.3239912
1678.364,1.32376
1678.95,1.323529
1679.536,1.3232981
1680.122,1.3230673
1680.708,1.3228366
1681.294,1.3226061
1681.88,1.3223758
1682.466,1.3221455
1683.052,1.3219153
1683.638,1.3216852
1684.224,1.3214552
1684.81,1.3212254
1685.396,1.3209958
1685.982,1.3207662
1686.568,1.3205367
1687.154,1.3203074
1687.74,1.3200781
1688.326,1.319849
1688.912,1.3196201
1689.498,1.3193913
1690.084,1.3191625
1690.67,1.3189338
1691.256,1.3187053
1691.842,1.318477
1692.428,1.3182487
1693.014,1.3180206
1693.6,1.3177925
1694.186,1.3175646
1694.772,1.3173368
1695.358,1.3171092
1695.944,1.3168815
1696.53,1.3166542
1697.116,1.3164269
1697.702,1.3161997
1698.288,1.3159726
1698.874,1.3157456
1699.46,1.3155187
1700.046,1.315292
1700.632,1.3150654
1701.218,1.3148389
1701.804,1.3146125
1702.39,1.3143862
1702.976,1.3141601
1703.562,1.3139341
1704.148,1.3137082
1704.734,1.3134824
1705.32,1.3132567
1705.906,1.3130311
1706.492,1.3128057
1707.078,1.3125803
1707.664,1.3123552
1708.25,1.31213
1708.836,1.311905
1709.422,1.3116802
1710.008,1.3114554
1710.594,1.3112308
1711.18,1.3110062
1711.766,1.3107818
1712.352,1.3105576
1712.938,1.3103334
1713.524,1.3101093
1714.11,1.3098854
1714.696,1.3096615
1715.282,1.3094378
1715.868,1.3092142
1716.454,1.3089907
1717.04,1.3087673
1717.626,1.308544
1718.212,1.3083209
1718.798,1.3080978
1719.384,1.3078749
1719.97,1.3076521
1720.556,1.3074294
1721.142,1.3072069
1721.728,1.3069844
1722.314,1.3067621
1722.9,1.3065398
1723.486,1.3063177
1724.072,1.3060957
1724.658,1.3058738
1725.244,1.305652
1725.83,1.3054304
1726.416,1.3052088
1727.002,1.3049873
1727.588,1.3047661
1728.174,1.3045448
1728.76,1.3043237
1729.346,1.3041027
1729.932,1.3038818
1730.518,1.303661
1731.104,1.3034403
1731.69,1.3032198
1732.276,1.3029994
1732.862,1.3027791
1733.448,1.3025589
1734.034,1.3023388
1734.62,1.3021188
1735.206,1.301899
1735.792,1.3016791
1736.378,1.3014594
1736.964,1.30124
1737.55,1.3010205
1738.136,1.3008012
1738.722,1.3005819
1739.308,1.3003629
1739.894,1.3001438
1740.48,1.299925
1741.066,1.2997062
1741.652,1.2994876
1742.238,1.2992691
1742.824,1.2990506
1743.41,1.2988323
1743.996,1.298614
1744.582,1.298396
1745.168,1.298178
1745.754,1.29796
1746.34,1.2977422
1746.926,1.2975246
1747.512,1.297307
1748.098,1.2970896
1748.684,1.2968723
1749.27,1.2966551
1749.856,1.2964379
1750.442,1.2962209
1751.028,1.2960039
1751.614,1.2957872
1752.2,1.2955705
1752.786,1.2953539
1753.372,1.2951375
1753.958,1.2949212
1754.544,1.2947048
1755.13,1.2944887
1755.716,1.2942727
1756.302,1.2940568
1756.888,1.2938409
1757.474,1.2936252
1758.06,1.2934096
1758.646,1.2931941
1759.232,1.2929788
1759.818,1.2927635
1760.404,1.2925483
1760.99,1.2923331
1761.576,1.2921182
1762.162,1.2919034
1762.748,1.2916887
1763.334,1.291474
1763.92,1.2912594
1764.506,1.2910451
1765.092,1.2908307
1765.678,1.2906165
1766.264,1.2904024
1766.85,1.2901884
1767.436,1.2899746
1768.022,1.2897607
1768.608,1.2895471
1769.194,1.2893335
1769.78,1.28912
1770.366,1.2889066
1770.952,1.2886934
1771.538,1.2884803
1772.124,1.2882673
1772.71,1.2880542
1773.296,1.2878414
1773.882,1.2876287
1774.468,1.2874161
1775.054,1.2872036
1775.64,1.2869911
1776.226,1.2867788
1776.812,1.2865666
1777.398,1.2863545
1777.984,1.2861426
1778.57,1.2859306
1779.156,1.2857189
1779.742,1.2855072
1780.328,1.2852956
1780.914,1.2850841
1781.5,1.2848728
1782.086,1.2846615
1782.672,1.2844504
1783.258,1.2842393
1783.844,1.2840284
1784.43,1.2838175
1785.016,1.2836068
1785.602,1.2833961
1786.188,1.2831856
1786.774,1.2829752
1787.36,1.2827649
1787.946,1.2825546
1788.532,1.2823446
1789.118,1.2821345
1789.704,1.2819246
1790.29,1.2817148
1790.876,1.2815051
1791.462,1.2812954
1792.048,1.281086
1792.634,1.2808766
1793.22,1.2806673
1793.806,1.2804581
1794.392,1.280249
1794.978,1.28004
1795.564,1.2798312
1796.15,1.2796223
1796.736,1.2794137
1797.322,1.2792051
1797.908,1.2789966
1798.494,1.2787882
1799.08,1.27858
1799.666,1.2783718
1800.252,1.2781637
1800.838,1.2779558
1801.424,1.2777479
1802.01,1.2775401
1802.596,1.2773324
1803.182,1.2771249
1803.768,1.2769173
1804.354,1.27671
1804.94,1.2765027
1805.526,1.2762955
1806.112,1.2760885
1806.698,1.2758815
1807.284,1.2756747
1807.87,1.275468
1808.456,1.2752613
1809.042,1.2750547
1809.628,1.2748483
1810.214,1.274642
1810.8,1.2744356
1811.386,1.2742295
1811.972,1.2740234
1812.558,1.2738175
1813.144,1.2736117
1813.73,1.2734059
1814.316,1.2732002
1814.902,1.2729946
1815.488,1.2727892
1816.074,1.2725838
1816.66,1.2723786
1817.246,1.2721734
1817.832,1.2719684
1818.418,1.2717634
1819.004,1.2715585
1819.59,1.2713537
1820.176,1.271149
1820.762,1.2709446
1821.348,1.27074
1821.934,1.2705357
1822.52,1.2703314
1823.106,1.2701273
1823.692,1.2699232
1824.278,1.2697192
1824.864,1.2695154
1825.45,1.2693115
1826.036,1.2691078
1826.622,1.2689043
1827.208,1.2687008
1827.794,1.2684973
1828.38,1.2682941
1828.966,1.268091
1829.552,1.2678878
1830.138,1.2676848
1830.724,1.2674819
1831.31,1.2672791
1831.896,1.2670764
1832.482,1.2668738
1833.068,1.2666713
1833.654,1.2664689
1834.24,1.2662666
1834.826,1.2660643
1835.412,1.2658622
1835.998,1.2656602
1836.584,1.2654582
1837.17,1.2652564
1837.756,1.2650547
1838.342,1.264853
1838.928,1.2646515
1839.514,1.2644501
1840.1,1.2642487
1840.686,1.2640475
1841.272,1.2638463
1841.858,1.2636452
1842.444,1.2634443
1843.03,1.2632434
1843.616,1.2630426
1844.202,1.2628419
1844.788,1.2626413
1845.374,1.2624408
1845.96,1.2622404
1846.546,1.2620401
1847.132,1.26184
1847.718,1.2616398
1848.304,1.2614398
1848.89,1.2612399
1849.476,1.2610401
1850.062,1.2608404
1850.648,1.2606407
1851.234,1.2604412
1851.82,1.2602417
1852.406,1.2600424
1852.992,1.2598431
1853.578,1.259644
1854.164,1.259445
1854.75,1.259246
1855.336,1.259047
1855.922,1.2588483
1856.508,1.2586496
1857.094,1.258451
1857.68,1.2582525
1858.266,1.2580541
1858.852,1.2578558
1859.438,1.2576575
1860.024,1.2574594
1860.61,1.2572614
1861.196,1.2570635
1861.782,1.2568656
1862.368,1.2566679
1862.954,1.2564702
1863.54,1.2562727
1864.126,1.2560751
1864.712,1.2558779
1865.298,1.2556806
1865.884,1.2554833
1866.47,1.2552862
1867.056,1.2550892
1867.642,1.2548923
1868.228,1.2546955
1868.814,1.2544987
1869.4,1.2543021
1869.986,1.2541056
1870.572,1.2539091
1871.158,1.2537128
1871.744,1.2535164
1872.33,1.2533203
1872.916,1.2531242
1873.502,1.2529283
1874.088,1.2527323
1874.674,1.2525365
1875.26,1.2523408
1875.846,1.2521452
1876.432,1.2519497
1877.018,1.2517542
1877.604,1.2515589
1878.19,1.2513636
1878.776,1.2511684
1879.362,1.2509733
1879.948,1.2507783
1880.534,1.2505834
1881.12,1.2503886
1881.706,1.250194
1882.292,1.2499993
1882.878,1.2498047
1883.464,1.2496103
1884.05,1.249416
1884.636,1.2492217
1885.222,1.2490276
1885.808,1.2488335
1886.394,1.2486396
1886.98,1.2484456
1887.566,1.2482518
1888.152,1.2480581
1888.738,1.2478645
1889.324,1.247671
1889.91,1.2474775
1890.496,1.2472842
1891.082,1.2470908
1891.668,1.2468977
1892.254,1.2467046
1892.84,1.2465116
1893.426,1.2463187
1894.012,1.2461259
1894.598,1.2459332
1895.184,1.2457405
1895.77,1.245548
1896.356,1.2453555
1896.942,1.2451632
1897.528,1.2449709
1898.114,1.2447786
1898.7,1.2445866
1899.286,1.2443945
1899.872,1.2442026
1900.458,1.2440108
1901.044,1.243819
1901.63,1.2436274
1902.216,1.2434359
1902.802,1.2432443
1903.388,1.243053
1903.974,1.2428616
1904.56,1.2426704
1905.146,1.2424793
1905.732,1.2422882
1906.318,1.2420973
1906.904,1.2419064
1907.49,1.2417157
1908.076,1.2415249
1908.662,1.2413343
1909.248,1.2411438
1909.834,1.2409534
1910.42,1.2407631
1911.006,1.2405728
1911.592,1.2403827
1912.178,1.2401925
1912.764,1.2400026
1913.35,1.2398127
1913.936,1.2396228
1914.522,1.2394332
1915.108,1.2392435
1915.694,1.239054
1916.28,1.2388645
1916.866,1.2386751
1917.452,1.2384858
1918.038,1.2382966
1918.624,1.2381074
1919.21,1.2379185
1919.796,1.2377295
1920.382,1.2375407
1920.968,1.2373519
1921.554,1.2371632
1922.14,1.2369746
1922.726,1.2367861
1923.312,1.2365977
1923.898,1.2364093
1924.484,1.2362211
1925.07,1.236033
1925.656,1.2358449
1926.242,1.2356569
1926.828,1.2354689
1927.414,1.2352811
1928,1.2350934
1928.586,1.2349057
1929.172,1.2347181
1929.758,1.2345307
1930.344,1.2343433
1930.93,1.2341559
1931.516,1.2339687
1932.102,1.2337816
1932.688,1.2335945
1933.274,1.2334075
1933.86,1.2332207
1934.446,1.2330339
1935.032,1.2328471
1935.618,1.2326605
1936.204,1.232474
1936.79,1.2322875
1937.376,1.2321011
1937.962,1.2319148
1938.548,1.2317287
1939.134,1.2315425
1939.72,1.2313564
1940.306,1.2311705
1940.892,1.2309846
1941.478,1.2307988
1942.064,1.2306131
1942.65,1.2304275
1943.236,1.230242
1943.822,1.2300565
1944.408,1.2298712
1944.994,1.2296859
1945.58,1.2295007
1946.166,1.2293155
1946.752,1.2291305
1947.338,1.2289455
1947.924,1.2287607
1948.51,1.2285759
1949.096,1.2283912
1949.682,1.2282066
1950.268,1.2280221
1950.854,1.2278376
1951.44,1.2276533
1952.026,1.227469
1952.612,1.2272848
1953.198,1.2271006
1953.784,1.2269167
1954.37,1.2267326
1954.956,1.2265488
1955.542,1.226365
1956.128,1.2261813
1956.714,1.2259977
1957.3,1.2258141
1957.886,1.2256306
1958.472,1.2254473
1959.058,1.225264
1959.644,1.2250808
1960.23,1.2248976
1960.816,1.2247146
1961.402,1.2245317
1961.988,1.2243488
1962.574,1.224166
1963.16,1.2239833
1963.746,1.2238007
1964.332,1.223618
1964.918,1.2234356
1965.504,1.2232533
1966.09,1.2230709
1966.676,1.2228887
1967.262,1.2227066
1967.848,1.2225245
1968.434,1.2223425
1969.02,1.2221606
1969.606,1.2219788
1970.192,1.221797
1970.778,1.2216153
1971.364,1.2214338
1971.95,1.2212523
1972.536,1.2210709
1973.122,1.2208896
1973.708,1.2207084
1974.294,1.2205272
1974.88,1.2203461
1975.466,1.220165
1976.052,1.2199841
1976.638,1.2198032
1977.224,1.2196225
1977.81,1.2194418
1978.396,1.2192612
1978.982,1.2190807
1979.568,1.2189002
1980.154,1.2187198
1980.74,1.2185396
1981.326,1.2183594
1981.912,1.2181792
1982.498,1.2179992
1983.084,1.2178192
1983.67,1.2176393
1984.256,1.2174596
1984.842,1.2172798
1985.428,1.2171001
1986.014,1.2169205
1986.6,1.2167411
1987.186,1.2165617
1987.772,1.2163823
1988.358,1.2162031
1988.944,1.2160239
1989.53,1.2158449
1990.116,1.2156658
1990.702,1.2154869
1991.288,1.2153081
1991.874,1.2151293
1992.46,1.2149506
1993.046,1.2147719
1993.632,1.2145934
1994.218,1.214415
1994.804,1.2142365
1995.39,1.2140583
1995.976,1.2138801
1996.562,1.2137018
1997.148,1.2135237
1997.734,1.2133458
1998.32,1.2131679
1998.906,1.21299
1999.492,1.2128123
2000.078,1.2126347
2000.664,1.2124571
2001.25,1.2122794
2001.836,1.2121021
2002.422,1.2119247
2003.008,1.2117474
2003.594,1.2115701
2004.18,1.2113931
2004.766,1.211216
2005.352,1.2110391
2005.938,1.2108622
2006.524,1.2106854
2007.11,1.2105086
2007.696,1.2103319
2008.282,1.2101554
2008.868,1.2099788
2009.454,1.2098024
2010.04,1.2096261
2010.626,1.2094498
2011.212,1.2092736
2011.798,1.2090974
2012.384,1.2089214
2012.97,1.2087454
2013.556,1.2085695
2014.142,1.2083937
2014.728,1.208218
2015.314,1.2080423
2015.9,1.2078667
2016.486,1.2076912
2017.072,1.2075157
2017.658,1.2073405
2018.244,1.2071651
2018.83,1.2069899
2019.416,1.2068148
2020.002,1.2066398
2020.588,1.2064648
2021.174,1.2062899
2021.76,1.206115
2022.346,1.2059404
2022.932,1.2057656
2023.518,1.2055911
2024.104,1.2054166
2024.69,1.205242
2025.276,1.2050676
2025.862,1.2048935
2026.448,1.2047192
2027.034,1.204545
2027.62,1.204371
2028.206,1.204197
2028.792,1.2040231
2029.378,1.2038493
2029.964,1.2036755
2030.55,1.2035018
2031.136,1.2033283
2031.722,1.2031547
2032.308,1.2029812
2032.894,1.2028078
2033.48,1.2026345
2034.066,1.2024612
2034.652,1.2022882
2035.238,1.2021151
2035.824,1.201942
2036.41,1.2017691
2036.996,1.2015963
2037.582,1.2014234
2038.168,1.2012507
2038.754,1.2010781
2039.34,1.2009056
2039.926,1.2007331
2040.512,1.2005606
2041.098,1.2003883
2041.684,1.2002161
2042.27,1.2000438
2042.856,1.1998717
2043.442,1.1996996
2044.028,1.1995276
2044.614,1.1993557
2045.2,1.1991839
2045.786,1.1990123
2046.372,1.1988405
2046.958,1.198669
2047.544,1.1984974
2048.13,1.198326
2048.716,1.1981546
2049.302,1.1979833
2049.888,1.1978121
2050.474,1.1976409
2051.06,1.1974698
2051.646,1.1972988
2052.232,1.1971278
2052.818,1.196957
2053.404,1.1967862
2053.99,1.1966155
2054.576,1.1964449
2055.162,1.1962743
2055.748,1.1961038
2056.334,1.1959333
2056.92,1.195763
2057.506,1.1955928
2058.092,1.1954225
2058.678,1.1952524
2059.264,1.1950823
2059.85,1.1949123
2060.436,1.1947424
2061.022,1.1945726
2061.608,1.1944028
2062.194,1.1942332
2062.78,1.1940635
2063.366,1.1938939
2063.952,1.1937245
2064.538,1.1935551
2065.124,1.1933857
2065.71,1.1932164
2066.296,1.1930473
2066.882,1.1928781
2067.468,1.1927091
2068.054,1.1925402
2068.64,1.1923712
2069.226,1.1922023
2069.812,1.1920336
2070.398,1.191865
2070.984,1.1916963
2071.57,1.1915278
2072.156,1.1913593
2072.742,1.191191
2073.328,1.1910226
2073.914,1.1908543
2074.5,1.1906861
2075.086,1.190518
2075.672,1.1903501
2076.258,1.190182
2076.844,1.1900141
2077.43,1.1898463
2078.016,1.1896785
2078.602,1.1895108
2079.188,1.1893432
2079.774,1.1891757
2080.36,1.1890082
2080.946,1.1888407
2081.532,1.1886735
2082.118,1.1885062
2082.704,1.188339
2083.29,1.1881719
2083.876,1.1880049
2084.462,1.1878378
2085.048,1.1876709
2085.634,1.1875042
2086.22,1.1873373
2086.806,1.1871706
2087.392,1.187004
2087.978,1.1868374
2088.564,1.186671
2089.15,1.1865046
2089.736,1.1863382
2090.322,1.1861719
2090.908,1.1860057
2091.494,1.1858395
2092.08,1.1856735
2092.666,1.1855075
2093.252,1.1853416
2093.838,1.1851758
2094.424,1.18501
2095.01,1.1848443
2095.596,1.1846786
2096.182,1.184513
2096.768,1.1843475
2097.354,1.184182
2097.94,1.1840167
2098.526,1.1838515
2099.112,1.1836863
2099.698,1.183521
2100.284,1.1833559
2100.87,1.1831909
2101.456,1.183026
2102.042,1.1828611
2102.628,1.1826962
2103.214,1.1825315
2103.8,1.1823668
2104.386,1.1822022
2104.972,1.1820377
2105.558,1.1818732
2106.144,1.1817088
2106.73,1.1815445
2107.316,1.1813803
2107.902,1.181216
2108.488,1.181052
2109.074,1.1808878
2109.66,1.1807239
2110.246,1.18056
2110.832,1.1803961
2111.418,1.1802323
2112.004,1.1800686
2112.59,1.1799049
2113.176,1.1797414
2113.762,1.1795778
2114.348,1.1794144
2114.934,1.1792511
2115.52,1.1790878
2116.106,1.1789244
2116.692,1.1787614
2117.278,1.1785983
2117.864,1.1784352
2118.45,1.1782722
2119.036,1.1781093
2119.622,1.1779466
2120.208,1.1777837
2120.794,1.177621
2121.38,1.1774584
2121.966,1.1772959
2122.552,1.1771333
2123.138,1.176971
2123.724,1.1768086
2124.31,1.1766464
2124.896,1.1764841
2125.482,1.176322
2126.068,1.1761599
2126.654,1.1759979
2127.24,1.1758358
2127.826,1.175674
2128.412,1.1755122
2128.998,1.1753504
2129.584,1.1751887
2130.17,1.1750271
2130.756,1.1748656
2131.342,1.1747041
2131.928,1.1745427
2132.514,1.1743813
2133.1,1.17422
2133.686,1.1740588
2134.272,1.1738976
2134.858,1.1737366
2135.444,1.1735755
2136.03,1.1734146
2136.616,1.1732537
2137.202,1.1730928
2137.788,1.1729321
2138.374,1.1727715
2138.96,1.1726108
2139.546,1.1724503
2140.132,1.1722898
2140.718,1.1721294
2141.304,1.1719691
2141.89,1.1718087
2142.476,1.1716485
2143.062,1.1714883
2143.648,1.1713282
2144.234,1.1711682
2144.82,1.1710082
2145.406,1.1708484
2145.992,1.1706885
2146.578,1.1705288
2147.164,1.170369
2147.75,1.1702094
2148.336,1.1700499
2148.922,1.1698904
2149.508,1.1697309
2150.094,1.1695715
2150.68,1.1694123
2151.266,1.169253
2151.852,1.1690938
2152.438,1.1689347
2153.024,1.1687757
2153.61,1.1686167
2154.196,1.1684579
2154.782,1.168299
2155.368,1.1681402
2155.954,1.1679815
2156.54,1.1678228
2157.126,1.1676642
2157.712,1.1675056
2158.298,1.1673471
2158.884,1.1671886
2159.47,1.1670301
2160.056,1.1668718
2160.642,1.1667135
2161.228,1.1665553
2161.814,1.1663972
2162.4,1.166239
2162.986,1.1660811
2163.572,1.1659231
2164.158,1.1657652
2164.744,1.1656073
2165.33,1.1654496
2165.916,1.1652919
2166.502,1.1651342
2167.088,1.1649767
2167.674,1.1648191
2168.26,1.1646616
2168.846,1.1645043
2169.432,1.1643471
2170.018,1.1641897
2170.604,1.1640326
2171.19,1.1638755
2171.776,1.1637183
2172.362,1.1635613
2172.948,1.1634045
2173.534,1.1632475
2174.12,1.1630907
2174.706,1.1629339
2175.292,1.1627773
2175.878,1.1626207
2176.464,1.1624641
2177.05,1.1623076
2177.636,1.1621512
2178.222,1.1619948
2178.808,1.1618385
2179.394,1.1616822
2179.98,1.1615261
2180.566,1.16137
2181.152,1.161214
2181.738,1.1610579
2182.324,1.160902
2182.91,1.1607461
2183.496,1.1605904
2184.082,1.1604346
2184.668,1.1602789
2185.254,1.1601233
2185.84,1.1599678
2186.426,1.1598123
2187.012,1.1596569
2187.598,1.1595016
2188.184,1.1593462
2188.77,1.159191
2189.356,1.1590358
2189.942,1.1588807
2190.528,1.1587256
2191.114,1.1585706
2191.7,1.1584158
2192.286,1.1582608
2192.872,1.1581061
2193.458,1.1579514
2194.044,1.1577966
2194.63,1.157642
2195.216,1.1574875
2195.802,1.157333
2196.388,1.1571785
2196.974,1.1570243
2197.56,1.1568699
2198.146,1.1567156
2198.732,1.1565615
2199.318,1.1564074
2199.904,1.1562533
2200.49,1.1560993
2201.076,1.1559454
2201.662,1.1557915
2202.248,1.1556377
2202.834,1.155484
2203.42,1.1553303
2204.006,1.1551766
2204.592,1.1550231
2205.178,1.1548696
2205.764,1.1547161
2206.35,1.1545627
2206.936,1.1544094
2207.522,1.1542562
2208.108,1.154103
2208.694,1.1539499
2209.28,1.1537968
2209.866,1.1536437
2210.452,1.1534908
2211.038,1.153338
2211.624,1.1531851
2212.21,1.1530323
2212.796,1.1528796
2213.382,1.152727
2213.968,1.1525744
2214.554,1.1524218
2215.14,1.1522694
2215.726,1.152117
2216.312,1.1519647
2216.898,1.1518123
2217.484,1.1516601
2218.07,1.151508
2218.656,1.1513559
2219.242,1.1512039
2219.828,1.1510519
2220.414,1.1509
2221,1.1507481
2221.586,1.1505963
2222.172,1.1504445
2222.758,1.1502929
2223.344,1.1501412
2223.93,1.1499897
2224.516,1.1498382
2225.102,1.1496867
2225.688,1.1495354
2226.274,1.149384
2226.86,1.1492327
2227.446,1.1490816
2228.032,1.1489304
2228.618,1.1487794
2229.204,1.1486284
2229.79,1.1484774
2230.376,1.1483265
2230.962,1.1481756
2231.548,1.1480249
2232.134,1.1478741
2232.72,1.1477234
2233.306,1.1475729
2233.892,1.1474223
2234.478,1.1472719
2235.064,1.1471214
2235.65,1.1469711
2236.236,1.1468208
2236.822,1.1466705
2237.408,1.1465204
2237.994,1.1463702
2238.58,1.1462201
2239.166,1.1460701
2239.752,1.1459202
2240.338,1.1457703
2240.924,1.1456205
2241.51,1.1454706
2242.096,1.1453209
2242.682,1.1451713
2243.268,1.1450217
2243.854,1.1448722
2244.44,1.1447227
2245.026,1.1445732
2245.612,1.144424
2246.198,1.1442746
2246.784,1.1441253
2247.37,1.1439762
2247.956,1.1438271
2248.542,1.1436779
2249.128,1.1435289
2249.714,1.14338
2250.3,1.1432312
2250.886,1.1430823
2251.472,1.1429335
2252.058,1.1427848
2252.644,1.1426361
2253.23,1.1424875
2253.816,1.142339
2254.402,1.1421905
2254.988,1.142042
2255.574,1.1418936
2256.16,1.1417453
2256.746,1.1415972
2257.332,1.141449
2257.918,1.1413008
2258.504,1.1411527
2259.09,1.1410047
2259.676,1.1408567
2260.262,1.1407088
2260.848,1.140561
2261.434,1.1404132
2262.02,1.1402655
2262.606,1.1401178
2263.192,1.1399702
2263.778,1.1398226
2264.364,1.139675
2264.95,1.1395277
2265.536,1.1393802
2266.122,1.1392329
2266.708,1.1390857
2267.294,1.1389384
2267.88,1.1387912
2268.466,1.1386441
2269.052,1.1384971
2269.638,1.1383501
2270.224,1.1382031
2270.81,1.1380563
2271.396,1.1379095
2271.982,1.1377628
2272.568,1.137616
2273.154,1.1374694
2273.74,1.1373228
2274.326,1.1371763
2274.912,1.1370298
2275.498,1.1368834
2276.084,1.136737
2276.67,1.1365907
2277.256,1.1364444
2277.842,1.1362983
2278.428,1.1361521
2279.014,1.1360061
2279.6,1.1358601
2280.186,1.1357141
2280.772,1.1355681
2281.358,1.1354223
2281.944,1.1352766
2282.53,1.1351308
2283.116,1.1349851
2283.702,1.1348395
2284.288,1.1346939
2284.874,1.1345484
2285.46,1.134403
2286.046,1.1342576
2286.632,1.1341122
2287.218,1.1339669
2287.804,1.1338216
2288.39,1.1336765
2288.976,1.1335313
2289.562,1.1333864
2290.148,1.1332413
2290.734,1.1330963
2291.32,1.1329515
2291.906,1.1328067
2292.492,1.1326618
2293.078,1.1325171
2293.664,1.1323725
2294.25,1.1322278
2294.836,1.1320833
2295.422,1.1319387
2296.008,1.1317943
2296.594,1.1316499
2297.18,1.1315055
2297.766,1.1313612
2298.352,1.131217
2298.938,1.1310729
2299.524,1.1309288
2300.11,1.1307846
2300.696,1.1306406
2301.282,1.1304967
2301.868,1.1303529
2302.454,1.130209
2303.04,1.1300652
2303.626,1.1299214
2304.212,1.1297778
2304.798,1.1296341
2305.384,1.1294906
2305.97,1.1293471
2306.556,1.1292037
2307.142,1.1290603
2307.728,1.1289169
2308.314,1.1287736
2308.9,1.1286304
2309.486,1.1284871
2310.072,1.1283441
2310.658,1.128201
2311.244,1.128058
2311.83,1.127915
2312.416,1.1277721
2313.002,1.1276293
2313.588,1.1274865
2314.174,1.1273437
2314.76,1.127201
2315.346,1.1270584
2315.932,1.1269157
2316.518,1.1267732
2317.104,1.1266308
2317.69,1.1264883
2318.276,1.126346
2318.862,1.1262037
2319.448,1.1260614
2320.034,1.1259192
2320.62,1.125777
2321.206,1.125635
2321.792,1.1254929
2322.378,1.125351
2322.964,1.125209
2323.55,1.1250671
2324.136,1.1249254
2324.722,1.1247835
2325.308,1.1246418
2325.894,1.1245002
2326.48,1.1243585
2327.066,1.124217
2327.652,1.1240755
2328.238,1.123934
2328.824,1.1237926
2329.41,1.1236514
2329.996,1.12351
2330.582,1.1233689
2331.168,1.1232276
2331.754,1.1230865
2332.34,1.1229454
2332.926,1.1228044
2333.512,1.1226634
2334.098,1.1225225
2334.684,1.1223817
2335.27,1.1222409
2335.856,1.1221001
2336.442,1.1219594
2337.028,1.1218188
2337.614,1.1216781
2338.2,1.1215377
2338.786,1.1213971
2339.372,1.1212567
2339.958,1.1211164
2340.544,1.1209761
2341.13,1.1208358
2341.716,1.1206955
2342.302,1.1205553
2342.888,1.1204152
2343.474,1.1202753
2344.06,1.1201352
2344.646,1.1199952
2345.232,1.1198553
2345.818,1.1197155
2346.404,1.1195756
2346.99,1.1194359
2347.576,1.1192962
2348.162,1.1191566
2348.748,1.119017
2349.334,1.1188774
2349.92,1.1187379
2350.506,1.1185986
2351.092,1.1184592
2351.678,1.1183199
2352.264,1.1181806
2352.85,1.1180414
2353.436,1.1179022
2354.022,1.117763
2354.608,1.117624
2355.194,1.117485
2355.78,1.117346
2356.366,1.1172072
2356.952,1.1170683
2357.538,1.1169294
2358.124,1.1167908
2358.71,1.116652
2359.296,1.1165134
2359.882,1.1163749
2360.468,1.1162362
2361.054,1.1160978
2361.64,1.1159593
2362.226,1.1158209
2362.812,1.1156826
2363.398,1.1155443
2363.984,1.115406
2364.57,1.1152679
2365.156,1.1151298
2365.742,1.1149917
2366.328,1.1148536
2366.914,1.1147157
2367.5,1.1145778
2368.086,1.1144398
2368.672,1.114302
2369.258,1.1141644
2369.844,1.1140265
2370.43,1.113889
2371.016,1.1137513
2371.602,1.1136137
2372.188,1.1134763
2372.774,1.1133388
2373.36,1.1132014
2373.946,1.1130641
2374.532,1.1129267
2375.118,1.1127894
2375.704,1.1126523
2376.29,1.1125151
2376.876,1.112378
2377.462,1.112241
2378.048,1.1121039
2378.634,1.111967
2379.22,1.1118301
2379.806,1.1116933
2380.392,1.1115564
2380.978,1.1114197
2381.564,1.1112831
2382.15,1.1111463
2382.736,1.1110098
2383.322,1.1108732
2383.908,1.1107367
2384.494,1.1106004
2385.08,1.110464
2385.666,1.1103276
2386.252,1.1101913
2386.838,1.1100551
2387.424,1.1099188
2388.01,1.1097827
2388.596,1.1096467
2389.182,1.1095107
2389.768,1.1093746
2390.354,1.1092387
2390.94,1.1091028
2391.526,1.1089669
2392.112,1.1088312
2392.698,1.1086955
2393.284,1.1085597
2393.87,1.1084242
2394.456,1.1082885
2395.042,1.108153
2395.628,1.1080176
2396.214,1.1078821
2396.8,1.1077467
2397.386,1.1076114
2397.972,1.1074761
2398.558,1.1073409
2399.144,1.1072056
2399.73,1.1070704
2400.316,1.1069351
2400.902,1.1068001
2401.488,1.1066649
2402.074,1.10653
2402.66,1.1063949
2403.246,1.1062599
2403.832,1.106125
2404.418,1.1059902
2405.004,1.1058555
2405.59,1.1057206
2406.176,1.1055859
2406.762,1.1054512
2407.348,1.1053168
2407.934,1.1051822
2408.52,1.1050476
2409.106,1.1049131
2409.692,1.1047788
2410.278,1.1046444
2410.864,1.1045101
2411.45,1.1043758
2412.036,1.1042416
2412.622,1.1041075
2413.208,1.1039734
2413.794,1.1038393
2414.38,1.1037053
2414.966,1.1035713
2415.552,1.1034374
2416.138,1.1033036
2416.724,1.1031697
2417.31,1.103036
2417.896,1.1029022
2418.482,1.1027685
2419.068,1.1026349
2419.654,1.1025014
2420.24,1.1023679
2420.826,1.1022344
2421.412,1.102101
2421.998,1.1019676
2422.584,1.1018343
2423.17,1.101701
2423.756,1.1015677
2424.342,1.1014346
2424.928,1.1013014
2425.514,1.1011684
2426.1,1.1010354
2426.686,1.1009023
2427.272,1.1007694
2427.858,1.1006365
2428.444,1.1005037
2429.03,1.1003709
2429.616,1.1002381
2430.202,1.1001054
2430.788,1.0999727
2431.374,1.0998402
2431.96,1.0997076
2432.546,1.099575
2433.132,1.0994426
2433.718,1.0993103
2434.304,1.0991778
2434.89,1.0990456
2435.476,1.0989133
2436.062,1.0987811
2436.648,1.0986489
2437.234,1.0985168
2437.82,1.0983847
2438.406,1.0982527
2438.992,1.0981207
2439.578,1.0979887
2440.164,1.0978569
2440.75,1.097725
2441.336,1.0975933
2441.922,1.0974616
2442.508,1.0973299
2443.094,1.0971982
2443.68,1.0970666
2444.266,1.096935
2444.852,1.0968035
2445.438,1.0966722
2446.024,1.0965407
2446.61,1.0964093
2447.196,1.0962781
2447.782,1.0961468
2448.368,1.0960156
2448.954,1.0958844
2449.54,1.0957533
2450.126,1.0956222
2450.712,1.0954912
2451.298,1.0953603
2451.884,1.0952293
2452.47,1.0950984
2453.056,1.0949676
2453.642,1.0948368
2454.228,1.0947061
2454.814,1.0945754
2455.4,1.0944448
2455.986,1.0943141
2456.572,1.0941836
2457.158,1.094053
2457.744,1.0939226
2458.33,1.0937922
2458.916,1.0936618
2459.502,1.0935315
2460.088,1.0934012
2460.674,1.093271
2461.26,1.0931408
2461.846,1.0930107
2462.432,1.0928806
2463.018,1.0927505
2463.604,1.0926206
2464.19,1.0924907
2464.776,1.0923607
2465.362,1.0922309
2465.948,1.0921011
2466.534,1.0919713
2467.12,1.0918416
2467.706,1.091712
2468.292,1.0915823
2468.878,1.0914527
2469.464,1.0913233
2470.05,1.0911937
2470.636,1.0910643
2471.222,1.0909349
2471.808,1.0908055
2472.394,1.0906763
2472.98,1.0905471
2473.566,1.0904179
2474.152,1.0902886
2474.738,1.0901595
2475.324,1.0900306
2475.91,1.0899016
2476.496,1.0897726
2477.082,1.0896436
2477.668,1.0895147
2478.254,1.0893859
2478.84,1.0892571
2479.426,1.0891284
2480.012,1.0889997
2480.598,1.088871
2481.184,1.0887425
2481.77,1.0886139
2482.356,1.0884854
2482.942,1.0883569
2483.528,1.0882285
2484.114,1.0881001
2484.7,1.0879718
2485.286,1.0878435
2485.872,1.0877153
2486.458,1.0875871
2487.044,1.087459
2487.63,1.0873308
2488.216,1.0872028
2488.802,1.0870748
2489.388,1.0869468
2489.974,1.0868189
2490.56,1.086691
2491.146,1.0865632
2491.732,1.0864354
2492.318,1.0863076
2492.904,1.08618
2493.49,1.0860523
2494.076,1.0859247
2494.662,1.0857972
2495.248,1.0856698
2495.834,1.0855422
2496.42,1.0854148
2497.006,1.0852875
2497.592,1.0851601
2498.178,1.0850328
2498.764,1.0849056
2499.35,1.0847784
2499.936,1.0846512
2500.522,1.0845242
2501.108,1.0843971
2501.694,1.0842701
2502.28,1.0841432
2502.866,1.0840162
2503.452,1.0838892
2504.038,1.0837625
2504.624,1.0836357
2505.21,1.083509
2505.796,1.0833822
2506.382,1.0832555
2506.968,1.0831289
2507.554,1.0830024
2508.14,1.082876
2508.726,1.0827495
2509.312,1.082623
2509.898,1.0824966
2510.484,1.0823703
2511.07,1.0822439
2511.656,1.0821177
2512.242,1.0819916
2512.828,1.0818653
2513.414,1.0817392
2514,1.0816132
2514.586,1.0814872
2515.172,1.0813612
2515.758,1.0812352
2516.344,1.0811093
2516.93,1.0809835
2517.516,1.0808576
2518.102,1.0807319
2518.688,1.0806062
2519.274,1.0804806
2519.86,1.0803549
2520.446,1.0802293
2521.032,1.0801038
2521.618,1.0799782
2522.204,1.0798528
2522.79,1.0797274
2523.376,1.079602
2523.962,1.0794767
2524.548,1.0793514
2525.134,1.0792263
2525.72,1.0791011
2526.306,1.0789759
2526.892,1.0788507
2527.478,1.0787257
2528.064,1.0786008
2528.65,1.0784757
2529.236,1.0783508
2529.822,1.078226
2530.408,1.078101
2530.994,1.0779762
2531.58,1.0778515
2532.166,1.0777268
2532.752,1.0776021
2533.338,1.0774776
2533.924,1.077353
2534.51,1.0772284
2535.096,1.077104
2535.682,1.0769795
2536.268,1.0768551
2536.854,1.0767307
2537.44,1.0766065
2538.026,1.0764822
2538.612,1.076358
2539.198,1.0762337
2539.784,1.0761096
2540.37,1.0759856
2540.956,1.0758615
2541.542,1.0757375
2542.128,1.0756135
2542.714,1.0754895
2543.3,1.0753657
2543.886,1.0752418
2544.472,1.0751181
2545.058,1.0749943
2545.644,1.0748706
2546.23,1.074747
2546.816,1.0746232
2547.402,1.0744997
2547.988,1.0743762
2548.574,1.0742527
2549.16,1.0741292
2549.746,1.0740058
2550.332,1.0738825
2550.918,1.0737592
2551.504,1.0736358
2552.09,1.0735127
2552.676,1.0733894
2553.262,1.0732663
2553.848,1.0731431
2554.434,1.0730201
2555.02,1.0728971
2555.606,1.0727741
2556.192,1.0726511
2556.778,1.0725282
2557.364,1.0724055
2557.95,1.0722827
2558.536,1.0721599
2559.122,1.0720371
2559.708,1.0719144
2560.294,1.0717918
2560.88,1.0716692
2561.466,1.0715467
2562.052,1.0714241
2562.638,1.0713017
2563.224,1.0711793
2563.81,1.0710568
2564.396,1.0709345
2564.982,1.0708122
2565.568,1.07069
2566.154,1.0705677
2566.74,1.0704455
2567.326,1.0703235
2567.912,1.0702014
2568.498,1.0700793
2569.084,1.0699574
2569.67,1.0698354
2570.256,1.0697135
2570.842,1.0695915
2571.428,1.0694697
2572.014,1.069348
2572.6,1.0692263
2573.186,1.0691044
2573.772,1.0689828
2574.358,1.0688611
2574.944,1.0687397
2575.53,1.0686181
2576.116,1.0684966
2576.702,1.0683751
2577.288,1.0682538
2577.874,1.0681324
2578.46,1.068011
2579.046,1.0678897
2579.632,1.0677685
2580.218,1.0676472
2580.804,1.0675261
2581.39,1.067405
2581.976,1.0672839
2582.562,1.0671629
2583.148,1.0670419
2583.734,1.0669209
2584.32,1.0668
2584.906,1.0666791
2585.492,1.0665582
2586.078,1.0664375
2586.664,1.0663167
2587.25,1.066196
2587.836,1.0660753
2588.422,1.0659547
2589.008,1.0658342
2589.594,1.0657136
2590.18,1.0655931
2590.766,1.0654726
2591.352,1.0653522
2591.938,1.0652318
2592.524,1.0651115
2593.11,1.0649912
2593.696,1.064871
2594.282,1.0647508
2594.868,1.0646306
2595.454,1.0645105
2596.04,1.0643904
2596.626,1.0642704
2597.212,1.0641503
2597.798,1.0640303
2598.384,1.0639105
2598.97,1.0637906
2599.556,1.0636708
2600.142,1.0635509
2600.728,1.0634311
2601.314,1.0633115
2601.9,1.0631918
2602.486,1.0630721
2603.072,1.0629525
2603.658,1.0628328
2604.244,1.0627133
2604.83,1.0625937
2605.416,1.062474
2606.002,1.0623546
2606.588,1.0622351
2607.174,1.0621157
2607.76,1.0619962
2608.346,1.0618769
2608.932,1.0617576
2609.518,1.0616382
2610.104,1.061519
2610.69,1.0613998
2611.276,1.0612806
2611.862,1.0611615
2612.448,1.0610424
2613.034,1.0609235
2613.62,1.0608044
2614.206,1.0606855
2614.792,1.0605665
2615.378,1.0604477
2615.964,1.0603288
2616.55,1.06021
2617.136,1.0600913
2617.722,1.0599725
2618.308,1.0598539
2618.894,1.0597352
2619.48,1.0596167
2620.066,1.0594981
2620.652,1.0593796
2621.238,1.0592611
2621.824,1.0591427
2622.41,1.0590242
2622.996,1.058906
2623.582,1.0587876
2624.168,1.0586693
2624.754,1.0585511
2625.34,1.0584329
2625.926,1.0583148
2626.512,1.0581967
2627.098,1.0580785
2627.684,1.0579605
2628.27,1.0578425
2628.856,1.0577246
2629.442,1.0576067
2630.028,1.0574888
2630.614,1.0573709
2631.2,1.0572531
2631.786,1.0571353
2632.372,1.0570177
2632.958,1.0569
2633.544,1.0567824
2634.13,1.0566647
2634.716,1.0565472
2635.302,1.0564297
2635.888,1.0563122
2636.474,1.0561948
2637.06,1.0560774
2637.646,1.0559599
2638.232,1.0558426
2638.818,1.0557253
2639.404,1.0556082
2639.99,1.055491
2640.576,1.0553738
2641.162,1.0552566
2641.748,1.0551395
2642.334,1.0550225
2642.92,1.0549055
2643.506,1.0547886
2644.092,1.0546716
2644.678,1.0545547
2645.264,1.0544379
2645.85,1.0543211
2646.436,1.0542043
2647.022,1.0540875
2647.608,1.0539709
2648.194,1.0538542
2648.78,1.0537376
2649.366,1.0536211
2649.952,1.0535045
2650.538,1.053388
2651.124,1.0532715
2651.71,1.0531552
2652.296,1.0530387
2652.882,1.0529224
2653.468,1.0528061
2654.054,1.0526898
2654.64,1.0525737
2655.226,1.0524575
2655.812,1.0523412
2656.398,1.0522252
2656.984,1.0521091
2657.57,1.051993
2658.156,1.051877
2658.742,1.0517612
2659.328,1.0516453
2659.914,1.0515293
2660.5,1.0514135
2661.086,1.0512977
2661.672,1.0511819
2662.258,1.0510663
2662.844,1.0509505
2663.43,1.0508349
2664.016,1.0507193
2664.602,1.0506037
2665.188,1.0504882
2665.774,1.0503727
2666.36,1.0502572
2666.946,1.0501418
2667.532,1.0500265
2668.118,1.0499111
2668.704,1.0497959
2669.29,1.0496806
2669.876,1.0495653
2670.462,1.0494502
2671.048,1.049335
2671.634,1.04922
2672.22,1.0491048
2672.806,1.0489898
2673.392,1.0488749
2673.978,1.0487599
2674.564,1.048645
2675.15,1.0485301
2675.736,1.0484153
2676.322,1.0483005
2676.908,1.0481857
2677.494,1.0480709
2678.08,1.0479563
2678.666,1.0478417
2679.252,1.047727
2679.838,1.0476124
2680.424,1.0474979
2681.01,1.0473834
2681.596,1.047269
2682.182,1.0471545
2682.768,1.0470402
2683.354,1.0469258
2683.94,1.0468115
2684.526,1.0466973
2685.112,1.0465831
2685.698,1.0464689
2686.284,1.0463547
2686.87,1.0462406
2687.456,1.0461265
2688.042,1.0460124
2688.628,1.0458984
2689.214,1.0457845
2689.8,1.0456705
2690.386,1.0455567
2690.972,1.0454428
2691.558,1.045329
2692.144,1.0452151
2692.73,1.0451014
2693.316,1.0449878
2693.902,1.0448741
2694.488,1.0447605
2695.074,1.0446469
2695.66,1.0445333
2696.246,1.0444198
2696.832,1.0443063
2697.418,1.0441929
2698.004,1.0440794
2698.59,1.0439661
2699.176,1.0438528
2699.762,1.0437394
2700.348,1.0436262
2700.934,1.0435131
2701.52,1.0433998
2702.106,1.0432867
2702.692,1.0431736
2703.278,1.0430605
2703.864,1.0429475
2704.45,1.0428345
2705.036,1.0427215
2705.622,1.0426086
2706.208,1.0424957
2706.794,1.0423828
2707.38,1.0422701
2707.966,1.0421573
2708.552,1.0420445
2709.138,1.0419319
2709.724,1.0418192
2710.31,1.0417066
2710.896,1.041594
2711.482,1.0414815
2712.068,1.041369
2712.654,1.0412564
2713.24,1.041144
2713.826,1.0410316
2714.412,1.0409193
2714.998,1.0408069
2715.584,1.0406946
2716.17,1.0405824
2716.756,1.0404701
2717.342,1.0403579
2717.928,1.0402459
2718.514,1.0401337
2719.1,1.0400217
2719.686,1.0399096
2720.272,1.0397977
2720.858,1.0396856
2721.444,1.0395738
2722.03,1.0394619
2722.616,1.03935
2723.202,1.0392382
2723.788,1.0391264
2724.374,1.0390147
2724.96,1.038903
2725.546,1.0387913
2726.132,1.0386796
2726.718,1.038568
2727.304,1.0384566
2727.89,1.038345
2728.476,1.0382335
2729.062,1.0381221
2729.648,1.0380106
2730.234,1.0378993
2730.82,1.0377879
2731.406,1.0376766
2731.992,1.0375654
2732.578,1.0374541
2733.164,1.0373429
2733.75,1.0372318
2734.336,1.0371206
2734.922,1.0370095
2735.508,1.0368985
2736.094,1.0367875
2736.68,1.0366765
2737.266,1.0365655
2737.852,1.0364547
2738.438,1.0363438
2739.024,1.0362329
2739.61,1.0361221
2740.196,1.0360113
2740.782,1.0359007
2741.368,1.03579
2741.954,1.0356793
2742.54,1.0355687
2743.126,1.0354581
2743.712,1.0353476
2744.298,1.0352371
2744.884,1.0351266
2745.47,1.0350162
2746.056,1.0349057
2746.642,1.0347954
2747.228,1.034685
2747.814,1.0345747
2748.4,1.0344645
2748.986,1.0343542
2749.572,1.0342441
2750.158,1.0341339
2750.744,1.0340238
2751.33,1.0339137
2751.916,1.0338037
2752.502,1.0336937
2753.088,1.0335836
2753.674,1.0334737
2754.26,1.0333638
2754.846,1.0332539
2755.432,1.0331441
2756.018,1.0330343
2756.604,1.0329245
2757.19,1.0328149
2757.776,1.0327051
2758.362,1.0325955
2758.948,1.0324858
2759.534,1.0323763
2760.12,1.0322667
2760.706,1.0321572
2761.292,1.0320477
2761.878,1.0319383
2762.464,1.0318289
2763.05,1.0317194
2763.636,1.0316101
2764.222,1.0315008
2764.808,1.0313916
2765.394,1.0312824
2765.98,1.0311731
2766.566,1.031064
2767.152,1.0309548
2767.738,1.0308458
2768.324,1.0307367
2768.91,1.0306277
2769.496,1.0305187
2770.082,1.0304098
2770.668,1.0303009
2771.254,1.030192
2771.84,1.0300832
2772.426,1.0299743
2773.012,1.0298655
2773.598,1.0297568
2774.184,1.0296481
2774.77,1.0295395
2775.356,1.0294307
2775.942,1.0293221
2776.528,1.0292137
2777.114,1.0291051
2777.7,1.0289966
2778.286,1.0288881
2778.872,1.0287797
2779.458,1.0286713
2780.044,1.0285629
2780.63,1.0284547
2781.216,1.0283463
2781.802,1.0282381
2782.388,1.0281298
2782.974,1.0280217
2783.56,1.0279136
2784.146,1.0278054
2784.732,1.0276973
2785.318,1.0275892
2785.904,1.0274812
2786.49,1.0273733
2787.076,1.0272653
2787.662,1.0271574
2788.248,1.0270495
2788.834,1.0269417
2789.42,1.0268339
2790.006,1.0267261
2790.592,1.0266185
2791.178,1.0265107
2791.764,1.0264031
2792.35,1.0262954
2792.936,1.0261878
2793.522,1.0260803
2794.108,1.0259726
2794.694,1.0258648
2795.28,1.0257572
2795.866,1.0256497
2796.452,1.025542
2797.038,1.0254345
2797.624,1.025327
2798.21,1.0252196
2798.796,1.025112
2799.382,1.0250046
2799.968,1.0248973
2800.554,1.0247899
2801.14,1.0246826
2801.726,1.0245754
2802.312,1.0244682
2802.898,1.024361
2803.484,1.0242538
2804.07,1.0241467
2804.656,1.0240396
2805.242,1.0239326
2805.828,1.0238255
2806.414,1.0237185
2807,1.0236115
2807.586,1.0235046
2808.172,1.0233978
2808.758,1.0232909
2809.344,1.0231841
2809.93,1.0230774
2810.516,1.0229706
2811.102,1.0228639
2811.688,1.0227572
2812.274,1.0226506
2812.86,1.022544
2813.446,1.0224373
2814.032,1.0223309
2814.618,1.0222243
2815.204,1.0221179
2815.79,1.0220114
2816.376,1.0219051
2816.962,1.0217987
2817.548,1.0216924
2818.134,1.0215861
2818.72,1.0214798
2819.306,1.0213735
2819.892,1.0212674
2820.478,1.0211612
2821.064,1.0210551
2821.65,1.020949
2822.236,1.020843
2822.822,1.0207369
2823.408,1.020631
2823.994,1.020525
2824.58,1.0204191
2825.166,1.0203131
2825.752,1.0202074
2826.338,1.0201015
2826.924,1.0199958
2827.51,1.01989
2828.096,1.0197843
2828.682,1.0196786
2829.268,1.019573
2829.854,1.0194674
2830.44,1.0193617
2831.026,1.0192562
2831.612,1.0191507
2832.198,1.0190452
2832.784,1.0189397
2833.37,1.0188344
2833.956,1.018729
2834.542,1.0186237
2835.128,1.0185183
2835.714,1.0184131
2836.3,1.0183078
2836.886,1.0182027
2837.472,1.0180975
2838.058,1.0179924
2838.644,1.0178872
2839.23,1.0177822
2839.816,1.0176771
2840.402,1.0175722
2840.988,1.0174671
2841.574,1.0173622
2842.16,1.0172573
2842.746,1.0171524
2843.332,1.0170476
2843.918,1.0169427
2844.504,1.0168381
2845.09,1.0167333
2845.676,1.0166286
2846.262,1.016524
2846.848,1.0164193
2847.434,1.0163146
2848.02,1.0162101
2848.606,1.0161055
2849.192,1.0160011
2849.778,1.0158967
2850.364,1.0157921
2850.95,1.0156878
2851.536,1.0155834
2852.122,1.0154791
2852.708,1.0153748
2853.294,1.0152705
2853.88,1.0151663
2854.466,1.0150621
2855.052,1.0149579
2855.638,1.0148537
2856.224,1.0147496
2856.81,1.0146456
2857.396,1.0145415
2857.982,1.0144376
2858.568,1.0143336
2859.154,1.0142297
2859.74,1.0141257
2860.326,1.0140219
2860.912,1.013918
2861.498,1.0138142
2862.084,1.0137105
2862.67,1.0136067
2863.256,1.013503
2863.842,1.0133994
2864.428,1.0132957
2865.014,1.0131921
2865.6,1.0130885
2866.186,1.012985
2866.772,1.0128815
2867.358,1.012778
2867.944,1.0126746
2868.53,1.0125711
2869.116,1.0124677
2869.702,1.0123644
2870.288,1.012261
2870.874,1.0121578
2871.46,1.0120546
2872.046,1.0119513
2872.632,1.0118482
2873.218,1.011745
2873.804,1.0116419
2874.39,1.0115389
2874.976,1.0114357
2875.562,1.0113328
2876.148,1.0112298
2876.734,1.0111268
2877.32,1.0110239
2877.906,1.010921
2878.492,1.0108181
2879.078,1.0107152
2879.664,1.0106125
2880.25,1.0105097
2880.836,1.010407
2881.422,1.0103043
2882.008,1.0102017
2882.594,1.0100991
2883.18,1.0099964
2883.766,1.0098939
2884.352,1.0097914
2884.938,1.0096889
2885.524,1.0095863
2886.11,1.0094839
2886.696,1.0093815
2887.282,1.0092791
2887.868,1.0091769
2888.454,1.0090746
2889.04,1.0089723
2889.626,1.00887
2890.212,1.0087678
2890.798,1.0086656
2891.384,1.0085634
2891.97,1.0084614
2892.556,1.0083593
2893.142,1.0082572
2893.728,1.0081552
2894.314,1.0080532
2894.9,1.0079513
2895.486,1.0078493
2896.072,1.0077474
2896.658,1.0076456
2897.244,1.0075438
2897.83,1.0074419
2898.416,1.0073402
2899.002,1.0072385
2899.588,1.0071367
2900.174,1.0070351
2900.76,1.0069335
2901.346,1.0068318
2901.932,1.0067303
2902.518,1.0066288
2903.104,1.0065272
2903.69,1.0064257
2904.276,1.0063243
2904.862,1.0062228
2905.448,1.0061215
2906.034,1.0060201
2906.62,1.0059189
2907.206,1.0058175
2907.792,1.0057162
2908.378,1.005615
2908.964,1.0055139
2909.55,1.0054127
2910.136,1.0053116
2910.722,1.0052105
2911.308,1.0051094
2911.894,1.0050083
2912.48,1.0049074
2913.066,1.0048064
2913.652,1.0047054
2914.238,1.0046043
2914.824,1.0045033
2915.41,1.0044023
2915.996,1.0043012
2916.582,1.0042002
2917.168,1.0040992
2917.754,1.0039983
2918.34,1.0038974
2918.926,1.0037966
2919.512,1.0036957
2920.098,1.003595
2920.684,1.0034941
2921.27,1.0033934
2921.856,1.0032927
2922.442,1.0031919
2923.028,1.0030913
2923.614,1.0029907
2924.2,1.0028901
2924.786,1.0027896
2925.372,1.0026891
2925.958,1.0025885
2926.544,1.0024881
2927.13,1.0023876
2927.716,1.0022873
2928.302,1.0021869
2928.888,1.0020865
2929.474,1.0019863
2930.06,1.001886
2930.646,1.0017858
2931.232,1.0016855
2931.818,1.0015854
2932.404,1.0014851
2932.99,1.0013851
2933.576,1.001285
2934.162,1.0011848
2934.748,1.0010848
2935.334,1.0009849
2935.92,1.0008849
2936.506,1.000785
2937.092,1.0006851
2937.678,1.0005852
2938.264,1.0004853
2938.85,1.0003855
2939.436,1.0002857
2940.022,1.000186
2940.608,1.0000863
2941.194,0.99998659
2941.78,0.99988693
2942.366,0.99978727
2942.952,0.99968767
2943.538,0.99958813
2944.124,0.99948859
2944.71,0.99938905
2945.296,0.99928957
2945.882,0.99919009
2946.468,0.99909073
2947.054,0.99899131
2947.64,0.99889201
2948.226,0.99879265
2948.812,0.99869335
2949.398,0.99859411
2949.984,0.99849486
2950.57,0.99839562
2951.156,0.99829644
2951.742,0.99819732
2952.328,0.99809819
2952.914,0.99799913
2953.5,0.99790013
2954.086,0.99780107
2954.672,0.99770206
2955.258,0.99760312
2955.844,0.99750417
2956.43,0.99740529
2957.016,0.99730641
2957.602,0.99720758
2958.188,0.99710876
2958.774,0.99700999
2959.36,0.99691123
2959.946,0.99681252
2960.532,0.99671388
2961.118,0.99661517
2961.704,0.99651659
2962.29,0.996418
2962.876,0.99631941
2963.462,0.99622089
2964.048,0.99612236
2964.634,0.99602389
2965.22,0.99592543
2965.806,0.99582702
2966.392,0.99572861
2966.978,0.99563026
2967.564,0.99553192
2968.15,0.99543363
2968.736,0.9953354
2969.322,0.99523717
2969.908,0.99513894
2970.494,0.99504077
2971.08,0.99494261
2971.666,0.9948445
2972.252,0.99474639
2972.838,0.99464834
2973.424,0.99455035
2974.01,0.99445236
2974.596,0.99435437
2975.182,0.99425644
2975.768,0.99415851
2976.354,0.99406064
2976.94,0.99396276
2977.526,0.99386495
2978.112,0.99376714
2978.698,0.99366939
2979.284,0.99357164
2979.87,0.99347401
2980.456,0.99337631
2981.042,0.99327862
2981.628,0.99318105
2982.214,0.99308348
2982.8,0.9929859
2983.386,0.99288839
2983.972,0.99279088
2984.558,0.99269342
2985.144,0.99259603
2985.73,0.99249858
2986.316,0.99240124
2986.902,0.99230391
2987.488,0.99220657
2988.074,0.99210924
2988.66,0.99201202
2989.246,0.99191481
2989.832,0.99181759
2990.418,0.99172044
2991.004,0.99162328
2991.59,0.99152619
2992.176,0.99142909
2992.762,0.99133199
2993.348,0.99123502
2993.934,0.99113798
2994.52,0.991041
2995.106,0.99094409
2995.692,0.99084723
2996.278,0.99075037
2996.864,0.99065346
2997.45,0.99055666
2998.036,0.99045986
2998.622,0.99036312
2999.208,0.99026638
2999.794,0.9901697
3000.38,0.99007303
3000.966,0.98997635
3001.552,0.98987973
3002.138,0.98978317
3002.724,0.98968661
3003.31,0.98959005
3003.896,0.98949361
3004.482,0.98939711
3005.068,0.98930067
3005.654,0.98920429
3006.24,0.98910791
3006.826,0.98901153
3007.412,0.98891521
3007.998,0.98881888
3008.584,0.98872262
3009.17,0.98862642
3009.756,0.98853016
3010.342,0.98843402
3010.928,0.98833787
3011.514,0.98824173
3012.1,0.98814559
3012.686,0.98804957
3013.272,0.98795348
3013.858,0.98785752
3014.444,0.98776156
3015.03,0.98766559
3015.616,0.98756963
3016.202,0.98747379
3016.788,0.98737788
3017.374,0.9872821
3017.96,0.98718625
3018.546,0.98709047
3019.132,0.98699474
3019.718,0.98689902
3020.304,0.98680329
3020.89,0.98670763
3021.476,0.98661202
3022.062,0.98651642
3022.648,0.98642081
3023.234,0.98632532
3023.82,0.98622978
3024.406,0.98613423
3024.992,0.9860388
3025.578,0.98594338
3026.164,0.98584795
3026.75,0.98575258
3027.336,0.98565722
3027.922,0.98556191
3028.508,0.9854666
3029.094,0.98537135
3029.68,0.9852761
3030.266,0.98518091
3030.852,0.98508573
3031.438,0.98499054
3032.024,0.98489547
3032.61,0.98480034
3033.196,0.98470533
3033.782,0.98461026
3034.368,0.98451525
3034.954,0.98442024
3035.54,0.98432529
3036.126,0.98423034
3036.712,0.98413545
3037.298,0.98404056
3037.884,0.98394573
3038.47,0.98385096
3039.056,0.98375618
3039.642,0.98366141
3040.228,0.9835667
3040.814,0.98347199
3041.4,0.98337728
3041.986,0.98328269
3042.572,0.98318803
3043.158,0.98309344
3043.744,0.98299891
3044.33,0.98290437
3044.916,0.98280984
3045.502,0.98271537
3046.088,0.98262089
3046.674,0.98252654
3047.26,0.98243213
3047.846,0.98233777
3048.432,0.98224336
3049.018,0.98214906
3049.604,0.98205483
3050.19,0.98196054
3050.776,0.98186636
3051.362,0.98177212
3051.948,0.98167795
3052.534,0.98158383
3053.12,0.98148972
3053.706,0.9813956
3054.292,0.98130155
3054.878,0.98120755
3055.464,0.98111355
3056.05,0.98101944
3056.636,0.98092526
3057.222,0.98083121
3057.808,0.98073709
3058.394,0.98064303
3058.98,0.98054904
3059.566,0.98045504
3060.152,0.9803611
3060.738,0.98026717
3061.324,0.98017323
3061.91,0.98007935
3062.496,0.97998554
3063.082,0.97989172
3063.668,0.9797979
3064.254,0.97970414
3064.84,0.97961038
3065.426,0.97951669
3066.012,0.97942299
3066.598,0.97932935
3067.184,0.97923571
3067.77,0.97914207
3068.356,0.97904855
3068.942,0.97895497
3069.528,0.97886145
3070.114,0.97876799
3070.7,0.97867447
3071.286,0.97858107
3071.872,0.97848761
3072.458,0.97839427
3073.044,0.97830087
3073.63,0.97820759
3074.216,0.97811425
3074.802,0.97802097
3075.388,0.97792774
3075.974,0.97783452
3076.56,0.9777413
3077.146,0.97764814
3077.732,0.97755504
3078.318,0.97746193
3078.904,0.97736883
3079.49,0.97727579
3080.076,0.97718275
3080.662,0.9770897
3081.248,0.97699678
3081.834,0.97690386
3082.42,0.97681087
3083.006,0.97671801
3083.592,0.97662514
3084.178,0.97653228
3084.764,0.97643948
3085.35,0.97634673
3085.936,0.97625393
3086.522,0.97616118
3087.108,0.9760685
3087.694,0.97597581
3088.28,0.97588319
3088.866,0.97579056
3089.452,0.97569793
3090.038,0.97560543
3090.624,0.97551286
3091.21,0.97542036
3091.796,0.97532785
3092.382,0.9752354
3092.968,0.97514296
3093.554,0.97505051
3094.14,0.97495818
3094.726,0.97486579
3095.312,0.97477347
3095.898,0.9746812
3096.484,0.97458893
3097.07,0.97449666
3097.656,0.97440445
3098.242,0.97431225
3098.828,0.9742201
3099.414,0.97412795
3100,0.9740358
