170,4.0703468
170.586,4.0633516
171.172,4.0563931
171.758,4.0494699
172.344,4.042582
172.93,4.0357289
173.516,4.0289111
174.102,4.0221272
174.688,4.0153775
175.274,4.0086622
175.86,4.0019798
176.446,3.9953313
177.032,3.9887156
177.618,3.9821327
178.204,3.9755824
178.79,3.969064
179.376,3.9625778
179.962,3.9561231
180.548,3.9497001
181.134,3.9433081
181.72,3.9369471
182.306,3.9306169
182.892,3.9243169
183.478,3.9180472
184.064,3.9118078
184.65,3.9055977
185.236,3.8994172
185.822,3.893266
186.408,3.8871439
186.994,3.8810503
187.58,3.8749855
188.166,3.8689489
188.752,3.8629408
189.338,3.8569605
189.924,3.8510075
190.51,3.845082
191.096,3.8391838
191.682,3.8333125
192.268,3.8274682
192.854,3.8216505
193.44,3.8158593
194.026,3.8100944
194.612,3.8043554
195.198,3.7986424
195.784,3.7929549
196.37,3.787293
196.956,3.7816565
197.542,3.7760448
198.128,3.7704585
198.714,3.7648964
199.3,3.7593591
199.886,3.7538464
200.472,3.7483578
201.058,3.742893
201.644,3.7374523
202.23,3.7320352
202.816,3.7266417
203.402,3.7212715
203.988,3.7159245
204.574,3.7106006
205.16,3.7052989
205.746,3.7000196
206.332,3.6947632
206.918,3.6895289
207.504,3.6843169
208.09,3.6791267
208.676,3.6739588
209.262,3.6688125
209.848,3.6636879
210.434,3.6585846
211.02,3.6535027
211.606,3.648442
212.192,3.6434021
212.778,3.6383832
213.364,3.6333849
213.95,3.6284072
214.536,3.62345
215.122,3.6185131
215.708,3.6135962
216.294,3.6086993
216.88,3.6038225
217.466,3.5989652
218.052,3.5941274
218.638,3.589309
219.224,3.5845098
219.81,3.5797298
220.396,3.5749688
220.982,3.5702267
221.568,3.5655036
222.154,3.5607991
222.74,3.5561132
223.326,3.551446
223.912,3.5467968
224.498,3.542166
225.084,3.5375531
225.67,3.5329585
226.256,3.5283816
226.842,3.5238223
227.428,3.5192809
228.014,3.5147569
228.6,3.5102503
229.186,3.5057609
229.772,3.5012889
230.358,3.4968338
230.944,3.4923956
231.53,3.4879744
232.116,3.4835701
232.702,3.4791822
233.288,3.4748108
233.874,3.4704559
234.46,3.4661176
235.046,3.4617951
235.632,3.457489
236.218,3.4531989
236.804,3.4489248
237.39,3.4446664
237.976,3.4404237
238.562,3.4361966
239.148,3.4319851
239.734,3.4277892
240.32,3.4236085
240.906,3.4194431
241.492,3.415293
242.078,3.4111578
242.664,3.4070377
243.25,3.4029324
243.836,3.3988419
244.422,3.3947661
245.008,3.3907051
245.594,3.3866584
246.18,3.3826265
246.766,3.3786085
247.352,3.3746052
247.938,3.370616
248.524,3.3666408
249.11,3.3626797
249.696,3.3587325
250.282,3.3547993
250.868,3.3508797
251.454,3.3469739
252.04,3.3430817
252.626,3.3392034
253.212,3.3353381
253.798,3.3314865
254.384,3.3276479
254.97,3.3238227
255.556,3.3200109
256.142,3.3162119
256.728,3.3124261
257.314,3.3086531
257.9,3.3048933
258.486,3.301146
259.072,3.2974114
259.658,3.2936893
260.244,3.2899797
260.83,3.2862825
261.416,3.2825978
262.002,3.2789257
262.588,3.2752657
263.174,3.2716179
263.76,3.2679822
264.346,3.2643588
264.932,3.2607472
265.518,3.2571478
266.104,3.2535603
266.69,3.2499845
267.276,3.2464206
267.862,3.2428682
268.448,3.2393277
269.034,3.2357986
269.62,3.232281
270.206,3.228775
270.792,3.2252803
271.378,3.221797
271.964,3.2183251
272.55,3.2148643
273.136,3.2114146
273.722,3.2079761
274.308,3.2045486
274.894,3.2011321
275.48,3.1977265
276.066,3.1943316
276.652,3.1909478
277.238,3.1875744
277.824,3.184212
278.41,3.1808603
278.996,3.1775186
279.582,3.1741874
280.168,3.1708665
280.754,3.167556
281.34,3.1642561
281.926,3.1609664
282.512,3.1576869
283.098,3.1544175
283.684,3.1511586
284.27,3.1479096
284.856,3.1446707
285.442,3.1414418
286.028,3.1382227
286.614,3.1350136
287.2,3.1318145
287.786,3.1286249
288.372,3.1254454
288.958,3.1222751
289.544,3.1191149
290.13,3.1159642
290.716,3.112823
291.302,3.1096911
291.888,3.1065688
292.474,3.103456
293.06,3.1003523
293.646,3.0972581
294.232,3.094173
294.818,3.0910974
295.404,3.0880308
295.99,3.0849733
296.576,3.0819244
297.162,3.0788846
297.748,3.0758538
298.334,3.0728319
298.92,3.069819
299.506,3.0668149
300.092,3.0638194
300.678,3.060833
301.264,3.0578551
301.85,3.0548859
302.436,3.0519254
303.022,3.0489736
303.608,3.0460303
304.194,3.0430954
304.78,3.0401692
305.366,3.0372512
305.952,3.0343416
306.538,3.0314405
307.124,3.0285478
307.71,3.0256631
308.296,3.0227866
308.882,3.0199187
309.468,3.0170586
310.054,3.0142066
310.64,3.0113628
311.226,3.008527
311.812,3.0056992
312.398,3.0028794
312.984,3.0000675
313.57,2.9972637
314.156,2.9944675
314.742,2.9916792
315.328,2.9888985
315.914,2.9861257
316.5,2.9833605
317.086,2.980603
317.672,2.9778533
318.258,2.975111
318.844,2.9723763
319.43,2.9696491
320.016,2.9669294
320.602,2.9642174
321.188,2.9615126
321.774,2.9588151
322.36,2.9561253
322.946,2.9534426
323.532,2.950767
324.118,2.9480989
324.704,2.9454379
325.29,2.9427843
325.876,2.9401376
326.462,2.9374981
327.048,2.934866
327.634,2.9322407
328.22,2.9296224
328.806,2.927011
329.392,2.9244068
329.978,2.9218094
330.564,2.919219
331.15,2.9166355
331.736,2.9140587
332.322,2.9114888
332.908,2.9089255
333.494,2.9063692
334.08,2.9038196
334.666,2.9012768
335.252,2.8987403
335.838,2.8962109
336.424,2.8936877
337.01,2.8911715
337.596,2.8886614
338.182,2.886158
338.768,2.8836613
339.354,2.8811707
339.94,2.8786869
340.526,2.8762093
341.112,2.8737383
341.698,2.8712733
342.284,2.8688149
342.87,2.8663628
343.456,2.8639169
344.042,2.8614771
344.628,2.8590438
345.214,2.8566165
345.8,2.8541954
346.386,2.8517804
346.972,2.8493719
347.558,2.8469691
348.144,2.8445725
348.73,2.8421819
349.316,2.8397973
349.902,2.8374188
350.488,2.8350461
351.074,2.8326795
351.66,2.8303187
352.246,2.8279638
352.832,2.8256149
353.418,2.8232718
354.004,2.8209345
354.59,2.818603
355.176,2.8162773
355.762,2.8139572
356.348,2.8116429
356.934,2.8093345
357.52,2.8070316
358.106,2.8047345
358.692,2.8024428
359.278,2.8001568
359.864,2.7978764
360.45,2.7956016
361.036,2.7933323
361.622,2.7910686
362.208,2.7888103
362.794,2.7865574
363.38,2.7843101
363.966,2.7820683
364.552,2.7798319
365.138,2.7776008
365.724,2.7753749
366.31,2.7731545
366.896,2.7709396
367.482,2.7687297
368.068,2.7665253
368.654,2.7643261
369.24,2.7621322
369.826,2.7599435
370.412,2.7577598
370.998,2.7555816
371.584,2.7534082
372.17,2.7512403
372.756,2.7490776
373.342,2.7469196
373.928,2.7447667
374.514,2.742619
375.1,2.7404761
375.686,2.7383382
376.272,2.7362053
376.858,2.7340772
377.444,2.7319541
378.03,2.7298362
378.616,2.7277231
379.202,2.7256148
379.788,2.7235115
380.374,2.7214129
380.96,2.7193193
381.546,2.7172306
382.132,2.7151465
382.718,2.7130673
383.304,2.7109928
383.89,2.7089231
384.476,2.7068582
385.062,2.704798
385.648,2.7027426
386.234,2.7006917
386.82,2.6986456
387.406,2.6966043
387.992,2.6945672
388.578,2.6925349
389.164,2.6905074
389.75,2.6884844
390.336,2.6864657
390.922,2.6844518
391.508,2.6824424
392.094,2.6804376
392.68,2.6784372
393.266,2.6764412
393.852,2.6744497
394.438,2.6724627
395.024,2.6704803
395.61,2.6685021
396.196,2.6665285
396.782,2.6645589
397.368,2.6625941
397.954,2.6606333
398.54,2.6586771
399.126,2.6567249
399.712,2.6547773
400.298,2.6528339
400.884,2.6508949
401.47,2.6489601
402.056,2.6470289
402.642,2.645102
403.228,2.6431794
403.814,2.6412609
404.4,2.6393466
404.986,2.6374366
405.572,2.6355307
406.158,2.6336288
406.744,2.631731
407.33,2.6298375
407.916,2.627948
408.502,2.6260626
409.088,2.6241815
409.674,2.6223042
410.26,2.6204309
410.846,2.6185617
411.432,2.6166964
412.018,2.6148353
412.604,2.612978
413.19,2.6111248
413.776,2.6092753
414.362,2.60743
414.948,2.6055887
415.534,2.6037509
416.12,2.6019175
416.706,2.6000876
417.292,2.5982616
417.878,2.5964396
418.464,2.5946214
419.05,2.5928071
419.636,2.5909963
420.222,2.5891895
420.808,2.5873866
421.394,2.5855873
421.98,2.5837917
422.566,2.582
423.152,2.5802121
423.738,2.5784278
424.324,2.5766473
424.91,2.5748701
425.496,2.5730965
426.082,2.5713267
426.668,2.5695603
427.254,2.5677977
427.84,2.5660386
428.426,2.5642834
429.012,2.5625315
429.598,2.5607834
430.184,2.5590386
430.77,2.5572977
431.356,2.5555601
431.942,2.5538261
432.528,2.5520957
433.114,2.5503688
433.7,2.5486455
434.286,2.5469255
434.872,2.5452092
435.458,2.5434961
436.044,2.5417867
436.63,2.5400805
437.216,2.538378
437.802,2.5366788
438.388,2.5349832
438.974,2.5332906
439.56,2.5316017
440.146,2.529916
440.732,2.528234
441.318,2.5265551
441.904,2.5248795
442.49,2.5232074
443.076,2.5215385
443.662,2.5198729
444.248,2.5182106
444.834,2.5165517
445.42,2.5148959
446.006,2.5132434
446.592,2.5115943
447.178,2.5099485
447.764,2.5083058
448.35,2.5066662
448.936,2.5050299
449.522,2.503397
450.108,2.5017669
450.694,2.5001404
451.28,2.4985168
451.866,2.4968965
452.452,2.4952793
453.038,2.4936652
453.624,2.4920542
454.21,2.4904466
454.796,2.4888418
455.382,2.4872401
455.968,2.4856417
456.554,2.4840462
457.14,2.4824538
457.726,2.4808645
458.312,2.4792783
458.898,2.477695
459.484,2.476115
460.07,2.4745376
460.656,2.4729636
461.242,2.4713924
461.828,2.4698243
462.414,2.4682591
463,2.4666967
463.586,2.4651375
464.172,2.4635813
464.758,2.462028
465.344,2.4604776
465.93,2.45893
466.516,2.4573855
467.102,2.4558437
467.688,2.4543049
468.274,2.452769
468.86,2.451236
469.446,2.4497061
470.032,2.4481788
470.618,2.4466543
471.204,2.4451327
471.79,2.443614
472.376,2.4420981
472.962,2.4405849
473.548,2.4390748
474.134,2.4375672
474.72,2.4360623
475.306,2.4345603
475.892,2.4330611
476.478,2.4315646
477.064,2.4300709
477.65,2.42858
478.236,2.4270918
478.822,2.4256063
479.408,2.4241235
479.994,2.4226434
480.58,2.4211662
481.166,2.4196916
481.752,2.4182196
482.338,2.4167504
482.924,2.4152837
483.51,2.4138198
484.096,2.4123585
484.682,2.4108999
485.268,2.4094441
485.854,2.4079907
486.44,2.4065399
487.026,2.405092
487.612,2.4036465
488.198,2.4022036
488.784,2.4007635
489.37,2.3993258
489.956,2.3978906
490.542,2.3964581
491.128,2.3950281
491.714,2.3936009
492.3,2.3921759
492.886,2.3907537
493.472,2.389334
494.058,2.3879168
494.644,2.386502
495.23,2.3850899
495.816,2.3836801
496.402,2.382273
496.988,2.3808682
497.574,2.3794661
498.16,2.3780663
498.746,2.3766689
499.332,2.3752742
499.918,2.3738816
500.504,2.3724918
501.09,2.3711042
501.676,2.3697193
502.262,2.3683367
502.848,2.3669565
503.434,2.3655787
504.02,2.3642032
504.606,2.3628302
505.192,2.3614597
505.778,2.3600914
506.364,2.3587255
506.95,2.357362
507.536,2.3560011
508.122,2.3546424
508.708,2.3532858
509.294,2.3519318
509.88,2.35058
510.466,2.3492308
511.052,2.3478837
511.638,2.3465388
512.224,2.3451965
512.81,2.3438563
513.396,2.3425183
513.982,2.3411829
514.568,2.3398495
515.154,2.3385186
515.74,2.3371899
516.326,2.3358634
516.912,2.3345392
517.498,2.3332171
518.084,2.3318975
518.67,2.33058
519.256,2.3292649
519.842,2.3279517
520.428,2.3266408
521.014,2.3253322
521.6,2.3240256
522.186,2.3227212
522.772,2.3214192
523.358,2.3201194
523.944,2.3188217
524.53,2.3175261
525.116,2.3162329
525.702,2.3149416
526.288,2.3136525
526.874,2.3123655
527.46,2.3110809
528.046,2.3097982
528.632,2.3085177
529.218,2.3072393
529.804,2.3059633
530.39,2.3046889
530.976,2.303417
531.562,2.3021472
532.148,2.3008792
532.734,2.2996135
533.32,2.2983499
533.906,2.2970884
534.492,2.2958288
535.078,2.2945714
535.664,2.2933161
536.25,2.2920628
536.836,2.2908115
537.422,2.2895625
538.008,2.2883153
538.594,2.2870703
539.18,2.2858272
539.766,2.284586
540.352,2.2833469
540.938,2.28211
541.524,2.280875
542.11,2.2796419
542.696,2.2784109
543.282,2.2771819
543.868,2.275955
544.454,2.27473
545.04,2.2735069
545.626,2.2722857
546.212,2.2710667
546.798,2.2698493
547.384,2.2686341
547.97,2.267421
548.556,2.2662096
549.142,2.2650003
549.728,2.2637928
550.314,2.2625873
550.9,2.2613838
551.486,2.2601821
552.072,2.2589822
552.658,2.2577844
553.244,2.2565885
553.83,2.2553945
554.416,2.2542024
555.002,2.2530122
555.588,2.2518237
556.174,2.2506371
556.76,2.2494526
557.346,2.2482698
557.932,2.2470889
558.518,2.2459099
559.104,2.2447329
559.69,2.2435575
560.276,2.242384
560.862,2.2412124
561.448,2.2400427
562.034,2.2388747
562.62,2.2377086
563.206,2.2365441
563.792,2.2353816
564.378,2.234221
564.964,2.2330623
565.55,2.2319052
566.136,2.2307498
566.722,2.2295964
567.308,2.2284448
567.894,2.2272949
568.48,2.2261467
569.066,2.2250004
569.652,2.223856
570.238,2.2227132
570.824,2.2215722
571.41,2.2204328
571.996,2.2192953
572.582,2.2181594
573.168,2.2170255
573.754,2.2158933
574.34,2.2147627
574.926,2.2136338
575.512,2.2125068
576.098,2.2113814
576.684,2.2102578
577.27,2.2091358
577.856,2.2080157
578.442,2.206897
579.028,2.2057803
579.614,2.2046652
580.2,2.2035518
580.786,2.20244
581.372,2.2013299
581.958,2.2002215
582.544,2.199115
583.13,2.19801
583.716,2.1969066
584.302,2.1958048
584.888,2.194705
585.474,2.1936066
586.06,2.1925099
586.646,2.1914146
587.232,2.190321
587.818,2.1892288
588.404,2.1881385
588.99,2.1870496
589.576,2.1859624
590.162,2.1848769
590.748,2.1837928
591.334,2.1827106
591.92,2.1816299
592.506,2.1805508
593.092,2.1794734
593.678,2.1783974
594.264,2.1773231
594.85,2.1762505
595.436,2.1751792
596.022,2.1741097
596.608,2.1730416
597.194,2.1719754
597.78,2.1709106
598.366,2.1698472
598.952,2.1687856
599.538,2.1677256
600.124,2.166667
600.71,2.1656098
601.296,2.1645544
601.882,2.1635005
602.468,2.1624482
603.054,2.1613972
603.64,2.1603479
604.226,2.1593003
604.812,2.1582539
605.398,2.1572092
605.984,2.1561661
606.57,2.1551244
607.156,2.1540842
607.742,2.1530454
608.328,2.1520085
608.914,2.1509726
609.5,2.1499386
610.086,2.148906
610.672,2.1478748
611.258,2.1468451
611.844,2.1458168
612.43,2.1447902
613.016,2.143765
613.602,2.1427412
614.188,2.1417189
614.774,2.140698
615.36,2.1396787
615.946,2.1386607
616.532,2.1376443
617.118,2.1366293
617.704,2.1356158
618.29,2.1346037
618.876,2.1335931
619.462,2.1325839
620.048,2.1315761
620.634,2.1305697
621.22,2.1295648
621.806,2.1285613
622.392,2.1275592
622.978,2.1265585
623.564,2.1255593
624.15,2.1245615
624.736,2.1235652
625.322,2.1225703
625.908,2.1215765
626.494,2.1205845
627.08,2.1195936
627.666,2.1186042
628.252,2.1176159
628.838,2.1166289
629.424,2.115643
630.01,2.1146588
630.596,2.1136761
631.182,2.1126945
631.768,2.1117144
632.354,2.1107357
632.94,2.1097581
633.526,2.1087823
634.112,2.1078076
634.698,2.1068342
635.284,2.1058624
635.87,2.1048918
636.456,2.1039226
637.042,2.1029546
637.628,2.1019881
638.214,2.101023
638.8,2.100059
639.386,2.0990965
639.972,2.0981352
640.558,2.0971754
641.144,2.0962169
641.73,2.0952594
642.316,2.0943036
642.902,2.093349
643.488,2.0923958
644.074,2.0914438
644.66,2.090493
645.246,2.0895436
645.832,2.0885956
646.418,2.0876489
647.004,2.0867033
647.59,2.0857592
648.176,2.0848162
648.762,2.0838745
649.348,2.0829341
649.934,2.081995
650.52,2.0810573
651.106,2.0801208
651.692,2.0791855
652.278,2.0782516
652.864,2.0773189
653.45,2.0763874
654.036,2.0754571
654.622,2.0745282
655.208,2.0736005
655.794,2.072674
656.38,2.071749
656.966,2.0708249
657.552,2.0699022
658.138,2.0689807
658.724,2.0680604
659.31,2.0671415
659.896,2.0662236
660.482,2.0653071
661.068,2.0643919
661.654,2.0634778
662.24,2.0625644
662.826,2.0616524
663.412,2.0607417
663.998,2.0598319
664.584,2.0589237
665.17,2.0580163
665.756,2.0571103
666.342,2.0562055
666.928,2.0553021
667.514,2.0543995
668.1,2.0534985
668.686,2.0525985
669.272,2.0516996
669.858,2.050802
670.444,2.0499053
671.03,2.0490103
671.616,2.048116
672.202,2.0472231
672.788,2.0463314
673.374,2.0454407
673.96,2.0445514
674.546,2.043663
675.132,2.0427761
675.718,2.0418901
676.304,2.0410054
676.89,2.0401216
677.476,2.0392392
678.062,2.0383577
678.648,2.0374777
679.234,2.0365987
679.82,2.0357206
680.406,2.0348439
680.992,2.0339682
681.578,2.0330937
682.164,2.0322204
682.75,2.0313482
683.336,2.030477
683.922,2.0296071
684.508,2.0287383
685.094,2.0278704
685.68,2.0270038
686.266,2.0261383
686.852,2.025274
687.438,2.0244105
688.024,2.0235484
688.61,2.0226872
689.196,2.0218272
689.782,2.0209684
690.368,2.0201106
690.954,2.019254
691.54,2.0183983
692.126,2.0175438
692.712,2.0166903
693.298,2.0158379
693.884,2.0149868
694.47,2.0141366
695.056,2.0132875
695.642,2.0124393
696.228,2.0115924
696.814,2.0107465
697.4,2.0099018
697.986,2.009058
698.572,2.0082152
699.158,2.0073736
699.744,2.0065331
700.33,2.0056934
700.916,2.0048552
701.502,2.0040178
702.088,2.0031815
702.674,2.002346
703.26,2.0015118
703.846,2.0006785
704.432,1.9998465
705.018,1.9990152
705.604,1.9981852
706.19,1.9973562
706.776,1.996528
707.362,1.9957011
707.948,1.9948751
708.534,1.9940501
709.12,1.9932263
709.706,1.9924034
710.292,1.9915816
710.878,1.9907607
711.464,1.9899408
712.05,1.9891219
712.636,1.9883041
713.222,1.9874872
713.808,1.9866713
714.394,1.9858563
714.98,1.9850422
715.566,1.9842293
716.152,1.9834173
716.738,1.9826063
717.324,1.9817963
717.91,1.9809873
718.496,1.9801792
719.082,1.9793723
719.668,1.9785662
720.254,1.9777611
720.84,1.9769571
721.426,1.976154
722.012,1.9753519
722.598,1.9745507
723.184,1.9737506
723.77,1.9729514
724.356,1.9721532
724.942,1.9713559
725.528,1.9705596
726.114,1.9697644
726.7,1.9689699
727.286,1.9681766
727.872,1.9673842
728.458,1.9665928
729.044,1.9658022
729.63,1.9650127
730.216,1.9642241
730.802,1.9634365
731.388,1.9626497
731.974,1.9618639
732.56,1.9610791
733.146,1.9602952
733.732,1.9595122
734.318,1.9587302
734.904,1.9579492
735.49,1.9571692
736.076,1.9563899
736.662,1.9556117
737.248,1.9548343
737.834,1.9540579
738.42,1.9532825
739.006,1.9525079
739.592,1.9517342
740.178,1.9509615
740.764,1.9501897
741.35,1.9494189
741.936,1.9486489
742.522,1.9478799
743.108,1.9471117
743.694,1.9463445
744.28,1.9455781
744.866,1.9448128
745.452,1.9440483
746.038,1.9432846
746.624,1.9425219
747.21,1.9417601
747.796,1.9409992
748.382,1.9402391
748.968,1.9394801
749.554,1.9387218
750.14,1.9379644
750.726,1.9372079
751.312,1.9364524
751.898,1.9356977
752.484,1.9349439
753.07,1.934191
753.656,1.9334389
754.242,1.9326876
754.828,1.9319375
755.414,1.931188
756,1.9304394
756.586,1.9296918
757.172,1.9289449
757.758,1.9281989
758.344,1.927454
758.93,1.9267097
759.516,1.9259664
760.102,1.9252238
760.688,1.9244822
761.274,1.9237415
761.86,1.9230015
762.446,1.9222624
763.032,1.9215242
763.618,1.9207869
764.204,1.9200504
764.79,1.9193146
765.376,1.9185798
765.962,1.9178458
766.548,1.9171127
767.134,1.9163804
767.72,1.9156489
768.306,1.9149183
768.892,1.9141885
769.478,1.9134595
770.064,1.9127314
770.65,1.9120041
771.236,1.9112777
771.822,1.910552
772.408,1.9098272
772.994,1.9091032
773.58,1.90838
774.166,1.9076577
774.752,1.9069362
775.338,1.9062154
775.924,1.9054955
776.51,1.9047766
777.096,1.9040582
777.682,1.9033408
778.268,1.9026241
778.854,1.9019083
779.44,1.9011933
780.026,1.9004791
780.612,1.8997657
781.198,1.8990531
781.784,1.8983413
782.37,1.8976302
782.956,1.8969201
783.542,1.8962107
784.128,1.8955021
784.714,1.8947942
785.3,1.8940872
785.886,1.893381
786.472,1.8926755
787.058,1.8919709
787.644,1.8912669
788.23,1.8905638
788.816,1.8898616
789.402,1.88916
789.988,1.8884593
790.574,1.8877593
791.16,1.8870602
791.746,1.8863617
792.332,1.8856641
792.918,1.8849672
793.504,1.8842711
794.09,1.8835758
794.676,1.8828813
795.262,1.8821875
795.848,1.8814945
796.434,1.8808022
797.02,1.8801107
797.606,1.8794199
798.192,1.8787301
798.778,1.8780408
799.364,1.8773524
799.95,1.8766646
800.536,1.8759778
801.122,1.8752916
801.708,1.8746061
802.294,1.8739214
802.88,1.8732375
803.466,1.8725543
804.052,1.8718719
804.638,1.8711902
805.224,1.8705093
805.81,1.8698291
806.396,1.8691496
806.982,1.8684709
807.568,1.8677928
808.154,1.8671156
808.74,1.8664391
809.326,1.8657634
809.912,1.8650883
810.498,1.864414
811.084,1.8637404
811.67,1.8630676
812.256,1.8623954
812.842,1.861724
813.428,1.8610533
814.014,1.8603834
814.6,1.8597142
815.186,1.8590457
815.772,1.8583779
816.358,1.8577108
816.944,1.8570445
817.53,1.8563789
818.116,1.855714
818.702,1.8550497
819.288,1.8543863
819.874,1.8537235
820.46,1.8530614
821.046,1.8524001
821.632,1.8517394
822.218,1.8510795
822.804,1.8504202
823.39,1.8497617
823.976,1.8491039
824.562,1.8484468
825.148,1.8477904
825.734,1.8471346
826.32,1.8464795
826.906,1.8458253
827.492,1.8451716
828.078,1.8445187
828.664,1.8438663
829.25,1.8432149
829.836,1.8425639
830.422,1.8419138
831.008,1.8412642
831.594,1.8406154
832.18,1.8399674
832.766,1.8393198
833.352,1.8386731
833.938,1.838027
834.524,1.8373816
835.11,1.8367369
835.696,1.8360928
836.282,1.8354495
836.868,1.8348068
837.454,1.8341647
838.04,1.8335235
838.626,1.8328828
839.212,1.8322428
839.798,1.8316034
840.384,1.8309648
840.97,1.8303268
841.556,1.8296895
842.142,1.8290528
842.728,1.8284168
843.314,1.8277816
843.9,1.8271468
844.486,1.8265128
845.072,1.8258795
845.658,1.8252468
846.244,1.8246148
846.83,1.8239833
847.416,1.8233526
848.002,1.8227226
848.588,1.8220931
849.174,1.8214644
849.76,1.8208363
850.346,1.8202088
850.932,1.819582
851.518,1.8189558
852.104,1.8183303
852.69,1.8177054
853.276,1.8170811
853.862,1.8164575
854.448,1.8158345
855.034,1.8152122
855.62,1.8145906
856.206,1.8139695
856.792,1.8133491
857.378,1.8127295
857.964,1.8121103
858.55,1.8114918
859.136,1.8108739
859.722,1.8102567
860.308,1.80964
860.894,1.8090241
861.48,1.8084087
862.066,1.8077941
862.652,1.80718
863.238,1.8065665
863.824,1.8059537
864.41,1.8053415
864.996,1.8047299
865.582,1.804119
866.168,1.8035085
866.754,1.8028989
867.34,1.8022897
867.926,1.8016813
868.512,1.8010733
869.098,1.8004661
869.684,1.7998594
870.27,1.7992535
870.856,1.798648
871.442,1.7980431
872.028,1.797439
872.614,1.7968354
873.2,1.7962323
873.786,1.79563
874.372,1.7950282
874.958,1.794427
875.544,1.7938265
876.13,1.7932265
876.716,1.7926272
877.302,1.7920284
877.888,1.7914302
878.474,1.7908326
879.06,1.7902356
879.646,1.7896394
880.232,1.7890435
880.818,1.7884483
881.404,1.7878538
881.99,1.7872598
882.576,1.7866664
883.162,1.7860736
883.748,1.7854813
884.334,1.7848898
884.92,1.7842987
885.506,1.7837082
886.092,1.7831184
886.678,1.7825291
887.264,1.7819403
887.85,1.7813523
888.436,1.7807647
889.022,1.7801778
889.608,1.7795914
890.194,1.7790056
890.78,1.7784204
891.366,1.7778358
891.952,1.7772517
892.538,1.7766682
893.124,1.7760854
893.71,1.775503
894.296,1.7749212
894.882,1.77434
895.468,1.7737594
896.054,1.7731794
896.64,1.7725998
897.226,1.7720209
897.812,1.7714427
898.398,1.7708648
898.984,1.7702876
899.57,1.769711
900.156,1.7691349
900.742,1.7685593
901.328,1.7679844
901.914,1.76741
902.5,1.7668362
903.086,1.7662629
903.672,1.7656902
904.258,1.765118
904.844,1.7645464
905.43,1.7639754
906.016,1.7634048
906.602,1.7628349
907.188,1.7622654
907.774,1.7616966
908.36,1.7611283
908.946,1.7605606
909.532,1.7599934
910.118,1.7594268
910.704,1.7588607
911.29,1.7582952
911.876,1.7577301
912.462,1.7571657
913.048,1.7566018
913.634,1.7560384
914.22,1.7554756
914.806,1.7549133
915.392,1.7543515
915.978,1.7537904
916.564,1.7532297
917.15,1.7526696
917.736,1.75211
918.322,1.7515509
918.908,1.7509924
919.494,1.7504344
920.08,1.749877
920.666,1.74932
921.252,1.7487637
921.838,1.7482078
922.424,1.7476524
923.01,1.7470976
923.596,1.7465434
924.182,1.7459897
924.768,1.7454364
925.354,1.7448838
925.94,1.7443316
926.526,1.74378
927.112,1.7432288
927.698,1.7426783
928.284,1.7421283
928.87,1.7415787
929.456,1.7410296
930.042,1.7404811
930.628,1.7399331
931.214,1.7393857
931.8,1.7388388
932.386,1.7382923
932.972,1.7377464
933.558,1.737201
934.144,1.7366561
934.73,1.7361118
935.316,1.7355679
935.902,1.7350245
936.488,1.7344817
937.074,1.7339393
937.66,1.7333976
938.246,1.7328563
938.832,1.7323154
939.418,1.7317752
940.004,1.7312354
940.59,1.7306961
941.176,1.7301573
941.762,1.729619
942.348,1.7290813
942.934,1.728544
943.52,1.7280072
944.106,1.7274709
944.692,1.7269351
945.278,1.7263999
945.864,1.7258651
946.45,1.7253308
947.036,1.7247971
947.622,1.7242638
948.208,1.723731
948.794,1.7231988
949.38,1.722667
949.966,1.7221357
950.552,1.7216048
951.138,1.7210746
951.724,1.7205447
952.31,1.7200154
952.896,1.7194864
953.482,1.7189579
954.068,1.7184298
954.654,1.7179023
955.24,1.7173753
955.826,1.7168487
956.412,1.7163225
956.998,1.7157971
957.584,1.7152718
958.17,1.7147473
958.756,1.7142231
959.342,1.7136995
959.928,1.7131763
960.514,1.7126535
961.1,1.7121313
961.686,1.7116095
962.272,1.7110883
962.858,1.7105675
963.444,1.7100471
964.03,1.7095273
964.616,1.7090079
965.202,1.7084891
965.788,1.7079705
966.374,1.7074527
966.96,1.7069352
967.546,1.7064182
968.132,1.7059016
968.718,1.7053856
969.304,1.7048699
969.89,1.7043548
970.476,1.7038401
971.062,1.7033259
971.648,1.7028121
972.234,1.7022989
972.82,1.701786
973.406,1.7012737
973.992,1.7007618
974.578,1.7002504
975.164,1.6997395
975.75,1.699229
976.336,1.6987189
976.922,1.6982094
977.508,1.6977003
978.094,1.6971916
978.68,1.6966834
979.266,1.6961757
979.852,1.6956683
980.438,1.6951616
981.024,1.6946552
981.61,1.6941493
982.196,1.6936438
982.782,1.6931387
983.368,1.6926342
983.954,1.6921301
984.54,1.6916264
985.126,1.6911232
985.712,1.6906204
986.298,1.6901181
986.884,1.6896163
987.47,1.6891148
988.056,1.6886139
988.642,1.6881135
989.228,1.6876132
989.814,1.6871136
990.4,1.6866145
990.986,1.6861157
991.572,1.6856174
992.158,1.6851196
992.744,1.6846222
993.33,1.6841253
993.916,1.6836287
994.502,1.6831326
995.088,1.682637
995.674,1.6821418
996.26,1.6816469
996.846,1.6811527
997.432,1.6806587
998.018,1.6801653
998.604,1.6796722
999.19,1.6791797
999.776,1.6786876
1000.362,1.6781958
1000.948,1.6777045
1001.534,1.6772137
1002.12,1.6767232
1002.706,1.6762333
1003.292,1.6757437
1003.878,1.6752545
1004.464,1.6747658
1005.05,1.6742775
1005.636,1.6737897
1006.222,1.6733023
1006.808,1.6728153
1007.394,1.6723287
1007.98,1.6718426
1008.566,1.6713569
1009.152,1.6708716
1009.738,1.6703867
1010.324,1.6699022
1010.91,1.6694182
1011.496,1.6689347
1012.082,1.6684514
1012.668,1.6679688
1013.254,1.6674864
1013.84,1.6670045
1014.426,1.666523
1015.012,1.666042
1015.598,1.6655612
1016.184,1.665081
1016.77,1.6646012
1017.356,1.6641217
1017.942,1.6636428
1018.528,1.6631643
1019.114,1.662686
1019.7,1.6622083
1020.286,1.6617309
1020.872,1.661254
1021.458,1.6607774
1022.044,1.6603013
1022.63,1.6598257
1023.216,1.6593504
1023.802,1.6588756
1024.388,1.658401
1024.974,1.657927
1025.56,1.6574534
1026.146,1.6569802
1026.732,1.6565074
1027.318,1.6560349
1027.904,1.6555629
1028.49,1.6550913
1029.076,1.6546201
1029.662,1.6541493
1030.248,1.6536789
1030.834,1.6532089
1031.42,1.6527393
1032.006,1.6522701
1032.592,1.6518012
1033.178,1.6513329
1033.764,1.6508648
1034.35,1.6503973
1034.936,1.6499301
1035.522,1.6494633
1036.108,1.6489969
1036.694,1.6485308
1037.28,1.6480653
1037.866,1.6476001
1038.452,1.6471353
1039.038,1.6466709
1039.624,1.6462069
1040.21,1.6457433
1040.796,1.64528
1041.382,1.6448171
1041.968,1.6443547
1042.554,1.6438926
1043.14,1.6434307
1043.726,1.6429693
1044.312,1.6425081
1044.898,1.6420474
1045.484,1.6415871
1046.07,1.6411272
1046.656,1.6406677
1047.242,1.6402085
1047.828,1.6397496
1048.414,1.6392913
1049,1.6388333
1049.586,1.6383756
1050.172,1.6379184
1050.758,1.6374615
1051.344,1.6370051
1051.93,1.636549
1052.516,1.6360933
1053.102,1.635638
1053.688,1.635183
1054.274,1.6347284
1054.86,1.6342742
1055.446,1.6338204
1056.032,1.6333671
1056.618,1.6329139
1057.204,1.6324613
1057.79,1.632009
1058.376,1.6315571
1058.962,1.6311055
1059.548,1.6306545
1060.134,1.6302036
1060.72,1.6297532
1061.306,1.6293032
1061.892,1.6288536
1062.478,1.6284043
1063.064,1.6279553
1063.65,1.6275069
1064.236,1.6270586
1064.822,1.6266109
1065.408,1.6261634
1065.994,1.6257163
1066.58,1.6252697
1067.166,1.6248233
1067.752,1.6243774
1068.338,1.6239318
1068.924,1.6234866
1069.51,1.6230417
1070.096,1.6225973
1070.682,1.6221533
1071.268,1.6217095
1071.854,1.6212661
1072.44,1.6208231
1073.026,1.6203804
1073.612,1.6199381
1074.198,1.6194962
1074.784,1.6190547
1075.37,1.6186135
1075.956,1.6181726
1076.542,1.6177322
1077.128,1.617292
1077.714,1.6168524
1078.3,1.616413
1078.886,1.6159739
1079.472,1.6155353
1080.058,1.6150969
1080.644,1.6146591
1081.23,1.6142215
1081.816,1.6137842
1082.402,1.6133473
1082.988,1.6129109
1083.574,1.6124747
1084.16,1.6120389
1084.746,1.6116034
1085.332,1.6111684
1085.918,1.6107336
1086.504,1.6102992
1087.09,1.6098652
1087.676,1.6094315
1088.262,1.6089982
1088.848,1.6085652
1089.434,1.6081326
1090.02,1.6077003
1090.606,1.6072683
1091.192,1.6068368
1091.778,1.6064056
1092.364,1.6059747
1092.95,1.6055442
1093.536,1.605114
1094.122,1.6046841
1094.708,1.6042547
1095.294,1.6038256
1095.88,1.6033968
1096.466,1.6029683
1097.052,1.6025403
1097.638,1.6021124
1098.224,1.601685
1098.81,1.601258
1099.396,1.6008313
1099.982,1.6004049
1100.568,1.5999788
1101.154,1.5995532
1101.74,1.5991278
1102.326,1.5987028
1102.912,1.5982782
1103.498,1.5978539
1104.084,1.5974299
1104.67,1.5970062
1105.256,1.5965829
1105.842,1.5961599
1106.428,1.5957373
1107.014,1.595315
1107.6,1.5948931
1108.186,1.5944715
1108.772,1.5940502
1109.358,1.5936292
1109.944,1.5932086
1110.53,1.5927883
1111.116,1.5923684
1111.702,1.5919489
1112.288,1.5915295
1112.874,1.5911106
1113.46,1.5906919
1114.046,1.5902737
1114.632,1.5898558
1115.218,1.5894382
1115.804,1.589021
1116.39,1.5886039
1116.976,1.5881869
1117.562,1.5877703
1118.148,1.5873541
1118.734,1.5869381
1119.32,1.5865226
1119.906,1.5861073
1120.492,1.5856923
1121.078,1.5852777
1121.664,1.5848634
1122.25,1.5844495
1122.836,1.5840359
1123.422,1.5836226
1124.008,1.5832096
1124.594,1.5827969
1125.18,1.5823846
1125.766,1.5819726
1126.352,1.581561
1126.938,1.5811496
1127.524,1.5807387
1128.11,1.580328
1128.696,1.5799176
1129.282,1.5795075
1129.868,1.5790977
1130.454,1.5786884
1131.04,1.5782794
1131.626,1.5778706
1132.212,1.5774622
1132.798,1.577054
1133.384,1.5766463
1133.97,1.5762389
1134.556,1.5758317
1135.142,1.5754248
1135.728,1.5750183
1136.314,1.5746121
1136.9,1.5742062
1137.486,1.5738007
1138.072,1.5733955
1138.658,1.5729905
1139.244,1.5725859
1139.83,1.5721816
1140.416,1.5717776
1141.002,1.5713741
1141.588,1.5709707
1142.174,1.5705676
1142.76,1.5701649
1143.346,1.5697625
1143.932,1.5693604
1144.518,1.5689586
1145.104,1.5685571
1145.69,1.568156
1146.276,1.5677551
1146.862,1.5673546
1147.448,1.5669544
1148.034,1.5665544
1148.62,1.5661548
1149.206,1.5657556
1149.792,1.5653566
1150.378,1.5649579
1150.964,1.5645595
1151.55,1.5641614
1152.136,1.5637637
1152.722,1.5633663
1153.308,1.5629691
1153.894,1.5625722
1154.48,1.5621758
1155.066,1.5617795
1155.652,1.5613836
1156.238,1.5609879
1156.824,1.5605927
1157.41,1.5601976
1157.996,1.5598029
1158.582,1.5594084
1159.168,1.5590144
1159.754,1.5586206
1160.34,1.5582271
1160.926,1.5578339
1161.512,1.557441
1162.098,1.5570484
1162.684,1.5566561
1163.27,1.556264
1163.856,1.5558723
1164.442,1.555481
1165.028,1.5550898
1165.614,1.5546991
1166.2,1.5543085
1166.786,1.5539184
1167.372,1.5535284
1167.958,1.5531389
1168.544,1.5527495
1169.13,1.5523605
1169.716,1.5519717
1170.302,1.5515833
1170.888,1.5511951
1171.474,1.5508072
1172.06,1.5504194
1172.646,1.5500319
1173.232,1.5496446
1173.818,1.5492576
1174.404,1.5488709
1174.99,1.5484846
1175.576,1.5480984
1176.162,1.5477127
1176.748,1.5473272
1177.334,1.5469419
1177.92,1.5465569
1178.506,1.5461723
1179.092,1.5457879
1179.678,1.5454038
1180.264,1.5450201
1180.85,1.5446366
1181.436,1.5442535
1182.022,1.5438704
1182.608,1.5434878
1183.194,1.5431055
1183.78,1.5427234
1184.366,1.5423417
1184.952,1.5419602
1185.538,1.541579
1186.124,1.5411981
1186.71,1.5408175
1187.296,1.5404371
1187.882,1.5400571
1188.468,1.5396773
1189.054,1.5392978
1189.64,1.5389186
1190.226,1.5385396
1190.812,1.538161
1191.398,1.5377827
1191.984,1.5374045
1192.57,1.5370268
1193.156,1.5366492
1193.742,1.536272
1194.328,1.5358951
1194.914,1.5355184
1195.5,1.5351419
1196.086,1.5347658
1196.672,1.53439
1197.258,1.5340145
1197.844,1.5336392
1198.43,1.5332642
1199.016,1.5328894
1199.602,1.5325149
1200.188,1.5321407
1200.774,1.5317669
1201.36,1.5313932
1201.946,1.5310199
1202.532,1.5306468
1203.118,1.530274
1203.704,1.5299015
1204.29,1.5295292
1204.876,1.5291573
1205.462,1.5287856
1206.048,1.5284141
1206.634,1.5280429
1207.22,1.5276721
1207.806,1.5273014
1208.392,1.526931
1208.978,1.526561
1209.564,1.5261912
1210.15,1.5258217
1210.736,1.5254525
1211.322,1.5250834
1211.908,1.5247147
1212.494,1.5243462
1213.08,1.5239781
1213.666,1.5236102
1214.252,1.5232426
1214.838,1.5228752
1215.424,1.5225081
1216.01,1.5221412
1216.596,1.5217746
1217.182,1.5214083
1217.768,1.5210423
1218.354,1.5206765
1218.94,1.520311
1219.526,1.5199457
1220.112,1.5195808
1220.698,1.5192161
1221.284,1.5188516
1221.87,1.5184875
1222.456,1.5181235
1223.042,1.5177599
1223.628,1.5173965
1224.214,1.5170333
1224.8,1.5166705
1225.386,1.5163078
1225.972,1.5159456
1226.558,1.5155834
1227.144,1.5152216
1227.73,1.51486
1228.316,1.5144987
1228.902,1.5141376
1229.488,1.5137769
1230.074,1.5134164
1230.66,1.5130562
1231.246,1.5126961
1231.832,1.5123364
1232.418,1.5119768
1233.004,1.5116177
1233.59,1.5112587
1234.176,1.5108999
1234.762,1.5105416
1235.348,1.5101833
1235.934,1.5098253
1236.52,1.5094676
1237.106,1.5091102
1237.692,1.5087531
1238.278,1.5083961
1238.864,1.5080395
1239.45,1.507683
1240.036,1.5073268
1240.622,1.506971
1241.208,1.5066153
1241.794,1.5062599
1242.38,1.5059048
1242.966,1.5055499
1243.552,1.5051953
1244.138,1.5048409
1244.724,1.5044864
1245.31,1.5041323
1245.896,1.5037785
1246.482,1.5034249
1247.068,1.5030714
1247.654,1.5027184
1248.24,1.5023655
1248.826,1.502013
1249.412,1.5016605
1249.998,1.5013084
1250.584,1.5009565
1251.17,1.500605
1251.756,1.5002537
1252.342,1.4999025
1252.928,1.4995517
1253.514,1.4992009
1254.1,1.4988506
1254.686,1.4985005
1255.272,1.4981506
1255.858,1.4978011
1256.444,1.4974515
1257.03,1.4971025
1257.616,1.4967536
1258.202,1.4964049
1258.788,1.4960564
1259.374,1.4957083
1259.96,1.4953604
1260.546,1.4950128
1261.132,1.4946653
1261.718,1.4943181
1262.304,1.4939712
1262.89,1.4936244
1263.476,1.493278
1264.062,1.4929318
1264.648,1.4925859
1265.234,1.4922401
1265.82,1.4918946
1266.406,1.4915494
1266.992,1.4912044
1267.578,1.4908596
1268.164,1.4905151
1268.75,1.4901708
1269.336,1.4898268
1269.922,1.489483
1270.508,1.4891393
1271.094,1.4887961
1271.68,1.488453
1272.266,1.4881101
1272.852,1.4877676
1273.438,1.4874251
1274.024,1.487083
1274.61,1.4867411
1275.196,1.4863994
1275.782,1.486058
1276.368,1.4857168
1276.954,1.4853759
1277.54,1.4850352
1278.126,1.4846947
1278.712,1.4843544
1279.298,1.4840144
1279.884,1.4836746
1280.47,1.4833351
1281.056,1.4829957
1281.642,1.4826567
1282.228,1.4823179
1282.814,1.4819793
1283.4,1.4816409
1283.986,1.4813027
1284.572,1.4809649
1285.158,1.4806272
1285.744,1.4802897
1286.33,1.4799526
1286.916,1.4796156
1287.502,1.4792788
1288.088,1.4789423
1288.674,1.478606
1289.26,1.4782699
1289.846,1.477934
1290.432,1.4775984
1291.018,1.4772631
1291.604,1.476928
1292.19,1.476593
1292.776,1.4762584
1293.362,1.4759239
1293.948,1.4755896
1294.534,1.4752556
1295.12,1.4749219
1295.706,1.4745884
1296.292,1.4742551
1296.878,1.4739219
1297.464,1.4735891
1298.05,1.4732565
1298.636,1.4729241
1299.222,1.4725919
1299.808,1.4722599
1300.394,1.4719281
1300.98,1.4715967
1301.566,1.4712654
1302.152,1.4709343
1302.738,1.4706035
1303.324,1.4702729
1303.91,1.4699425
1304.496,1.4696124
1305.082,1.4692824
1305.668,1.4689527
1306.254,1.4686232
1306.84,1.4682939
1307.426,1.4679649
1308.012,1.467636
1308.598,1.4673074
1309.184,1.466979
1309.77,1.4666508
1310.356,1.4663229
1310.942,1.4659952
1311.528,1.4656677
1312.114,1.4653404
1312.7,1.4650134
1313.286,1.4646865
1313.872,1.4643599
1314.458,1.4640335
1315.044,1.4637073
1315.63,1.4633813
1316.216,1.4630556
1316.802,1.4627301
1317.388,1.4624047
1317.974,1.4620796
1318.56,1.4617548
1319.146,1.4614301
1319.732,1.4611057
1320.318,1.4607815
1320.904,1.4604574
1321.49,1.4601337
1322.076,1.4598101
1322.662,1.4594867
1323.248,1.4591635
1323.834,1.4588406
1324.42,1.4585179
1325.006,1.4581954
1325.592,1.4578731
1326.178,1.4575511
1326.764,1.4572293
1327.35,1.4569076
1327.936,1.4565861
1328.522,1.456265
1329.108,1.4559439
1329.694,1.4556231
1330.28,1.4553026
1330.866,1.4549822
1331.452,1.4546621
1332.038,1.4543421
1332.624,1.4540224
1333.21,1.4537029
1333.796,1.4533836
1334.382,1.4530644
1334.968,1.4527456
1335.554,1.4524269
1336.14,1.4521084
1336.726,1.4517901
1337.312,1.451472
1337.898,1.4511544
1338.484,1.4508367
1339.07,1.4505192
1339.656,1.450202
1340.242,1.449885
1340.828,1.4495683
1341.414,1.4492517
1342,1.4489353
1342.586,1.4486191
1343.172,1.4483031
1343.758,1.4479874
1344.344,1.4476718
1344.93,1.4473566
1345.516,1.4470414
1346.102,1.4467264
1346.688,1.4464117
1347.274,1.4460973
1347.86,1.4457829
1348.446,1.4454688
1349.032,1.4451549
1349.618,1.4448413
1350.204,1.4445277
1350.79,1.4442145
1351.376,1.4439014
1351.962,1.4435885
1352.548,1.4432758
1353.134,1.4429634
1353.72,1.442651
1354.306,1.4423388
1354.892,1.4420269
1355.478,1.4417151
1356.064,1.4414035
1356.65,1.4410921
1357.236,1.4407809
1357.822,1.44047
1358.408,1.4401591
1358.994,1.4398485
1359.58,1.4395382
1360.166,1.4392281
1360.752,1.438918
1361.338,1.4386083
1361.924,1.4382987
1362.51,1.4379894
1363.096,1.4376801
1363.682,1.4373711
1364.268,1.4370624
1364.854,1.4367537
1365.44,1.4364454
1366.026,1.4361372
1366.612,1.4358293
1367.198,1.4355215
1367.784,1.4352139
1368.37,1.4349066
1368.956,1.4345993
1369.542,1.4342923
1370.128,1.4339856
1370.714,1.433679
1371.3,1.4333726
1371.886,1.4330664
1372.472,1.4327604
1373.058,1.4324546
1373.644,1.4321489
1374.23,1.4318435
1374.816,1.4315383
1375.402,1.4312333
1375.988,1.4309285
1376.574,1.4306238
1377.16,1.4303193
1377.746,1.4300152
1378.332,1.4297111
1378.918,1.4294072
1379.504,1.4291036
1380.09,1.4288001
1380.676,1.4284968
1381.262,1.4281938
1381.848,1.4278909
1382.434,1.4275882
1383.02,1.4272857
1383.606,1.4269834
1384.192,1.4266813
1384.778,1.4263793
1385.364,1.4260776
1385.95,1.4257761
1386.536,1.4254748
1387.122,1.4251736
1387.708,1.4248726
1388.294,1.4245719
1388.88,1.4242712
1389.466,1.4239709
1390.052,1.4236706
1390.638,1.4233706
1391.224,1.4230709
1391.81,1.4227712
1392.396,1.4224718
1392.982,1.4221725
1393.568,1.4218735
1394.154,1.4215746
1394.74,1.421276
1395.326,1.4209774
1395.912,1.4206791
1396.498,1.4203809
1397.084,1.420083
1397.67,1.4197853
1398.256,1.4194877
1398.842,1.4191904
1399.428,1.4188932
1400.014,1.4185961
1400.6,1.4182994
1401.186,1.4180028
1401.772,1.4177064
1402.358,1.4174101
1402.944,1.417114
1403.53,1.4168181
1404.116,1.4165225
1404.702,1.416227
1405.288,1.4159317
1405.874,1.4156365
1406.46,1.4153416
1407.046,1.4150468
1407.632,1.4147522
1408.218,1.4144578
1408.804,1.4141636
1409.39,1.4138696
1409.976,1.4135756
1410.562,1.413282
1411.148,1.4129885
1411.734,1.4126953
1412.32,1.4124022
1412.906,1.4121093
1413.492,1.4118165
1414.078,1.4115239
1414.664,1.4112315
1415.25,1.4109393
1415.836,1.4106473
1416.422,1.4103554
1417.008,1.4100639
1417.594,1.4097723
1418.18,1.409481
1418.766,1.4091899
1419.352,1.4088991
1419.938,1.4086082
1420.524,1.4083177
1421.11,1.4080273
1421.696,1.4077371
1422.282,1.407447
1422.868,1.4071572
1423.454,1.4068675
1424.04,1.4065781
1424.626,1.4062887
1425.212,1.4059995
1425.798,1.4057106
1426.384,1.4054219
1426.97,1.4051331
1427.556,1.4048448
1428.142,1.4045565
1428.728,1.4042685
1429.314,1.4039806
1429.9,1.4036928
1430.486,1.4034053
1431.072,1.4031179
1431.658,1.4028307
1432.244,1.4025438
1432.83,1.402257
1433.416,1.4019703
1434.002,1.4016838
1434.588,1.4013975
1435.174,1.4011114
1435.76,1.4008254
1436.346,1.4005396
1436.932,1.400254
1437.518,1.3999686
1438.104,1.3996834
1438.69,1.3993983
1439.276,1.3991133
1439.862,1.3988286
1440.448,1.3985441
1441.034,1.3982598
1441.62,1.3979754
1442.206,1.3976915
1442.792,1.3974077
1443.378,1.3971239
1443.964,1.3968403
1444.55,1.3965571
1445.136,1.3962739
1445.722,1.3959908
1446.308,1.3957081
1446.894,1.3954254
1447.48,1.3951429
1448.066,1.3948606
1448.652,1.3945785
1449.238,1.3942965
1449.824,1.3940147
1450.41,1.3937331
1450.996,1.3934516
1451.582,1.3931704
1452.168,1.3928893
1452.754,1.3926083
1453.34,1.3923274
1453.926,1.3920469
1454.512,1.3917664
1455.098,1.3914862
1455.684,1.391206
1456.27,1.3909261
1456.856,1.3906463
1457.442,1.3903669
1458.028,1.3900874
1458.614,1.3898082
1459.2,1.3895291
1459.786,1.3892502
1460.372,1.3889714
1460.958,1.3886929
1461.544,1.3884144
1462.13,1.3881361
1462.716,1.387858
1463.302,1.3875802
1463.888,1.3873024
1464.474,1.3870249
1465.06,1.3867475
1465.646,1.3864702
1466.232,1.3861932
1466.818,1.3859162
1467.404,1.3856395
1467.99,1.3853629
1468.576,1.3850865
1469.162,1.3848102
1469.748,1.3845341
1470.334,1.3842583
1470.92,1.3839825
1471.506,1.3837069
1472.092,1.3834316
1472.678,1.3831563
1473.264,1.3828812
1473.85,1.3826061
1474.436,1.3823315
1475.022,1.3820568
1475.608,1.3817824
1476.194,1.3815081
1476.78,1.381234
1477.366,1.3809601
1477.952,1.3806863
1478.538,1.3804127
1479.124,1.3801392
1479.71,1.3798659
1480.296,1.3795928
1480.882,1.3793198
1481.468,1.379047
1482.054,1.3787744
1482.64,1.3785019
1483.226,1.3782295
1483.812,1.3779573
1484.398,1.3776854
1484.984,1.3774135
1485.57,1.3771418
1486.156,1.3768704
1486.742,1.376599
1487.328,1.3763279
1487.914,1.3760568
1488.5,1.3757858
1489.086,1.3755151
1489.672,1.3752446
1490.258,1.3749743
1490.844,1.374704
1491.43,1.3744339
1492.016,1.374164
1492.602,1.3738942
1493.188,1.3736246
1493.774,1.3733552
1494.36,1.3730859
1494.946,1.3728168
1495.532,1.3725477
1496.118,1.3722789
1496.704,1.3720104
1497.29,1.3717419
1497.876,1.3714736
1498.462,1.3712053
1499.048,1.3709373
1499.634,1.3706695
1500.22,1.3704017
1500.806,1.3701342
1501.392,1.3698667
1501.978,1.3695996
1502.564,1.3693324
1503.15,1.3690655
1503.736,1.3687987
1504.322,1.3685322
1504.908,1.3682657
1505.494,1.3679993
1506.08,1.3677332
1506.666,1.3674673
1507.252,1.3672013
1507.838,1.3669357
1508.424,1.3666703
1509.01,1.3664048
1509.596,1.3661397
1510.182,1.3658745
1510.768,1.3656096
1511.354,1.3653449
1511.94,1.3650802
1512.526,1.3648158
1513.112,1.3645515
1513.698,1.3642874
1514.284,1.3640234
1514.87,1.3637596
1515.456,1.3634959
1516.042,1.3632324
1516.628,1.362969
1517.214,1.3627058
1517.8,1.3624427
1518.386,1.3621798
1518.972,1.361917
1519.558,1.3616544
1520.144,1.361392
1520.73,1.3611296
1521.316,1.3608675
1521.902,1.3606055
1522.488,1.3603437
1523.074,1.3600819
1523.66,1.3598204
1524.246,1.3595589
1524.832,1.3592978
1525.418,1.3590366
1526.004,1.3587757
1526.59,1.3585149
1527.176,1.3582542
1527.762,1.3579937
1528.348,1.3577334
1528.934,1.3574731
1529.52,1.3572131
1530.106,1.3569533
1530.692,1.3566935
1531.278,1.3564339
1531.864,1.3561743
1532.45,1.3559151
1533.036,1.3556559
1533.622,1.355397
1534.208,1.3551381
1534.794,1.3548794
1535.38,1.3546208
1535.966,1.3543624
1536.552,1.3541042
1537.138,1.353846
1537.724,1.353588
1538.31,1.3533301
1538.896,1.3530725
1539.482,1.3528149
1540.068,1.3525577
1540.654,1.3523004
1541.24,1.3520433
1541.826,1.3517863
1542.412,1.3515295
1542.998,1.3512728
1543.584,1.3510164
1544.17,1.35076
1544.756,1.3505038
1545.342,1.3502477
1545.928,1.3499918
1546.514,1.349736
1547.1,1.3494804
1547.686,1.3492249
1548.272,1.3489696
1548.858,1.3487144
1549.444,1.3484594
1550.03,1.3482044
1550.616,1.3479496
1551.202,1.347695
1551.788,1.3474406
1552.374,1.3471862
1552.96,1.3469321
1553.546,1.346678
1554.132,1.3464241
1554.718,1.3461703
1555.304,1.3459167
1555.89,1.3456633
1556.476,1.34541
1557.062,1.3451568
1557.648,1.3449037
1558.234,1.3446509
1558.82,1.344398
1559.406,1.3441454
1559.992,1.3438929
1560.578,1.3436407
1561.164,1.3433884
1561.75,1.3431364
1562.336,1.3428845
1562.922,1.3426328
1563.508,1.3423811
1564.094,1.3421297
1564.68,1.3418783
1565.266,1.3416271
1565.852,1.3413761
1566.438,1.3411251
1567.024,1.3408744
1567.61,1.3406237
1568.196,1.3403733
1568.782,1.3401229
1569.368,1.3398727
1569.954,1.3396226
1570.54,1.3393728
1571.126,1.3391229
1571.712,1.3388733
1572.298,1.3386238
1572.884,1.3383744
1573.47,1.3381251
1574.056,1.3378761
1574.642,1.3376271
1575.228,1.3373783
1575.814,1.3371296
1576.4,1.336881
1576.986,1.3366327
1577.572,1.3363844
1578.158,1.3361363
1578.744,1.3358883
1579.33,1.3356404
1579.916,1.3353927
1580.502,1.3351451
1581.088,1.3348978
1581.674,1.3346504
1582.26,1.3344033
1582.846,1.3341563
1583.432,1.3339094
1584.018,1.3336626
1584.604,1.333416
1585.19,1.3331696
1585.776,1.3329232
1586.362,1.332677
1586.948,1.332431
1587.534,1.332185
1588.12,1.3319392
1588.706,1.3316935
1589.292,1.331448
1589.878,1.3312026
1590.464,1.3309574
1591.05,1.3307123
1591.636,1.3304673
1592.222,1.3302225
1592.808,1.3299778
1593.394,1.3297331
1593.98,1.3294888
1594.566,1.3292444
1595.152,1.3290002
1595.738,1.3287562
1596.324,1.3285123
1596.91,1.3282685
1597.496,1.3280249
1598.082,1.3277814
1598.668,1.327538
1599.254,1.3272948
1599.84,1.3270516
1600.426,1.3268087
1601.012,1.326566
1601.598,1.3263233
1602.184,1.3260807
1602.77,1.3258382
1603.356,1.3255959
1603.942,1.3253537
1604.528,1.3251117
1605.114,1.3248698
1605.7,1.324628
1606.286,1.3243864
1606.872,1.3241448
1607.458,1.3239036
1608.044,1.3236623
1608.63,1.3234211
1609.216,1.3231802
1609.802,1.3229394
1610.388,1.3226986
1610.974,1.322458
1611.56,1.3222176
1612.146,1.3219773
1612.732,1.3217371
1613.318,1.3214971
1613.904,1.3212571
1614.49,1.3210173
1615.076,1.3207777
1615.662,1.320538
1616.248,1.3202987
1616.834,1.3200594
1617.42,1.3198203
1618.006,1.3195813
1618.592,1.3193424
1619.178,1.3191036
1619.764,1.3188649
1620.35,1.3186265
1620.936,1.3183881
1621.522,1.3181498
1622.108,1.3179117
1622.694,1.3176738
1623.28,1.3174359
1623.866,1.3171982
1624.452,1.3169606
1625.038,1.3167231
1625.624,1.3164858
1626.21,1.3162485
1626.796,1.3160115
1627.382,1.3157746
1627.968,1.3155377
1628.554,1.3153011
1629.14,1.3150644
1629.726,1.314828
1630.312,1.3145916
1630.898,1.3143555
1631.484,1.3141195
1632.07,1.3138835
1632.656,1.3136477
1633.242,1.3134121
1633.828,1.3131764
1634.414,1.3129411
1635,1.3127058
1635.586,1.3124706
1636.172,1.3122355
1636.758,1.3120006
1637.344,1.3117658
1637.93,1.3115311
1638.516,1.3112966
1639.102,1.3110622
1639.688,1.3108279
1640.274,1.3105937
1640.86,1.3103596
1641.446,1.3101257
1642.032,1.3098919
1642.618,1.3096583
1643.204,1.3094248
1643.79,1.3091913
1644.376,1.3089581
1644.962,1.3087249
1645.548,1.3084918
1646.134,1.3082589
1646.72,1.3080261
1647.306,1.3077934
1647.892,1.3075609
1648.478,1.3073285
1649.064,1.3070961
1649.65,1.306864
1650.236,1.3066319
1650.822,1.3064001
1651.408,1.3061682
1651.994,1.3059365
1652.58,1.305705
1653.166,1.3054736
1653.752,1.3052422
1654.338,1.305011
1654.924,1.3047799
1655.51,1.304549
1656.096,1.3043182
1656.682,1.3040875
1657.268,1.3038568
1657.854,1.3036264
1658.44,1.3033961
1659.026,1.3031659
1659.612,1.3029358
1660.198,1.3027059
1660.784,1.302476
1661.37,1.3022463
1661.956,1.3020167
1662.542,1.3017873
1663.128,1.3015579
1663.714,1.3013287
1664.3,1.3010995
1664.886,1.3008705
1665.472,1.3006417
1666.058,1.3004129
1666.644,1.3001842
1667.23,1.2999557
1667.816,1.2997273
1668.402,1.299499
1668.988,1.2992709
1669.574,1.2990428
1670.16,1.298815
1670.746,1.2985872
1671.332,1.2983595
1671.918,1.2981319
1672.504,1.2979045
1673.09,1.2976772
1673.676,1.2974501
1674.262,1.297223
1674.848,1.296996
1675.434,1.2967691
1676.02,1.2965424
1676.606,1.2963158
1677.192,1.2960893
1677.778,1.295863
1678.364,1.2956368
1678.95,1.2954106
1679.536,1.2951846
1680.122,1.2949587
1680.708,1.2947329
1681.294,1.2945073
1681.88,1.2942817
1682.466,1.2940563
1683.052,1.293831
1683.638,1.2936058
1684.224,1.2933809
1684.81,1.2931559
1685.396,1.2929311
1685.982,1.2927064
1686.568,1.2924817
1687.154,1.2922573
1687.74,1.2920328
1688.326,1.2918086
1688.912,1.2915845
1689.498,1.2913605
1690.084,1.2911366
1690.67,1.2909129
1691.256,1.2906891
1691.842,1.2904656
1692.428,1.2902422
1693.014,1.2900189
1693.6,1.2897956
1694.186,1.2895726
1694.772,1.2893497
1695.358,1.2891268
1695.944,1.2889041
1696.53,1.2886814
1697.116,1.2884589
1697.702,1.2882365
1698.288,1.2880143
1698.874,1.2877921
1699.46,1.2875701
1700.046,1.2873482
1700.632,1.2871263
1701.218,1.2869046
1701.804,1.2866831
1702.39,1.2864616
1702.976,1.2862402
1703.562,1.286019
1704.148,1.2857978
1704.734,1.2855768
1705.32,1.2853559
1705.906,1.2851351
1706.492,1.2849145
1707.078,1.2846938
1707.664,1.2844734
1708.25,1.2842531
1708.836,1.2840329
1709.422,1.2838128
1710.008,1.2835928
1710.594,1.283373
1711.18,1.2831532
1711.766,1.2829335
1712.352,1.282714
1712.938,1.2824945
1713.524,1.2822752
1714.11,1.282056
1714.696,1.2818369
1715.282,1.281618
1715.868,1.2813991
1716.454,1.2811804
1717.04,1.2809618
1717.626,1.2807431
1718.212,1.2805247
1718.798,1.2803065
1719.384,1.2800882
1719.97,1.2798702
1720.556,1.2796522
1721.142,1.2794343
1721.728,1.2792166
1722.314,1.278999
1722.9,1.2787814
1723.486,1.278564
1724.072,1.2783467
1724.658,1.2781295
1725.244,1.2779124
1725.83,1.2776954
1726.416,1.2774786
1727.002,1.2772619
1727.588,1.2770451
1728.174,1.2768286
1728.76,1.2766123
1729.346,1.2763959
1729.932,1.2761797
1730.518,1.2759637
1731.104,1.2757477
1731.69,1.2755318
1732.276,1.275316
1732.862,1.2751004
1733.448,1.2748848
1734.034,1.2746694
1734.62,1.274454
1735.206,1.2742388
1735.792,1.2740238
1736.378,1.2738087
1736.964,1.2735938
1737.55,1.2733791
1738.136,1.2731644
1738.722,1.2729498
1739.308,1.2727354
1739.894,1.272521
1740.48,1.2723068
1741.066,1.2720927
1741.652,1.2718786
1742.238,1.2716647
1742.824,1.2714509
1743.41,1.2712371
1743.996,1.2710236
1744.582,1.2708101
1745.168,1.2705967
1745.754,1.2703835
1746.34,1.2701703
1746.926,1.2699573
1747.512,1.2697443
1748.098,1.2695315
1748.684,1.2693187
1749.27,1.2691061
1749.856,1.2688936
1750.442,1.2686812
1751.028,1.2684689
1751.614,1.2682567
1752.2,1.2680446
1752.786,1.2678326
1753.372,1.2676208
1753.958,1.267409
1754.544,1.2671973
1755.13,1.2669858
1755.716,1.2667743
1756.302,1.2665629
1756.888,1.2663517
1757.474,1.2661406
1758.06,1.2659295
1758.646,1.2657186
1759.232,1.2655078
1759.818,1.2652971
1760.404,1.2650864
1760.99,1.2648759
1761.576,1.2646656
1762.162,1.2644552
1762.748,1.264245
1763.334,1.264035
1763.92,1.2638251
1764.506,1.2636151
1765.092,1.2634053
1765.678,1.2631956
1766.264,1.2629861
1766.85,1.2627766
1767.436,1.2625673
1768.022,1.2623581
1768.608,1.262149
1769.194,1.2619399
1769.78,1.2617309
1770.366,1.2615221
1770.952,1.2613134
1771.538,1.2611047
1772.124,1.2608962
1772.71,1.2606878
1773.296,1.2604795
1773.882,1.2602713
1774.468,1.2600632
1775.054,1.2598552
1775.64,1.2596473
1776.226,1.2594395
1776.812,1.2592318
1777.398,1.2590241
1777.984,1.2588167
1778.57,1.2586093
1779.156,1.258402
1779.742,1.2581948
1780.328,1.2579877
1780.914,1.2577808
1781.5,1.2575738
1782.086,1.2573671
1782.672,1.2571604
1783.258,1.2569538
1783.844,1.2567474
1784.43,1.256541
1785.016,1.2563348
1785.602,1.2561285
1786.188,1.2559226
1786.774,1.2557166
1787.36,1.2555107
1787.946,1.2553049
1788.532,1.2550993
1789.118,1.2548938
1789.704,1.2546883
1790.29,1.2544829
1790.876,1.2542777
1791.462,1.2540725
1792.048,1.2538675
1792.634,1.2536625
1793.22,1.2534577
1793.806,1.2532529
1794.392,1.2530483
1794.978,1.2528437
1795.564,1.2526393
1796.15,1.252435
1796.736,1.2522306
1797.322,1.2520266
1797.908,1.2518225
1798.494,1.2516185
1799.08,1.2514147
1799.666,1.2512109
1800.252,1.2510073
1800.838,1.2508037
1801.424,1.2506002
1802.01,1.250397
1802.596,1.2501937
1803.182,1.2499905
1803.768,1.2497874
1804.354,1.2495846
1804.94,1.2493817
1805.526,1.2491789
1806.112,1.2489762
1806.698,1.2487737
1807.284,1.2485712
1807.87,1.2483689
1808.456,1.2481666
1809.042,1.2479644
1809.628,1.2477623
1810.214,1.2475604
1810.8,1.2473586
1811.386,1.2471567
1811.972,1.246955
1812.558,1.2467535
1813.144,1.246552
1813.73,1.2463506
1814.316,1.2461493
1814.902,1.2459482
1815.488,1.2457471
1816.074,1.2455461
1816.66,1.2453452
1817.246,1.2451444
1817.832,1.2449437
1818.418,1.2447431
1819.004,1.2445426
1819.59,1.2443422
1820.176,1.2441418
1820.762,1.2439417
1821.348,1.2437415
1821.934,1.2435415
1822.52,1.2433416
1823.106,1.2431418
1823.692,1.242942
1824.278,1.2427424
1824.864,1.2425429
1825.45,1.2423434
1826.036,1.2421441
1826.622,1.2419448
1827.208,1.2417456
1827.794,1.2415466
1828.38,1.2413477
1828.966,1.2411488
1829.552,1.24095
1830.138,1.2407514
1830.724,1.2405528
1831.31,1.2403543
1831.896,1.2401559
1832.482,1.2399576
1833.068,1.2397594
1833.654,1.2395613
1834.24,1.2393633
1834.826,1.2391654
1835.412,1.2389675
1835.998,1.2387698
1836.584,1.2385722
1837.17,1.2383747
1837.756,1.2381772
1838.342,1.2379799
1838.928,1.2377826
1839.514,1.2375854
1840.1,1.2373884
1840.686,1.2371914
1841.272,1.2369946
1841.858,1.2367978
1842.444,1.2366011
1843.03,1.2364045
1843.616,1.236208
1844.202,1.2360116
1844.788,1.2358153
1845.374,1.2356191
1845.96,1.235423
1846.546,1.2352269
1847.132,1.235031
1847.718,1.2348351
1848.304,1.2346394
1848.89,1.2344438
1849.476,1.2342482
1850.062,1.2340528
1850.648,1.2338574
1851.234,1.2336621
1851.82,1.2334669
1852.406,1.2332718
1852.992,1.2330768
1853.578,1.2328819
1854.164,1.2326871
1854.75,1.2324923
1855.336,1.2322977
1855.922,1.2321032
1856.508,1.2319087
1857.094,1.2317144
1857.68,1.2315201
1858.266,1.2313259
1858.852,1.2311318
1859.438,1.2309378
1860.024,1.2307439
1860.61,1.2305502
1861.196,1.2303565
1861.782,1.2301627
1862.368,1.2299693
1862.954,1.2297758
1863.54,1.2295824
1864.126,1.2293892
1864.712,1.2291961
1865.298,1.229003
1865.884,1.2288101
1866.47,1.2286171
1867.056,1.2284243
1867.642,1.2282317
1868.228,1.228039
1868.814,1.2278465
1869.4,1.227654
1869.986,1.2274617
1870.572,1.2272694
1871.158,1.2270772
1871.744,1.2268852
1872.33,1.2266932
1872.916,1.2265013
1873.502,1.2263095
1874.088,1.2261178
1874.674,1.2259262
1875.26,1.2257347
1875.846,1.2255431
1876.432,1.2253518
1877.018,1.2251606
1877.604,1.2249694
1878.19,1.2247783
1878.776,1.2245873
1879.362,1.2243965
1879.948,1.2242056
1880.534,1.2240149
1881.12,1.2238243
1881.706,1.2236336
1882.292,1.2234433
1882.878,1.2232529
1883.464,1.2230625
1884.05,1.2228724
1884.636,1.2226824
1885.222,1.2224923
1885.808,1.2223023
1886.394,1.2221125
1886.98,1.2219228
1887.566,1.2217331
1888.152,1.2215436
1888.738,1.2213541
1889.324,1.2211647
1889.91,1.2209754
1890.496,1.2207862
1891.082,1.220597
1891.668,1.220408
1892.254,1.220219
1892.84,1.2200302
1893.426,1.2198414
1894.012,1.2196527
1894.598,1.2194641
1895.184,1.2192756
1895.77,1.2190871
1896.356,1.2188988
1896.942,1.2187105
1897.528,1.2185224
1898.114,1.2183343
1898.7,1.2181463
1899.286,1.2179585
1899.872,1.2177707
1900.458,1.2175829
1901.044,1.2173953
1901.63,1.2172077
1902.216,1.2170203
1902.802,1.2168329
1903.388,1.2166456
1903.974,1.2164583
1904.56,1.2162713
1905.146,1.2160842
1905.732,1.2158973
1906.318,1.2157104
1906.904,1.2155237
1907.49,1.215337
1908.076,1.2151504
1908.662,1.2149639
1909.248,1.2147775
1909.834,1.2145911
1910.42,1.2144048
1911.006,1.2142186
1911.592,1.2140325
1912.178,1.2138466
1912.764,1.2136607
1913.35,1.2134749
1913.936,1.2132891
1914.522,1.2131034
1915.108,1.2129178
1915.694,1.2127324
1916.28,1.2125469
1916.866,1.2123617
1917.452,1.2121764
1918.038,1.2119913
1918.624,1.2118063
1919.21,1.2116213
1919.796,1.2114364
1920.382,1.2112516
1920.968,1.2110668
1921.554,1.2108822
1922.14,1.2106977
1922.726,1.2105132
1923.312,1.2103288
1923.898,1.2101445
1924.484,1.2099603
1925.07,1.2097762
1925.656,1.2095922
1926.242,1.2094082
1926.828,1.2092243
1927.414,1.2090405
1928,1.2088568
1928.586,1.2086732
1929.172,1.2084897
1929.758,1.2083062
1930.344,1.2081228
1930.93,1.2079395
1931.516,1.2077564
1932.102,1.2075733
1932.688,1.2073902
1933.274,1.2072073
1933.86,1.2070243
1934.446,1.2068416
1935.032,1.2066588
1935.618,1.2064763
1936.204,1.2062938
1936.79,1.2061113
1937.376,1.2059289
1937.962,1.2057467
1938.548,1.2055645
1939.134,1.2053823
1939.72,1.2052003
1940.306,1.2050183
1940.892,1.2048362
1941.478,1.2046545
1942.064,1.2044725
1942.65,1.2042909
1943.236,1.2041092
1943.822,1.2039276
1944.408,1.2037462
1944.994,1.2035648
1945.58,1.2033834
1946.166,1.2032022
1946.752,1.2030212
1947.338,1.2028401
1947.924,1.202659
1948.51,1.2024782
1949.096,1.2022973
1949.682,1.2021166
1950.268,1.201936
1950.854,1.2017554
1951.44,1.2015749
1952.026,1.2013944
1952.612,1.2012142
1953.198,1.2010339
1953.784,1.2008538
1954.37,1.2006737
1954.956,1.2004937
1955.542,1.2003137
1956.128,1.2001339
1956.714,1.1999542
1957.3,1.1997745
1957.886,1.1995949
1958.472,1.1994153
1959.058,1.1992359
1959.644,1.1990566
1960.23,1.1988773
1960.816,1.1986982
1961.402,1.198519
1961.988,1.1983399
1962.574,1.198161
1963.16,1.1979821
1963.746,1.1978033
1964.332,1.1976246
1964.918,1.197446
1965.504,1.1972674
1966.09,1.197089
1966.676,1.1969105
1967.262,1.1967323
1967.848,1.1965541
1968.434,1.1963758
1969.02,1.1961977
1969.606,1.1960198
1970.192,1.1958419
1970.778,1.195664
1971.364,1.1954863
1971.95,1.1953086
1972.536,1.1951309
1973.122,1.1949534
1973.708,1.1947761
1974.294,1.1945987
1974.88,1.1944214
1975.466,1.1942443
1976.052,1.1940671
1976.638,1.1938901
1977.224,1.1937131
1977.81,1.1935362
1978.396,1.1933594
1978.982,1.1931827
1979.568,1.193006
1980.154,1.1928295
1980.74,1.1926529
1981.326,1.1924765
1981.912,1.1923002
1982.498,1.1921239
1983.084,1.1919478
1983.67,1.1917716
1984.256,1.1915957
1984.842,1.1914197
1985.428,1.1912439
1986.014,1.1910681
1986.6,1.1908923
1987.186,1.1907167
1987.772,1.1905411
1988.358,1.1903657
1988.944,1.1901903
1989.53,1.190015
1990.116,1.1898397
1990.702,1.1896646
1991.288,1.1894895
1991.874,1.1893145
1992.46,1.1891395
1993.046,1.1889647
1993.632,1.1887898
1994.218,1.1886152
1994.804,1.1884406
1995.39,1.188266
1995.976,1.1880915
1996.562,1.1879172
1997.148,1.1877428
1997.734,1.1875687
1998.32,1.1873945
1998.906,1.1872203
1999.492,1.1870464
2000.078,1.1868725
2000.664,1.1866986
2001.25,1.1865247
2001.836,1.1863511
2002.422,1.1861775
2003.008,1.1860039
2003.594,1.1858305
2004.18,1.185657
2004.766,1.1854838
2005.352,1.1853105
2005.938,1.1851373
2006.524,1.1849643
2007.11,1.1847912
2007.696,1.1846182
2008.282,1.1844455
2008.868,1.1842726
2009.454,1.1840999
2010.04,1.1839273
2010.626,1.1837547
2011.212,1.1835823
2011.798,1.1834098
2012.384,1.1832376
2012.97,1.1830653
2013.556,1.182893
2014.142,1.182721
2014.728,1.182549
2015.314,1.182377
2015.9,1.1822051
2016.486,1.1820333
2017.072,1.1818615
2017.658,1.1816899
2018.244,1.1815183
2018.83,1.1813469
2019.416,1.1811754
2020.002,1.181004
2020.588,1.1808327
2021.174,1.1806616
2021.76,1.1804905
2022.346,1.1803194
2022.932,1.1801484
2023.518,1.1799774
2024.104,1.1798067
2024.69,1.1796359
2025.276,1.1794652
2025.862,1.1792946
2026.448,1.1791241
2027.034,1.1789536
2027.62,1.1787832
2028.206,1.1786129
2028.792,1.1784427
2029.378,1.1782725
2029.964,1.1781024
2030.55,1.1779324
2031.136,1.1777624
2031.722,1.1775926
2032.308,1.1774228
2032.894,1.1772531
2033.48,1.1770834
2034.066,1.1769139
2034.652,1.1767443
2035.238,1.1765749
2035.824,1.1764055
2036.41,1.1762363
2036.996,1.1760671
2037.582,1.175898
2038.168,1.1757289
2038.754,1.1755599
2039.34,1.175391
2039.926,1.1752222
2040.512,1.1750534
2041.098,1.1748847
2041.684,1.174716
2042.27,1.1745474
2042.856,1.174379
2043.442,1.1742107
2044.028,1.1740423
2044.614,1.173874
2045.2,1.1737058
2045.786,1.1735377
2046.372,1.1733696
2046.958,1.1732017
2047.544,1.1730338
2048.13,1.172866
2048.716,1.1726983
2049.302,1.1725307
2049.888,1.1723629
2050.474,1.1721954
2051.06,1.1720279
2051.646,1.1718606
2052.232,1.1716932
2052.818,1.171526
2053.404,1.1713588
2053.99,1.1711917
2054.576,1.1710247
2055.162,1.1708578
2055.748,1.1706909
2056.334,1.1705241
2056.92,1.1703573
2057.506,1.1701907
2058.092,1.170024
2058.678,1.1698575
2059.264,1.1696911
2059.85,1.1695247
2060.436,1.1693584
2061.022,1.1691921
2061.608,1.1690259
2062.194,1.1688598
2062.78,1.1686938
2063.366,1.1685278
2063.952,1.1683619
2064.538,1.1681961
2065.124,1.1680304
2065.71,1.1678647
2066.296,1.1676991
2066.882,1.1675335
2067.468,1.1673681
2068.054,1.1672027
2068.64,1.1670374
2069.226,1.1668721
2069.812,1.1667069
2070.398,1.1665418
2070.984,1.1663768
2071.57,1.1662118
2072.156,1.166047
2072.742,1.1658821
2073.328,1.1657174
2073.914,1.1655526
2074.5,1.165388
2075.086,1.1652235
2075.672,1.165059
2076.258,1.1648946
2076.844,1.1647303
2077.43,1.164566
2078.016,1.1644018
2078.602,1.1642376
2079.188,1.1640736
2079.774,1.1639096
2080.36,1.1637456
2080.946,1.1635818
2081.532,1.1634181
2082.118,1.1632544
2082.704,1.1630907
2083.29,1.1629272
2083.876,1.1627636
2084.462,1.1626002
2085.048,1.1624368
2085.634,1.1622735
2086.22,1.1621103
2086.806,1.1619471
2087.392,1.1617841
2087.978,1.1616211
2088.564,1.1614581
2089.15,1.1612953
2089.736,1.1611325
2090.322,1.1609697
2090.908,1.160807
2091.494,1.1606444
2092.08,1.1604818
2092.666,1.1603194
2093.252,1.160157
2093.838,1.1599946
2094.424,1.1598324
2095.01,1.1596702
2095.596,1.1595081
2096.182,1.159346
2096.768,1.159184
2097.354,1.1590221
2097.94,1.1588602
2098.526,1.1586984
2099.112,1.1585368
2099.698,1.1583751
2100.284,1.1582135
2100.87,1.158052
2101.456,1.1578906
2102.042,1.1577291
2102.628,1.1575679
2103.214,1.1574066
2103.8,1.1572455
2104.386,1.1570843
2104.972,1.1569233
2105.558,1.1567624
2106.144,1.1566014
2106.73,1.1564406
2107.316,1.1562798
2107.902,1.1561191
2108.488,1.1559585
2109.074,1.155798
2109.66,1.1556375
2110.246,1.155477
2110.832,1.1553167
2111.418,1.1551564
2112.004,1.1549962
2112.59,1.1548359
2113.176,1.1546758
2113.762,1.1545159
2114.348,1.1543559
2114.934,1.154196
2115.52,1.1540362
2116.106,1.1538764
2116.692,1.1537167
2117.278,1.1535571
2117.864,1.1533976
2118.45,1.1532381
2119.036,1.1530787
2119.622,1.1529192
2120.208,1.1527599
2120.794,1.1526008
2121.38,1.1524416
2121.966,1.1522825
2122.552,1.1521235
2123.138,1.1519644
2123.724,1.1518056
2124.31,1.1516467
2124.896,1.1514879
2125.482,1.1513293
2126.068,1.1511706
2126.654,1.1510121
2127.24,1.1508536
2127.826,1.1506952
2128.412,1.1505368
2128.998,1.1503785
2129.584,1.1502203
2130.17,1.1500621
2130.756,1.149904
2131.342,1.1497459
2131.928,1.149588
2132.514,1.14943
2133.1,1.1492722
2133.686,1.1491145
2134.272,1.1489567
2134.858,1.1487991
2135.444,1.1486415
2136.03,1.148484
2136.616,1.1483265
2137.202,1.1481692
2137.788,1.1480118
2138.374,1.1478546
2138.96,1.1476973
2139.546,1.1475402
2140.132,1.1473832
2140.718,1.1472262
2141.304,1.1470692
2141.89,1.1469125
2142.476,1.1467556
2143.062,1.1465988
2143.648,1.1464422
2144.234,1.1462855
2144.82,1.146129
2145.406,1.1459726
2145.992,1.1458161
2146.578,1.1456598
2147.164,1.1455035
2147.75,1.1453472
2148.336,1.1451911
2148.922,1.145035
2149.508,1.144879
2150.094,1.1447231
2150.68,1.1445671
2151.266,1.1444113
2151.852,1.1442555
2152.438,1.1440998
2153.024,1.1439441
2153.61,1.1437886
2154.196,1.1436331
2154.782,1.1434777
2155.368,1.1433222
2155.954,1.1431669
2156.54,1.1430117
2157.126,1.1428565
2157.712,1.1427013
2158.298,1.1425461
2158.884,1.1423908
2159.47,1.1422358
2160.056,1.1420808
2160.642,1.1419258
2161.228,1.141771
2161.814,1.1416161
2162.4,1.1414614
2162.986,1.1413068
2163.572,1.1411521
2164.158,1.1409975
2164.744,1.140843
2165.33,1.1406885
2165.916,1.1405342
2166.502,1.1403799
2167.088,1.1402256
2167.674,1.1400714
2168.26,1.1399173
2168.846,1.1397632
2169.432,1.1396092
2170.018,1.1394553
2170.604,1.1393014
2171.19,1.1391476
2171.776,1.1389939
2172.362,1.1388402
2172.948,1.1386865
2173.534,1.138533
2174.12,1.1383796
2174.706,1.138226
2175.292,1.1380727
2175.878,1.1379194
2176.464,1.1377661
2177.05,1.1376129
2177.636,1.1374599
2178.222,1.1373068
2178.808,1.1371537
2179.394,1.1370008
2179.98,1.136848
2180.566,1.1366951
2181.152,1.1365424
2181.738,1.1363897
2182.324,1.136237
2182.91,1.1360846
2183.496,1.135932
2184.082,1.1357796
2184.668,1.1356272
2185.254,1.1354748
2185.84,1.1353226
2186.426,1.1351703
2187.012,1.1350182
2187.598,1.1348662
2188.184,1.1347141
2188.77,1.1345623
2189.356,1.1344104
2189.942,1.1342585
2190.528,1.1341068
2191.114,1.133955
2191.7,1.1338034
2192.286,1.1336519
2192.872,1.1335002
2193.458,1.1333488
2194.044,1.1331974
2194.63,1.1330462
2195.216,1.1328949
2195.802,1.1327436
2196.388,1.1325924
2196.974,1.1324413
2197.56,1.1322902
2198.146,1.1321393
2198.732,1.1319884
2199.318,1.1318376
2199.904,1.1316868
2200.49,1.131536
2201.076,1.1313853
2201.662,1.1312348
2202.248,1.1310842
2202.834,1.1309338
2203.42,1.1307833
2204.006,1.130633
2204.592,1.1304826
2205.178,1.1303324
2205.764,1.1301821
2206.35,1.1300321
2206.936,1.129882
2207.522,1.129732
2208.108,1.129582
2208.694,1.1294322
2209.28,1.1292824
2209.866,1.1291326
2210.452,1.1289828
2211.038,1.1288332
2211.624,1.1286836
2212.21,1.1285341
2212.796,1.1283846
2213.382,1.1282352
2213.968,1.1280859
2214.554,1.1279366
2215.14,1.1277874
2215.726,1.1276382
2216.312,1.1274891
2216.898,1.1273401
2217.484,1.1271911
2218.07,1.1270421
2218.656,1.1268933
2219.242,1.1267444
2219.828,1.1265956
2220.414,1.126447
2221,1.1262984
2221.586,1.1261498
2222.172,1.1260012
2222.758,1.1258528
2223.344,1.1257044
2223.93,1.1255561
2224.516,1.1254078
2225.102,1.1252595
2225.688,1.1251113
2226.274,1.1249633
2226.86,1.1248152
2227.446,1.1246673
2228.032,1.1245193
2228.618,1.1243715
2229.204,1.1242237
2229.79,1.124076
2230.376,1.1239283
2230.962,1.1237806
2231.548,1.123633
2232.134,1.1234856
2232.72,1.1233381
2233.306,1.1231906
2233.892,1.1230433
2234.478,1.1228961
2235.064,1.1227489
2235.65,1.1226016
2236.236,1.1224545
2236.822,1.1223075
2237.408,1.1221606
2237.994,1.1220136
2238.58,1.1218667
2239.166,1.12172
2239.752,1.1215731
2240.338,1.1214265
2240.924,1.1212798
2241.51,1.1211332
2242.096,1.1209867
2242.682,1.1208402
2243.268,1.1206938
2243.854,1.1205474
2244.44,1.1204011
2245.026,1.120255
2245.612,1.1201087
2246.198,1.1199627
2246.784,1.1198165
2247.37,1.1196705
2247.956,1.1195246
2248.542,1.1193787
2249.128,1.1192329
2249.714,1.1190871
2250.3,1.1189414
2250.886,1.1187958
2251.472,1.1186501
2252.058,1.1185045
2252.644,1.1183591
2253.23,1.1182137
2253.816,1.1180683
2254.402,1.117923
2254.988,1.1177777
2255.574,1.1176325
2256.16,1.1174873
2256.746,1.1173422
2257.332,1.1171973
2257.918,1.1170523
2258.504,1.1169074
2259.09,1.1167625
2259.676,1.1166177
2260.262,1.116473
2260.848,1.1163282
2261.434,1.1161836
2262.02,1.116039
2262.606,1.1158946
2263.192,1.1157501
2263.778,1.1156056
2264.364,1.1154613
2264.95,1.115317
2265.536,1.1151727
2266.122,1.1150286
2266.708,1.1148845
2267.294,1.1147404
2267.88,1.1145964
2268.466,1.1144524
2269.052,1.1143085
2269.638,1.1141646
2270.224,1.1140208
2270.81,1.1138772
2271.396,1.1137334
2271.982,1.1135899
2272.568,1.1134462
2273.154,1.1133027
2273.74,1.1131593
2274.326,1.1130159
2274.912,1.1128726
2275.498,1.1127293
2276.084,1.112586
2276.67,1.1124429
2277.256,1.1122998
2277.842,1.1121567
2278.428,1.1120137
2279.014,1.1118708
2279.6,1.1117278
2280.186,1.111585
2280.772,1.1114422
2281.358,1.1112995
2281.944,1.1111568
2282.53,1.1110142
2283.116,1.1108717
2283.702,1.1107291
2284.288,1.1105866
2284.874,1.1104443
2285.46,1.110302
2286.046,1.1101596
2286.632,1.1100174
2287.218,1.1098753
2287.804,1.1097331
2288.39,1.1095911
2288.976,1.1094491
2289.562,1.1093072
2290.148,1.1091652
2290.734,1.1090235
2291.32,1.1088816
2291.906,1.1087399
2292.492,1.1085982
2293.078,1.1084566
2293.664,1.108315
2294.25,1.1081735
2294.836,1.108032
2295.422,1.1078906
2296.008,1.1077492
2296.594,1.107608
2297.18,1.1074667
2297.766,1.1073256
2298.352,1.1071844
2298.938,1.1070434
2299.524,1.1069022
2300.11,1.1067613
2300.696,1.1066204
2301.282,1.1064795
2301.868,1.1063387
2302.454,1.106198
2303.04,1.1060573
2303.626,1.1059166
2304.212,1.1057761
2304.798,1.1056355
2305.384,1.105495
2305.97,1.1053547
2306.556,1.1052142
2307.142,1.1050739
2307.728,1.1049336
2308.314,1.1047934
2308.9,1.1046532
2309.486,1.1045132
2310.072,1.1043731
2310.658,1.1042331
2311.244,1.1040932
2311.83,1.1039534
2312.416,1.1038135
2313.002,1.1036737
2313.588,1.103534
2314.174,1.1033943
2314.76,1.1032547
2315.346,1.1031151
2315.932,1.1029756
2316.518,1.1028361
2317.104,1.1026968
2317.69,1.1025574
2318.276,1.1024181
2318.862,1.1022788
2319.448,1.1021397
2320.034,1.1020005
2320.62,1.1018615
2321.206,1.1017224
2321.792,1.1015834
2322.378,1.1014445
2322.964,1.1013056
2323.55,1.1011668
2324.136,1.101028
2324.722,1.1008893
2325.308,1.1007507
2325.894,1.100612
2326.48,1.1004735
2327.066,1.100335
2327.652,1.1001965
2328.238,1.1000581
2328.824,1.0999198
2329.41,1.0997815
2329.996,1.0996432
2330.582,1.0995051
2331.168,1.0993669
2331.754,1.0992289
2332.34,1.0990908
2332.926,1.0989529
2333.512,1.098815
2334.098,1.098677
2334.684,1.0985392
2335.27,1.0984015
2335.856,1.0982637
2336.442,1.0981261
2337.028,1.0979885
2337.614,1.0978509
2338.2,1.0977134
2338.786,1.097576
2339.372,1.0974386
2339.958,1.0973012
2340.544,1.0971639
2341.13,1.0970266
2341.716,1.0968893
2342.302,1.0967519
2342.888,1.0966147
2343.474,1.0964776
2344.06,1.0963404
2344.646,1.0962033
2345.232,1.0960664
2345.818,1.0959294
2346.404,1.0957924
2346.99,1.0956556
2347.576,1.0955187
2348.162,1.095382
2348.748,1.0952452
2349.334,1.0951085
2349.92,1.0949719
2350.506,1.0948354
2351.092,1.0946989
2351.678,1.0945624
2352.264,1.094426
2352.85,1.0942897
2353.436,1.0941533
2354.022,1.094017
2354.608,1.0938809
2355.194,1.0937448
2355.78,1.0936086
2356.366,1.0934726
2356.952,1.0933366
2357.538,1.0932006
2358.124,1.0930647
2358.71,1.0929288
2359.296,1.0927931
2359.882,1.0926573
2360.468,1.0925215
2361.054,1.092386
2361.64,1.0922503
2362.226,1.0921148
2362.812,1.0919794
2363.398,1.091844
2363.984,1.0917085
2364.57,1.0915732
2365.156,1.0914379
2365.742,1.0913026
2366.328,1.0911674
2366.914,1.0910323
2367.5,1.0908972
2368.086,1.0907621
2368.672,1.0906272
2369.258,1.0904922
2369.844,1.0903574
2370.43,1.0902226
2371.016,1.0900878
2371.602,1.0899531
2372.188,1.0898184
2372.774,1.0896838
2373.36,1.0895492
2373.946,1.0894147
2374.532,1.0892801
2375.118,1.0891458
2375.704,1.0890113
2376.29,1.0888771
2376.876,1.0887427
2377.462,1.0886085
2378.048,1.0884744
2378.634,1.0883403
2379.22,1.0882062
2379.806,1.0880722
2380.392,1.0879382
2380.978,1.0878042
2381.564,1.0876703
2382.15,1.0875365
2382.736,1.0874027
2383.322,1.0872689
2383.908,1.0871353
2384.494,1.0870017
2385.08,1.086868
2385.666,1.0867345
2386.252,1.0866011
2386.838,1.0864676
2387.424,1.0863342
2388.01,1.086201
2388.596,1.0860677
2389.182,1.0859344
2389.768,1.0858012
2390.354,1.0856681
2390.94,1.085535
2391.526,1.085402
2392.112,1.085269
2392.698,1.0851361
2393.284,1.0850033
2393.87,1.0848703
2394.456,1.0847375
2395.042,1.0846049
2395.628,1.0844722
2396.214,1.0843395
2396.8,1.0842069
2397.386,1.0840744
2397.972,1.0839419
2398.558,1.0838094
2399.144,1.0836771
2399.73,1.0835447
2400.316,1.0834124
2400.902,1.0832802
2401.488,1.083148
2402.074,1.0830158
2402.66,1.0828837
2403.246,1.0827516
2403.832,1.0826197
2404.418,1.0824877
2405.004,1.0823559
2405.59,1.0822239
2406.176,1.0820922
2406.762,1.0819603
2407.348,1.0818287
2407.934,1.081697
2408.52,1.0815654
2409.106,1.0814338
2409.692,1.0813023
2410.278,1.0811708
2410.864,1.0810394
2411.45,1.0809081
2412.036,1.0807767
2412.622,1.0806454
2413.208,1.0805142
2413.794,1.0803831
2414.38,1.0802519
2414.966,1.0801208
2415.552,1.0799898
2416.138,1.0798588
2416.724,1.0797279
2417.31,1.079597
2417.896,1.0794661
2418.482,1.0793353
2419.068,1.0792046
2419.654,1.0790739
2420.24,1.0789433
2420.826,1.0788127
2421.412,1.0786821
2421.998,1.0785517
2422.584,1.0784211
2423.17,1.0782907
2423.756,1.0781604
2424.342,1.0780301
2424.928,1.0778998
2425.514,1.0777696
2426.1,1.0776395
2426.686,1.0775093
2427.272,1.0773792
2427.858,1.0772492
2428.444,1.0771192
2429.03,1.0769893
2429.616,1.0768595
2430.202,1.0767295
2430.788,1.0765998
2431.374,1.07647
2431.96,1.0763403
2432.546,1.0762107
2433.132,1.0760812
2433.718,1.0759516
2434.304,1.0758221
2434.89,1.0756927
2435.476,1.0755632
2436.062,1.0754339
2436.648,1.0753045
2437.234,1.0751753
2437.82,1.0750461
2438.406,1.0749168
2438.992,1.0747877
2439.578,1.0746586
2440.164,1.0745296
2440.75,1.0744007
2441.336,1.0742717
2441.922,1.0741428
2442.508,1.0740139
2443.094,1.0738852
2443.68,1.0737563
2444.266,1.0736277
2444.852,1.0734991
2445.438,1.0733705
2446.024,1.0732418
2446.61,1.0731133
2447.196,1.0729849
2447.782,1.0728564
2448.368,1.072728
2448.954,1.0725998
2449.54,1.0724715
2450.126,1.0723432
2450.712,1.0722151
2451.298,1.0720869
2451.884,1.0719588
2452.47,1.0718307
2453.056,1.0717027
2453.642,1.0715748
2454.228,1.0714469
2454.814,1.071319
2455.4,1.0711912
2455.986,1.0710634
2456.572,1.0709357
2457.158,1.0708081
2457.744,1.0706804
2458.33,1.0705528
2458.916,1.0704253
2459.502,1.0702977
2460.088,1.0701703
2460.674,1.0700428
2461.26,1.0699155
2461.846,1.0697882
2462.432,1.069661
2463.018,1.0695337
2463.604,1.0694066
2464.19,1.0692794
2464.776,1.0691524
2465.362,1.0690253
2465.948,1.0688983
2466.534,1.0687714
2467.12,1.0686445
2467.706,1.0685177
2468.292,1.0683908
2468.878,1.0682641
2469.464,1.0681374
2470.05,1.0680107
2470.636,1.0678841
2471.222,1.0677575
2471.808,1.067631
2472.394,1.0675045
2472.98,1.067378
2473.566,1.0672517
2474.152,1.0671253
2474.738,1.066999
2475.324,1.0668727
2475.91,1.0667465
2476.496,1.0666203
2477.082,1.0664942
2477.668,1.0663682
2478.254,1.0662421
2478.84,1.0661161
2479.426,1.0659902
2480.012,1.0658643
2480.598,1.0657384
2481.184,1.0656127
2481.77,1.0654869
2482.356,1.0653611
2482.942,1.0652355
2483.528,1.0651098
2484.114,1.0649843
2484.7,1.0648588
2485.286,1.0647333
2485.872,1.0646079
2486.458,1.0644825
2487.044,1.064357
2487.63,1.0642318
2488.216,1.0641065
2488.802,1.0639813
2489.388,1.0638561
2489.974,1.063731
2490.56,1.0636059
2491.146,1.0634809
2491.732,1.0633558
2492.318,1.0632309
2492.904,1.0631059
2493.49,1.0629811
2494.076,1.0628563
2494.662,1.0627315
2495.248,1.0626068
2495.834,1.0624821
2496.42,1.0623575
2497.006,1.0622329
2497.592,1.0621083
2498.178,1.0619838
2498.764,1.0618594
2499.35,1.0617349
2499.936,1.0616106
2500.522,1.0614862
2501.108,1.061362
2501.694,1.0612377
2502.28,1.0611135
2502.866,1.0609894
2503.452,1.0608653
2504.038,1.0607412
2504.624,1.0606172
2505.21,1.0604932
2505.796,1.0603693
2506.382,1.0602454
2506.968,1.0601215
2507.554,1.0599977
2508.14,1.0598741
2508.726,1.0597503
2509.312,1.0596266
2509.898,1.059503
2510.484,1.0593793
2511.07,1.0592558
2511.656,1.0591323
2512.242,1.0590088
2512.828,1.0588852
2513.414,1.0587616
2514,1.0586381
2514.586,1.0585146
2515.172,1.0583912
2515.758,1.0582678
2516.344,1.0581445
2516.93,1.0580211
2517.516,1.0578978
2518.102,1.0577747
2518.688,1.0576514
2519.274,1.0575284
2519.86,1.0574052
2520.446,1.0572822
2521.032,1.0571592
2521.618,1.0570363
2522.204,1.0569134
2522.79,1.0567905
2523.376,1.0566677
2523.962,1.0565449
2524.548,1.0564221
2525.134,1.0562994
2525.72,1.0561768
2526.306,1.0560542
2526.892,1.0559317
2527.478,1.0558091
2528.064,1.0556867
2528.65,1.0555643
2529.236,1.0554419
2529.822,1.0553195
2530.408,1.0551972
2530.994,1.055075
2531.58,1.0549529
2532.166,1.0548307
2532.752,1.0547086
2533.338,1.0545865
2533.924,1.0544645
2534.51,1.0543425
2535.096,1.0542206
2535.682,1.0540986
2536.268,1.0539768
2536.854,1.0538549
2537.44,1.0537332
2538.026,1.0536115
2538.612,1.0534898
2539.198,1.0533682
2539.784,1.0532466
2540.37,1.053125
2540.956,1.0530035
2541.542,1.0528822
2542.128,1.0527607
2542.714,1.0526394
2543.3,1.052518
2543.886,1.0523968
2544.472,1.0522755
2545.058,1.0521543
2545.644,1.0520332
2546.23,1.0519121
2546.816,1.051791
2547.402,1.05167
2547.988,1.051549
2548.574,1.0514281
2549.16,1.0513071
2549.746,1.0511863
2550.332,1.0510654
2550.918,1.0509447
2551.504,1.050824
2552.09,1.0507033
2552.676,1.0505826
2553.262,1.0504621
2553.848,1.0503416
2554.434,1.050221
2555.02,1.0501006
2555.606,1.0499802
2556.192,1.0498598
2556.778,1.0497395
2557.364,1.0496192
2557.95,1.0494989
2558.536,1.0493786
2559.122,1.0492586
2559.708,1.0491384
2560.294,1.0490183
2560.88,1.0488983
2561.466,1.0487783
2562.052,1.0486584
2562.638,1.0485384
2563.224,1.0484185
2563.81,1.0482987
2564.396,1.048179
2564.982,1.0480592
2565.568,1.0479395
2566.154,1.0478199
2566.74,1.0477003
2567.326,1.0475807
2567.912,1.0474612
2568.498,1.0473417
2569.084,1.0472223
2569.67,1.0471028
2570.256,1.0469835
2570.842,1.0468642
2571.428,1.0467449
2572.014,1.0466256
2572.6,1.0465065
2573.186,1.0463873
2573.772,1.0462682
2574.358,1.0461491
2574.944,1.0460302
2575.53,1.0459112
2576.116,1.0457922
2576.702,1.0456734
2577.288,1.0455545
2577.874,1.0454357
2578.46,1.0453169
2579.046,1.0451982
2579.632,1.0450795
2580.218,1.0449609
2580.804,1.0448422
2581.39,1.0447236
2581.976,1.0446051
2582.562,1.0444866
2583.148,1.0443683
2583.734,1.0442499
2584.32,1.0441315
2584.906,1.0440133
2585.492,1.0438949
2586.078,1.0437768
2586.664,1.0436585
2587.25,1.0435404
2587.836,1.0434222
2588.422,1.0433042
2589.008,1.0431862
2589.594,1.0430683
2590.18,1.0429503
2590.766,1.0428324
2591.352,1.0427145
2591.938,1.0425967
2592.524,1.0424789
2593.11,1.0423613
2593.696,1.0422435
2594.282,1.0421258
2594.868,1.0420083
2595.454,1.0418907
2596.04,1.0417732
2596.626,1.0416557
2597.212,1.0415382
2597.798,1.0414208
2598.384,1.0413035
2598.97,1.0411862
2599.556,1.0410689
2600.142,1.0409516
2600.728,1.0408344
2601.314,1.0407172
2601.9,1.0406002
2602.486,1.0404831
2603.072,1.0403661
2603.658,1.0402491
2604.244,1.0401322
2604.83,1.0400152
2605.416,1.0398983
2606.002,1.0397815
2606.588,1.0396647
2607.174,1.039548
2607.76,1.0394312
2608.346,1.0393146
2608.932,1.0391979
2609.518,1.0390813
2610.104,1.0389649
2610.69,1.0388483
2611.276,1.0387318
2611.862,1.0386155
2612.448,1.038499
2613.034,1.0383828
2613.62,1.0382664
2614.206,1.0381502
2614.792,1.038034
2615.378,1.0379177
2615.964,1.0378016
2616.55,1.0376855
2617.136,1.0375694
2617.722,1.0374534
2618.308,1.0373374
2618.894,1.0372214
2619.48,1.0371056
2620.066,1.0369897
2620.652,1.0368737
2621.238,1.0367576
2621.824,1.0366416
2622.41,1.0365257
2622.996,1.0364097
2623.582,1.036294
2624.168,1.0361781
2624.754,1.0360624
2625.34,1.0359466
2625.926,1.0358309
2626.512,1.0357152
2627.098,1.0355996
2627.684,1.0354841
2628.27,1.0353684
2628.856,1.035253
2629.442,1.0351375
2630.028,1.0350221
2630.614,1.0349067
2631.2,1.0347914
2631.786,1.0346761
2632.372,1.0345608
2632.958,1.0344455
2633.544,1.0343304
2634.13,1.0342152
2634.716,1.0341002
2635.302,1.033985
2635.888,1.0338701
2636.474,1.0337551
2637.06,1.0336401
2637.646,1.0335252
2638.232,1.0334103
2638.818,1.0332955
2639.404,1.0331807
2639.99,1.0330659
2640.576,1.0329512
2641.162,1.0328366
2641.748,1.032722
2642.334,1.0326073
2642.92,1.0324928
2643.506,1.0323783
2644.092,1.0322638
2644.678,1.0321493
2645.264,1.032035
2645.85,1.0319206
2646.436,1.0318063
2647.022,1.031692
2647.608,1.0315777
2648.194,1.0314636
2648.78,1.0313494
2649.366,1.0312352
2649.952,1.0311213
2650.538,1.0310072
2651.124,1.0308931
2651.71,1.0307791
2652.296,1.0306653
2652.882,1.0305513
2653.468,1.0304375
2654.054,1.0303236
2654.64,1.0302099
2655.226,1.0300962
2655.812,1.0299824
2656.398,1.0298688
2656.984,1.0297552
2657.57,1.0296416
2658.156,1.029528
2658.742,1.0294145
2659.328,1.0293012
2659.914,1.0291877
2660.5,1.0290743
2661.086,1.0289609
2661.672,1.0288476
2662.258,1.0287343
2662.844,1.0286212
2663.43,1.0285079
2664.016,1.0283948
2664.602,1.0282817
2665.188,1.0281686
2665.774,1.0280555
2666.36,1.0279425
2666.946,1.0278295
2667.532,1.0277166
2668.118,1.0276037
2668.704,1.0274909
2669.29,1.0273781
2669.876,1.0272653
2670.462,1.0271525
2671.048,1.0270399
2671.634,1.0269272
2672.22,1.0268146
2672.806,1.026702
2673.392,1.0265895
2673.978,1.026477
2674.564,1.0263646
2675.15,1.026252
2675.736,1.0261397
2676.322,1.0260273
2676.908,1.025915
2677.494,1.0258027
2678.08,1.0256906
2678.666,1.0255783
2679.252,1.0254661
2679.838,1.025354
2680.424,1.025242
2681.01,1.0251299
2681.596,1.0250179
2682.182,1.0249059
2682.768,1.024794
2683.354,1.024682
2683.94,1.0245702
2684.526,1.0244584
2685.112,1.0243466
2685.698,1.0242348
2686.284,1.0241231
2686.87,1.0240115
2687.456,1.0238998
2688.042,1.0237882
2688.628,1.0236766
2689.214,1.0235652
2689.8,1.0234536
2690.386,1.0233421
2690.972,1.0232308
2691.558,1.0231194
2692.144,1.023008
2692.73,1.0228968
2693.316,1.0227854
2693.902,1.0226742
2694.488,1.0225631
2695.074,1.0224519
2695.66,1.0223408
2696.246,1.0222297
2696.832,1.0221187
2697.418,1.0220077
2698.004,1.0218967
2698.59,1.0217859
2699.176,1.0216749
2699.762,1.021564
2700.348,1.0214533
2700.934,1.0213424
2701.52,1.0212318
2702.106,1.021121
2702.692,1.0210104
2703.278,1.0208997
2703.864,1.0207891
2704.45,1.0206785
2705.036,1.020568
2705.622,1.0204575
2706.208,1.0203471
2706.794,1.0202367
2707.38,1.0201263
2707.966,1.020016
2708.552,1.0199057
2709.138,1.0197954
2709.724,1.0196851
2710.31,1.019575
2710.896,1.0194649
2711.482,1.0193547
2712.068,1.0192447
2712.654,1.0191346
2713.24,1.0190246
2713.826,1.0189146
2714.412,1.0188047
2714.998,1.0186948
2715.584,1.018585
2716.17,1.0184751
2716.756,1.0183653
2717.342,1.0182556
2717.928,1.0181458
2718.514,1.0180361
2719.1,1.0179266
2719.686,1.0178169
2720.272,1.0177073
2720.858,1.0175978
2721.444,1.0174884
2722.03,1.0173789
2722.616,1.0172695
2723.202,1.0171601
2723.788,1.0170507
2724.374,1.0169414
2724.96,1.0168321
2725.546,1.0167229
2726.132,1.0166136
2726.718,1.0165045
2727.304,1.0163953
2727.89,1.0162863
2728.476,1.0161772
2729.062,1.0160682
2729.648,1.0159593
2730.234,1.0158502
2730.82,1.0157413
2731.406,1.0156325
2731.992,1.0155236
2732.578,1.0154147
2733.164,1.015306
2733.75,1.0151973
2734.336,1.0150886
2734.922,1.0149798
2735.508,1.0148712
2736.094,1.0147626
2736.68,1.0146542
2737.266,1.0145456
2737.852,1.0144371
2738.438,1.0143286
2739.024,1.0142202
2739.61,1.0141119
2740.196,1.0140035
2740.782,1.0138952
2741.368,1.0137869
2741.954,1.0136787
2742.54,1.0135704
2743.126,1.0134623
2743.712,1.0133542
2744.298,1.0132461
2744.884,1.0131381
2745.47,1.0130301
2746.056,1.0129219
2746.642,1.012814
2747.228,1.0127062
2747.814,1.0125982
2748.4,1.01249
2748.986,1.012382
2749.572,1.012274
2750.158,1.0121661
2750.744,1.0120583
2751.33,1.0119503
2751.916,1.0118425
2752.502,1.0117347
2753.088,1.0116268
2753.674,1.0115192
2754.26,1.0114114
2754.846,1.0113038
2755.432,1.0111961
2756.018,1.0110886
2756.604,1.010981
2757.19,1.0108734
2757.776,1.010766
2758.362,1.0106585
2758.948,1.0105511
2759.534,1.0104437
2760.12,1.0103364
2760.706,1.010229
2761.292,1.0101217
2761.878,1.0100145
2762.464,1.0099072
2763.05,1.0098001
2763.636,1.009693
2764.222,1.0095859
2764.808,1.0094788
2765.394,1.0093718
2765.98,1.0092648
2766.566,1.0091578
2767.152,1.0090508
2767.738,1.0089439
2768.324,1.0088371
2768.91,1.0087303
2769.496,1.0086235
2770.082,1.0085167
2770.668,1.00841
2771.254,1.0083033
2771.84,1.0081967
2772.426,1.00809
2773.012,1.0079834
2773.598,1.0078769
2774.184,1.0077704
2774.77,1.007664
2775.356,1.0075575
2775.942,1.0074511
2776.528,1.0073447
2777.114,1.0072384
2777.7,1.0071321
2778.286,1.0070257
2778.872,1.0069195
2779.458,1.0068133
2780.044,1.0067072
2780.63,1.006601
2781.216,1.0064949
2781.802,1.0063888
2782.388,1.0062828
2782.974,1.0061768
2783.56,1.0060709
2784.146,1.0059649
2784.732,1.005859
2785.318,1.0057532
2785.904,1.0056473
2786.49,1.0055416
2787.076,1.0054358
2787.662,1.0053301
2788.248,1.0052243
2788.834,1.0051187
2789.42,1.0050131
2790.006,1.0049075
2790.592,1.0048019
2791.178,1.0046964
2791.764,1.004591
2792.35,1.0044855
2792.936,1.0043801
2793.522,1.0042746
2794.108,1.0041693
2794.694,1.004064
2795.28,1.0039587
2795.866,1.0038534
2796.452,1.0037483
2797.038,1.003643
2797.624,1.0035379
2798.21,1.0034328
2798.796,1.0033277
2799.382,1.0032227
2799.968,1.0031177
2800.554,1.0030127
2801.14,1.0029078
2801.726,1.0028028
2802.312,1.0026979
2802.898,1.002593
2803.484,1.0024883
2804.07,1.0023835
2804.656,1.0022788
2805.242,1.002174
2805.828,1.0020694
2806.414,1.0019647
2807,1.0018601
2807.586,1.0017556
2808.172,1.001651
2808.758,1.0015465
2809.344,1.0014421
2809.93,1.0013375
2810.516,1.0012332
2811.102,1.0011288
2811.688,1.0010245
2812.274,1.0009202
2812.86,1.0008159
2813.446,1.0007117
2814.032,1.0006074
2814.618,1.0005033
2815.204,1.0003991
2815.79,1.000295
2816.376,1.000191
2816.962,1.0000869
2817.548,0.99998289
2818.134,0.99987888
2818.72,0.99977493
2819.306,0.99967104
2819.892,0.99956715
2820.478,0.99946332
2821.064,0.99935949
2821.65,0.99925572
2822.236,0.999152
2822.822,0.99904829
2823.408,0.99894458
2823.994,0.99884093
2824.58,0.99873734
2825.166,0.99863374
2825.752,0.99853021
2826.338,0.99842674
2826.924,0.9983232
2827.51,0.99821979
2828.096,0.99811637
2828.682,0.99801296
2829.268,0.99790961
2829.854,0.99780631
2830.44,0.99770302
2831.026,0.99759978
2831.612,0.99749655
2832.198,0.99739337
2832.784,0.99729025
2833.37,0.99718708
2833.956,0.99708402
2834.542,0.99698097
2835.128,0.99687797
2835.714,0.99677497
2836.3,0.99667197
2836.886,0.99656904
2837.472,0.99646616
2838.058,0.99636334
2838.644,0.99626052
2839.23,0.99615771
2839.816,0.99605495
2840.402,0.99595219
2840.988,0.99584949
2841.574,0.99574685
2842.16,0.99564421
2842.746,0.99554163
2843.332,0.99543905
2843.918,0.99533653
2844.504,0.99523401
2845.09,0.99513155
2845.676,0.99502909
2846.262,0.99492669
2846.848,0.99482435
2847.434,0.99472201
2848.02,0.99461967
2848.606,0.99451739
2849.192,0.99441516
2849.778,0.99431294
2850.364,0.99421078
2850.95,0.99410862
2851.536,0.99400651
2852.122,0.99390441
2852.708,0.99380237
2853.294,0.99370039
2853.88,0.9935984
2854.466,0.99349642
2855.052,0.99339449
2855.638,0.99329263
2856.224,0.99319077
2856.81,0.9930889
2857.396,0.9929871
2857.982,0.99288535
2858.568,0.99278361
2859.154,0.99268192
2859.74,0.99258024
2860.326,0.99247861
2860.912,0.99237704
2861.498,0.99227548
2862.084,0.99217391
2862.67,0.9920724
2863.256,0.9919709
2863.842,0.99186951
2864.428,0.99176806
2865.014,0.99166673
2865.6,0.99156535
2866.186,0.99146402
2866.772,0.99136275
2867.358,0.99126148
2867.944,0.99116027
2868.53,0.99105912
2869.116,0.99095792
2869.702,0.99085677
2870.288,0.99075568
2870.874,0.99065465
2871.46,0.99055362
2872.046,0.99045259
2872.632,0.99035168
2873.218,0.99025065
2873.804,0.9901498
2874.39,0.99004889
2874.976,0.98994809
2875.562,0.98984724
2876.148,0.98974645
2876.734,0.98964572
2877.32,0.98954499
2877.906,0.98944432
2878.492,0.9893437
2879.078,0.98924303
2879.664,0.98914242
2880.25,0.98904186
2880.836,0.98894131
2881.422,0.98884082
2882.008,0.98874038
2882.594,0.98863995
2883.18,0.98853952
2883.766,0.98843914
2884.352,0.98833883
2884.938,0.98823851
2885.524,0.98813826
2886.11,0.988038
2886.696,0.98793775
2887.282,0.98783755
2887.868,0.98773742
2888.454,0.98763734
2889.04,0.98753721
2889.626,0.98743719
2890.212,0.98733711
2890.798,0.9872371
2891.384,0.98713714
2891.97,0.98703724
2892.556,0.98693728
2893.142,0.98683739
2893.728,0.98673755
2894.314,0.98663777
2894.9,0.98653799
2895.486,0.98643821
2896.072,0.9863385
2896.658,0.98623878
2897.244,0.98613912
2897.83,0.98603952
2898.416,0.98593992
2899.002,0.98584038
2899.588,0.98574078
2900.174,0.9856413
2900.76,0.98554182
2901.346,0.9854424
2901.932,0.98534298
2902.518,0.98524356
2903.104,0.98514402
2903.69,0.98504454
2904.276,0.98494506
2904.862,0.98484564
2905.448,0.98474622
2906.034,0.98464686
2906.62,0.98454756
2907.206,0.98444819
2907.792,0.98434895
2908.378,0.98424965
2908.964,0.98415047
2909.55,0.98405123
2910.136,0.98395216
2910.722,0.98385298
2911.308,0.98375392
2911.894,0.9836548
2912.48,0.98355579
2913.066,0.98345679
2913.652,0.98335779
2914.238,0.98325884
2914.824,0.98315996
2915.41,0.98306108
2915.996,0.98296225
2916.582,0.98286337
2917.168,0.9827646
2917.754,0.98266584
2918.34,0.98256707
2918.926,0.98246837
2919.512,0.98236972
2920.098,0.98227108
2920.684,0.98217249
2921.27,0.9820739
2921.856,0.98197532
2922.442,0.98187685
2923.028,0.98177838
2923.614,0.98167986
2924.2,0.98158145
2924.786,0.98148304
2925.372,0.98138469
2925.958,0.98128635
2926.544,0.98118806
2927.13,0.98108977
2927.716,0.98099154
2928.302,0.98089331
2928.888,0.98079515
2929.474,0.98069698
2930.06,0.98059887
2930.646,0.98050076
2931.232,0.98040265
2931.818,0.9803046
2932.404,0.98020661
2932.99,0.98010862
2933.576,0.98001069
2934.162,0.97991276
2934.748,0.97981489
2935.334,0.97971702
2935.92,0.9796192
2936.506,0.97952139
2937.092,0.97942358
2937.678,0.97932589
2938.264,0.9792282
2938.85,0.97913051
2939.436,0.97903281
2940.022,0.97893518
2940.608,0.97883761
2941.194,0.9787401
2941.78,0.97864252
2942.366,0.97854507
2942.952,0.97844756
2943.538,0.97835016
2944.124,0.97825271
2944.71,0.97815531
2945.296,0.97805798
2945.882,0.97796065
2946.468,0.97786337
2947.054,0.9777661
2947.64,0.97766888
2948.226,0.97757167
2948.812,0.97747445
2949.398,0.9773773
2949.984,0.9772802
2950.57,0.9771831
2951.156,0.97708607
2951.742,0.97698903
2952.328,0.97689205
2952.914,0.97679502
2953.5,0.9766981
2954.086,0.97660118
2954.672,0.97650433
2955.258,0.97640747
2955.844,0.97631061
2956.43,0.97621387
2957.016,0.97611707
2957.602,0.97602034
2958.188,0.97592366
2958.774,0.97582698
2959.36,0.9757303
2959.946,0.97563368
2960.532,0.97553712
2961.118,0.97544056
2961.704,0.975344
2962.29,0.9752475
2962.876,0.975151
2963.462,0.97505462
2964.048,0.97495818
2964.634,0.9748618
2965.22,0.97476548
2965.806,0.9746691
2966.392,0.97457278
2966.978,0.97447652
2967.564,0.97438031
2968.15,0.97428411
2968.736,0.97418791
2969.322,0.97409177
2969.908,0.97399563
2970.494,0.97389954
2971.08,0.97380352
2971.666,0.97370744
2972.252,0.97361147
2972.838,0.97351545
2973.424,0.97341949
2974.01,0.97332358
2974.596,0.97322768
2975.182,0.97313184
2975.768,0.97303599
2976.354,0.97294021
2976.94,0.97284436
2977.526,0.97274864
2978.112,0.97265291
2978.698,0.97255725
2979.284,0.97246158
2979.87,0.97236592
2980.456,0.97227031
2981.042,0.97217476
2981.628,0.97207922
2982.214,0.97198367
2982.8,0.97188818
2983.386,0.9717927
2983.972,0.97169727
2984.558,0.9716019
2985.144,0.97150654
2985.73,0.97141117
2986.316,0.97131586
2986.902,0.97122055
2987.488,0.97112525
2988.074,0.97103006
2988.66,0.97093487
2989.246,0.97083968
2989.832,0.97074449
2990.418,0.97064942
2991.004,0.97055429
2991.59,0.97045922
2992.176,0.97036421
2992.762,0.9702692
2993.348,0.97017425
2993.934,0.97007924
2994.52,0.96998435
2995.106,0.96988946
2995.692,0.96979457
2996.278,0.96969974
2996.864,0.96960491
2997.45,0.96951014
2998.036,0.96941543
2998.622,0.96932071
2999.208,0.969226
2999.794,0.96913135
3000.38,0.9690367
3000.966,0.96894205
3001.552,0.96884745
3002.138,0.96875292
3002.724,0.96865839
3003.31,0.96856391
3003.896,0.96846944
3004.482,0.96837497
3005.068,0.96828055
3005.654,0.9681862
3006.24,0.96809185
3006.826,0.96799749
3007.412,0.9679032
3007.998,0.96780896
3008.584,0.96771467
3009.17,0.96762043
3009.756,0.96752626
3010.342,0.96743208
3010.928,0.96733797
3011.514,0.96724385
3012.1,0.96714973
3012.686,0.96705574
3013.272,0.96696168
3013.858,0.96686774
3014.444,0.96677375
3015.03,0.96667981
3015.616,0.96658587
3016.202,0.966492
3016.788,0.96639818
3017.374,0.9663043
3017.96,0.96621048
3018.546,0.96611679
3019.132,0.96602303
3019.718,0.96592927
3020.304,0.96583563
3020.89,0.96574193
3021.476,0.96564829
3022.062,0.96555465
3022.648,0.96546113
3023.234,0.96536756
3023.82,0.96527404
3024.406,0.96518052
3024.992,0.96508706
3025.578,0.9649936
3026.164,0.9649002
3026.75,0.9648068
3027.336,0.96471345
3027.922,0.96462017
3028.508,0.96452683
3029.094,0.96443355
3029.68,0.96434033
3030.266,0.96424711
3030.852,0.96415389
3031.438,0.96406072
3032.024,0.96396756
3032.61,0.96387446
3033.196,0.96378142
3033.782,0.96368837
3034.368,0.96359527
3034.954,0.96350229
3035.54,0.9634093
3036.126,0.96331638
3036.712,0.96322346
3037.298,0.96313059
3037.884,0.96303767
3038.47,0.96294487
3039.056,0.96285206
3039.642,0.96275926
3040.228,0.96266651
3040.814,0.96257377
3041.4,0.96248108
3041.986,0.9623884
3042.572,0.96229577
3043.158,0.96220315
3043.744,0.96211058
3044.33,0.96201795
3044.916,0.96192539
3045.502,0.96183288
3046.088,0.96174043
3046.674,0.96164799
3047.26,0.96155554
3047.846,0.96146315
3048.432,0.96137077
3049.018,0.96127844
3049.604,0.96118611
3050.19,0.96109378
3050.776,0.96100157
3051.362,0.96090931
3051.948,0.9608171
3052.534,0.96072489
3053.12,0.96063274
3053.706,0.96054059
3054.292,0.96044844
3054.878,0.96035641
3055.464,0.96026433
3056.05,0.96017236
3056.636,0.96008033
3057.222,0.95998836
3057.808,0.95989639
3058.394,0.95980448
3058.98,0.95971256
3059.566,0.95962071
3060.152,0.95952886
3060.738,0.95943707
3061.324,0.95934528
3061.91,0.95925349
3062.496,0.95916176
3063.082,0.95907009
3063.668,0.95897841
3064.254,0.95888674
3064.84,0.95879513
3065.426,0.95870352
3066.012,0.95861197
3066.598,0.95852041
3067.184,0.95842886
3067.77,0.95833737
3068.356,0.95824593
3068.942,0.9581545
3069.528,0.95806307
3070.114,0.95797169
3070.7,0.95788032
3071.286,0.957789
3071.872,0.95769769
3072.458,0.95760643
3073.044,0.95751518
3073.63,0.95742393
3074.216,0.95733273
3074.802,0.95724154
3075.388,0.9571504
3075.974,0.95705926
3076.56,0.95696819
3077.146,0.95687711
3077.732,0.9567861
3078.318,0.95669502
3078.904,0.95660406
3079.49,0.95651311
3080.076,0.95642215
3080.662,0.95633125
3081.248,0.95624036
3081.834,0.95614952
3082.42,0.95605868
3083.006,0.9559679
3083.592,0.95587707
3084.178,0.95578635
3084.764,0.95569563
3085.35,0.95560491
3085.936,0.95551425
3086.522,0.95542359
3087.108,0.95533293
3087.694,0.95524234
3088.28,0.9551518
3088.866,0.95506126
3089.452,0.95497072
3090.038,0.95488024
3090.624,0.95478976
3091.21,0.95469934
3091.796,0.95460892
3092.382,0.95451856
3092.968,0.95442814
3093.554,0.95433784
3094.14,0.95424753
3094.726,0.95415723
3095.312,0.95406699
3095.898,0.95397675
3096.484,0.95388651
3097.07,0.95379639
3097.656,0.9537062
3098.242,0.95361608
3098.828,0.95352596
3099.414,0.9534359
3100,0.95334584
