170,4.1333909
170.586,4.1262879
171.172,4.1192212
171.758,4.1121912
172.344,4.1051965
172.93,4.098238
173.516,4.0913148
174.102,4.0844259
174.688,4.0775723
175.274,4.0707531
175.86,4.0639682
176.446,4.0572166
177.032,4.0504985
177.618,4.0438142
178.204,4.0371628
178.79,4.0305438
179.376,4.0239577
179.962,4.0174036
180.548,4.0108814
181.134,4.0043907
181.72,3.9979315
182.306,3.9915032
182.892,3.9851058
183.478,3.978739
184.064,3.9724028
184.65,3.9660966
185.236,3.9598205
185.822,3.9535742
186.408,3.9473572
186.994,3.9411695
187.58,3.9350109
188.166,3.9288809
188.752,3.9227796
189.338,3.9167066
189.924,3.9106617
190.51,3.9046447
191.096,3.8986554
191.682,3.8926938
192.268,3.886759
192.854,3.8808517
193.44,3.8749712
194.026,3.869117
194.612,3.8632896
195.198,3.8574884
195.784,3.8517132
196.37,3.845964
196.956,3.8402402
197.542,3.8345423
198.128,3.8288693
198.714,3.8232217
199.3,3.8175988
199.886,3.8120008
200.472,3.806427
201.058,3.800878
201.644,3.7953532
202.23,3.7898521
202.816,3.7843752
203.402,3.7789218
203.988,3.7734921
204.574,3.7680855
205.16,3.762702
205.746,3.7573416
206.332,3.7520037
206.918,3.7466886
207.504,3.7413962
208.09,3.7361262
208.676,3.7308781
209.262,3.7256522
209.848,3.7204483
210.434,3.7152662
211.02,3.7101057
211.606,3.7049665
212.192,3.6998487
212.778,3.694752
213.364,3.6896763
213.95,3.6846213
214.536,3.6795874
215.122,3.6745739
215.708,3.6695809
216.294,3.6646082
216.88,3.6596558
217.466,3.6547234
218.052,3.6498108
218.638,3.6449182
219.224,3.6400452
219.81,3.6351914
220.396,3.6303575
220.982,3.6255424
221.568,3.6207461
222.154,3.6159687
222.74,3.6112103
223.326,3.6064706
223.912,3.6017497
224.498,3.5970471
225.084,3.5923629
225.67,3.587697
226.256,3.5830493
226.842,3.5784197
227.428,3.573808
228.014,3.5692141
228.6,3.5646379
229.186,3.5600793
229.772,3.5555382
230.358,3.5510142
230.944,3.5465076
231.53,3.5420182
232.116,3.5375457
232.702,3.5330901
233.288,3.5286515
233.874,3.5242295
234.46,3.519824
235.046,3.5154352
235.632,3.5110626
236.218,3.506706
236.804,3.5023654
237.39,3.4980412
237.976,3.4937327
238.562,3.4894402
239.148,3.4851635
239.734,3.4809024
240.32,3.4766572
240.906,3.4724271
241.492,3.4682128
242.078,3.4640136
242.664,3.4598296
243.25,3.4556608
243.836,3.4515071
244.422,3.4473681
245.008,3.4432442
245.594,3.4391351
246.18,3.4350405
246.766,3.4309607
247.352,3.4268951
247.938,3.4228442
248.524,3.4188073
249.11,3.4147849
249.696,3.4107769
250.282,3.4067826
250.868,3.4028025
251.454,3.3988361
252.04,3.3948839
252.626,3.3909452
253.212,3.3870201
253.798,3.3831086
254.384,3.3792109
254.97,3.3753264
255.556,3.3714554
256.142,3.3675976
256.728,3.3637531
257.314,3.3599217
257.9,3.3561034
258.486,3.352298
259.072,3.3485055
259.658,3.3447258
260.244,3.3409591
260.83,3.3372049
261.416,3.3334634
262.002,3.3297346
262.588,3.3260181
263.174,3.322314
263.76,3.3186224
264.346,3.3149428
264.932,3.3112757
265.518,3.3076205
266.104,3.3039777
266.69,3.3003466
267.276,3.2967277
267.862,3.2931206
268.448,3.2895253
269.034,3.2859416
269.62,3.2823699
270.206,3.2788095
270.792,3.2752609
271.378,3.2717237
271.964,3.268198
272.55,3.2646835
273.136,3.2611806
273.722,3.2576888
274.308,3.2542081
274.894,3.2507389
275.48,3.2472804
276.066,3.2438331
276.652,3.2403967
277.238,3.2369714
277.824,3.2335565
278.41,3.2301528
278.996,3.2267597
279.582,3.2233772
280.168,3.2200055
280.754,3.2166438
281.34,3.2132928
281.926,3.2099524
282.512,3.2066221
283.098,3.2033021
283.684,3.1999927
284.27,3.1966934
284.856,3.1934044
285.442,3.1901252
286.028,3.1868565
286.614,3.1835976
287.2,3.1803489
287.786,3.17711
288.372,3.1738808
288.958,3.1706617
289.544,3.1674523
290.13,3.1642525
290.716,3.1610627
291.302,3.1578822
291.888,3.1547115
292.474,3.1515503
293.06,3.1483986
293.646,3.1452563
294.232,3.1421235
294.818,3.1389999
295.404,3.1358857
295.99,3.1327808
296.576,3.1296852
297.162,3.1265986
297.748,3.1235211
298.334,3.1204529
298.92,3.1173937
299.506,3.1143434
300.092,3.1113021
300.678,3.1082697
301.264,3.1052458
301.85,3.1022305
302.436,3.0992243
303.022,3.0962265
303.608,3.0932374
304.194,3.0902572
304.78,3.0872853
305.366,3.0843222
305.952,3.0813675
306.538,3.0784216
307.124,3.0754838
307.71,3.0725546
308.296,3.0696337
308.882,3.0667212
309.468,3.063817
310.054,3.060921
310.64,3.0580332
311.226,3.0551536
311.812,3.0522821
312.398,3.0494187
312.984,3.0465634
313.57,3.043716
314.156,3.0408766
314.742,3.0380454
315.328,3.0352218
315.914,3.0324061
316.5,3.0295985
317.086,3.0267985
317.672,3.0240061
318.258,3.0212216
318.844,3.0184448
319.43,3.0156755
320.016,3.0129137
320.602,3.0101595
321.188,3.0074127
321.774,3.0046732
322.36,3.0019417
322.946,2.9992173
323.532,2.9965003
324.118,2.9937906
324.704,2.9910884
325.29,2.9883935
325.876,2.9857059
326.462,2.9830256
327.048,2.9803524
327.634,2.9776864
328.22,2.9750276
328.806,2.9723759
329.392,2.9697311
329.978,2.9670935
330.564,2.964463
331.15,2.9618392
331.736,2.9592228
332.322,2.9566131
332.908,2.9540102
333.494,2.9514141
334.08,2.9488251
334.666,2.9462428
335.252,2.9436672
335.838,2.9410985
336.424,2.9385364
337.01,2.935981
337.596,2.9334323
338.182,2.9308903
338.768,2.9283547
339.354,2.9258258
339.94,2.9233034
340.526,2.9207876
341.112,2.9182782
341.698,2.9157753
342.284,2.9132788
342.87,2.9107885
343.456,2.9083049
344.042,2.9058275
344.628,2.9033566
345.214,2.9008918
345.8,2.8984332
346.386,2.8959811
346.972,2.8935351
347.558,2.8910952
348.144,2.8886614
348.73,2.8862338
349.316,2.8838124
349.902,2.881397
350.488,2.8789878
351.074,2.8765845
351.66,2.8741872
352.246,2.8717959
352.832,2.8694105
353.418,2.8670311
354.004,2.8646579
354.59,2.8622901
355.176,2.8599284
355.762,2.8575726
356.348,2.8552225
356.934,2.8528781
357.52,2.8505397
358.106,2.8482068
358.692,2.8458798
359.278,2.8435583
359.864,2.8412426
360.45,2.8389325
361.036,2.8366282
361.622,2.8343294
362.208,2.832036
362.794,2.8297484
363.38,2.827466
363.966,2.8251894
364.552,2.8229184
365.138,2.8206525
365.724,2.8183923
366.31,2.8161376
366.896,2.8138881
367.482,2.8116441
368.068,2.8094053
368.654,2.8071721
369.24,2.8049438
369.826,2.8027213
370.412,2.8005037
370.998,2.7982917
371.584,2.7960846
372.17,2.7938828
372.756,2.7916863
373.342,2.7894948
373.928,2.7873087
374.514,2.7851274
375.1,2.7829516
375.686,2.7807806
376.272,2.7786148
376.858,2.776454
377.444,2.7742982
378.03,2.7721474
378.616,2.7700016
379.202,2.7678609
379.788,2.7657251
380.374,2.7635944
380.96,2.7614684
381.546,2.7593474
382.132,2.7572312
382.718,2.7551198
383.304,2.7530134
383.89,2.7509117
384.476,2.7488151
385.062,2.7467229
385.648,2.7446358
386.234,2.7425532
386.82,2.7404754
387.406,2.7384024
387.992,2.7363341
388.578,2.7342703
389.164,2.7322114
389.75,2.7301569
390.336,2.7281072
390.922,2.7260621
391.508,2.7240217
392.094,2.7219856
392.68,2.7199543
393.266,2.7179275
393.852,2.7159052
394.438,2.7138872
395.024,2.711874
395.61,2.7098653
396.196,2.7078609
396.782,2.7058609
397.368,2.7038655
397.954,2.7018743
398.54,2.6998878
399.126,2.6979055
399.712,2.6959276
400.298,2.693954
400.884,2.6919847
401.47,2.6900198
402.056,2.6880591
402.642,2.6861029
403.228,2.6841507
403.814,2.6822028
404.4,2.6802592
404.986,2.6783197
405.572,2.6763842
406.158,2.674453
406.744,2.6725261
407.33,2.670603
407.916,2.6686845
408.502,2.6667697
409.088,2.6648593
409.674,2.6629529
410.26,2.6610506
410.846,2.6591523
411.432,2.6572583
412.018,2.6553681
412.604,2.653482
413.19,2.6515999
413.776,2.6497219
414.362,2.6478479
414.948,2.6459777
415.534,2.6441116
416.12,2.6422493
416.706,2.6403911
417.292,2.6385367
417.878,2.6366863
418.464,2.6348398
419.05,2.6329973
419.636,2.6311586
420.222,2.6293235
420.808,2.6274924
421.394,2.6256652
421.98,2.6238418
422.566,2.6220222
423.152,2.6202064
423.738,2.6183941
424.324,2.616586
424.91,2.6147814
425.496,2.6129806
426.082,2.6111834
426.668,2.60939
427.254,2.6076005
427.84,2.6058145
428.426,2.604032
429.012,2.6022534
429.598,2.6004784
430.184,2.598707
430.77,2.5969393
431.356,2.5951753
431.942,2.5934148
432.528,2.5916576
433.114,2.5899043
433.7,2.5881546
434.286,2.5864077
434.872,2.5846646
435.458,2.5829248
436.044,2.5811889
436.63,2.5794563
437.216,2.5777271
437.802,2.5760016
438.388,2.5742795
438.974,2.5725608
439.56,2.5708456
440.146,2.5691338
440.732,2.5674253
441.318,2.5657203
441.904,2.564019
442.49,2.5623207
443.076,2.560626
443.662,2.5589347
444.248,2.5572467
444.834,2.5555618
445.42,2.5538805
446.006,2.5522025
446.592,2.5505278
447.178,2.5488563
447.764,2.5471883
448.35,2.5455234
448.936,2.5438619
449.522,2.5422034
450.108,2.5405486
450.694,2.5388966
451.28,2.5372481
451.866,2.5356026
452.452,2.5339603
453.038,2.5323215
453.624,2.5306857
454.21,2.529053
454.796,2.5274236
455.382,2.5257971
455.968,2.524174
456.554,2.5225539
457.14,2.5209372
457.726,2.5193233
458.312,2.5177126
458.898,2.5161049
459.484,2.5144999
460.07,2.5128982
460.656,2.5112994
461.242,2.5097036
461.828,2.508111
462.414,2.5065215
463,2.5049348
463.586,2.5033512
464.172,2.5017707
464.758,2.5001931
465.344,2.4986186
465.93,2.4970469
466.516,2.4954782
467.102,2.4939127
467.688,2.4923499
468.274,2.4907901
468.86,2.4892333
469.446,2.4876792
470.032,2.4861281
470.618,2.48458
471.204,2.4830348
471.79,2.4814925
472.376,2.4799531
472.962,2.4784164
473.548,2.4768827
474.134,2.4753518
474.72,2.4738235
475.306,2.4722984
475.892,2.4707761
476.478,2.4692564
477.064,2.4677396
477.65,2.4662256
478.236,2.4647143
478.822,2.4632058
479.408,2.4617002
479.994,2.4601972
480.58,2.4586971
481.166,2.4571998
481.752,2.4557052
482.338,2.4542131
482.924,2.4527237
483.51,2.4512372
484.096,2.4497535
484.682,2.4482725
485.268,2.4467938
485.854,2.4453182
486.44,2.443845
487.026,2.4423747
487.612,2.4409068
488.198,2.4394417
488.784,2.4379792
489.37,2.4365194
489.956,2.4350619
490.542,2.4336073
491.128,2.4321554
491.714,2.4307058
492.3,2.4292591
492.886,2.4278147
493.472,2.426373
494.058,2.4249339
494.644,2.4234974
495.23,2.4220634
495.816,2.4206319
496.402,2.419203
496.988,2.4177766
497.574,2.4163525
498.16,2.4149313
498.746,2.4135125
499.332,2.412096
499.918,2.4106822
500.504,2.4092708
501.09,2.4078617
501.676,2.4064553
502.262,2.4050515
502.848,2.4036498
503.434,2.4022508
504.02,2.4008541
504.606,2.3994598
505.192,2.398068
505.778,2.3966787
506.364,2.3952916
506.95,2.3939071
507.536,2.392525
508.122,2.3911452
508.708,2.3897679
509.294,2.3883929
509.88,2.3870201
510.466,2.3856499
511.052,2.3842821
511.638,2.3829165
512.224,2.3815532
512.81,2.380192
513.396,2.3788335
513.982,2.3774772
514.568,2.3761232
515.154,2.3747716
515.74,2.3734221
516.326,2.3720751
516.912,2.3707302
517.498,2.3693879
518.084,2.3680475
518.67,2.3667095
519.256,2.3653738
519.842,2.3640404
520.428,2.3627093
521.014,2.3613803
521.6,2.3600535
522.186,2.3587291
522.772,2.3574071
523.358,2.356087
523.944,2.3547692
524.53,2.3534536
525.116,2.3521402
525.702,2.3508291
526.288,2.34952
526.874,2.3482132
527.46,2.3469086
528.046,2.3456063
528.632,2.344306
529.218,2.3430078
529.804,2.3417118
530.39,2.3404181
530.976,2.3391263
531.562,2.3378367
532.148,2.3365495
532.734,2.3352642
533.32,2.333981
533.906,2.3327
534.492,2.3314209
535.078,2.3301442
535.664,2.3288693
536.25,2.3275969
536.836,2.3263261
537.422,2.3250577
538.008,2.3237913
538.594,2.3225269
539.18,2.3212647
539.766,2.3200045
540.352,2.3187463
540.938,2.3174903
541.524,2.316236
542.11,2.3149841
542.696,2.3137341
543.282,2.3124859
543.868,2.31124
544.454,2.3099961
545.04,2.3087542
545.626,2.3075142
546.212,2.3062763
546.798,2.3050401
547.384,2.3038063
547.97,2.3025742
548.556,2.3013442
549.142,2.3001163
549.728,2.2988901
550.314,2.2976658
550.9,2.2964437
551.486,2.2952235
552.072,2.2940054
552.658,2.292789
553.244,2.2915745
553.83,2.2903619
554.416,2.2891514
555.002,2.2879429
555.588,2.286736
556.174,2.2855313
556.76,2.2843285
557.346,2.2831273
557.932,2.2819283
558.518,2.280731
559.104,2.2795355
559.69,2.2783422
560.276,2.2771506
560.862,2.2759609
561.448,2.2747729
562.034,2.2735868
562.62,2.2724025
563.206,2.2712202
563.792,2.2700396
564.378,2.2688611
564.964,2.267684
565.55,2.2665091
566.136,2.2653358
566.722,2.2641644
567.308,2.2629948
567.894,2.261827
568.48,2.2606611
569.066,2.2594969
569.652,2.2583346
570.238,2.257174
570.824,2.2560151
571.41,2.254858
571.996,2.2537029
572.582,2.2525494
573.168,2.2513976
573.754,2.2502477
574.34,2.2490995
574.926,2.2479532
575.512,2.2468085
576.098,2.2456656
576.684,2.2445245
577.27,2.2433851
577.856,2.2422473
578.442,2.2411113
579.028,2.2399771
579.614,2.2388446
580.2,2.2377138
580.786,2.2365847
581.372,2.2354572
581.958,2.2343316
582.544,2.2332077
583.13,2.2320852
583.716,2.2309647
584.302,2.2298458
584.888,2.2287285
585.474,2.227613
586.06,2.2264991
586.646,2.2253869
587.232,2.2242763
587.818,2.2231674
588.404,2.2220602
588.99,2.2209547
589.576,2.2198508
590.162,2.2187483
590.748,2.2176478
591.334,2.2165487
591.92,2.2154515
592.506,2.2143557
593.092,2.2132616
593.678,2.2121692
594.264,2.2110782
594.85,2.2099891
595.436,2.2089014
596.022,2.2078152
596.608,2.2067308
597.194,2.2056479
597.78,2.2045667
598.366,2.2034872
598.952,2.202409
599.538,2.2013326
600.124,2.2002575
600.71,2.1991842
601.296,2.1981125
601.882,2.1970422
602.468,2.1959736
603.054,2.1949065
603.64,2.193841
604.226,2.1927772
604.812,2.1917145
605.398,2.1906538
605.984,2.1895945
606.57,2.1885366
607.156,2.1874802
607.742,2.1864254
608.328,2.1853724
608.914,2.1843207
609.5,2.1832705
610.086,2.1822219
610.672,2.1811748
611.258,2.1801291
611.844,2.179085
612.43,2.1780424
613.016,2.1770012
613.602,2.1759615
614.188,2.1749234
614.774,2.1738868
615.36,2.1728516
615.946,2.1718178
616.532,2.1707857
617.118,2.169755
617.704,2.1687255
618.29,2.1676977
618.876,2.1666715
619.462,2.1656466
620.048,2.164623
620.634,2.1636012
621.22,2.1625807
621.806,2.1615615
622.392,2.1605439
622.978,2.1595278
623.564,2.1585128
624.15,2.1574996
624.736,2.1564877
625.322,2.155477
625.908,2.1544681
626.494,2.1534605
627.08,2.1524544
627.666,2.1514494
628.252,2.1504459
628.838,2.1494441
629.424,2.1484435
630.01,2.1474442
630.596,2.1464465
631.182,2.1454501
631.768,2.144455
632.354,2.1434615
632.94,2.1424692
633.526,2.1414781
634.112,2.1404884
634.698,2.1394999
635.284,2.1385128
635.87,2.1375272
636.456,2.136543
637.042,2.13556
637.628,2.1345785
638.214,2.1335983
638.8,2.1326196
639.386,2.1316421
639.972,2.130666
640.558,2.1296911
641.144,2.1287177
641.73,2.1277454
642.316,2.1267748
642.902,2.1258051
643.488,2.1248369
644.074,2.1238701
644.66,2.1229048
645.246,2.1219406
645.832,2.1209776
646.418,2.1200161
647.004,2.1190557
647.59,2.1180968
648.176,2.1171393
648.762,2.116183
649.348,2.1152279
649.934,2.1142743
650.52,2.1133218
651.106,2.1123705
651.692,2.1114206
652.278,2.1104722
652.864,2.109525
653.45,2.1085789
654.036,2.1076341
654.622,2.1066906
655.208,2.1057484
655.794,2.1048074
656.38,2.1038678
656.966,2.1029294
657.552,2.1019921
658.138,2.1010563
658.724,2.1001217
659.31,2.0991883
659.896,2.0982561
660.482,2.0973253
661.068,2.0963955
661.654,2.0954671
662.24,2.0945399
662.826,2.0936139
663.412,2.0926893
663.998,2.0917656
664.584,2.0908434
665.17,2.0899224
665.756,2.0890026
666.342,2.0880842
666.928,2.0871665
667.514,2.0862505
668.1,2.0853355
668.686,2.0844216
669.272,2.0835092
669.858,2.082598
670.444,2.0816877
671.03,2.0807788
671.616,2.0798709
672.202,2.0789645
672.788,2.078059
673.374,2.0771549
673.96,2.0762517
674.546,2.07535
675.132,2.0744495
675.718,2.07355
676.304,2.0726516
676.89,2.0717545
677.476,2.0708585
678.062,2.0699637
678.648,2.0690696
679.234,2.0681767
679.82,2.0672851
680.406,2.0663946
680.992,2.0655053
681.578,2.0646172
682.164,2.06373
682.75,2.0628443
683.336,2.0619595
683.922,2.0610757
684.508,2.0601933
685.094,2.0593119
685.68,2.0584319
686.266,2.0575528
686.852,2.056675
687.438,2.0557981
688.024,2.0549223
688.61,2.0540478
689.196,2.0531745
689.782,2.0523021
690.368,2.0514312
690.954,2.050561
691.54,2.0496919
692.126,2.0488243
692.712,2.0479574
693.298,2.047092
693.884,2.0462275
694.47,2.0453639
695.056,2.0445015
695.642,2.0436404
696.228,2.0427804
696.814,2.0419211
697.4,2.0410633
697.986,2.0402064
698.572,2.0393507
699.158,2.038496
699.744,2.0376422
700.33,2.0367899
700.916,2.0359383
701.502,2.0350881
702.088,2.0342386
702.674,2.0333903
703.26,2.0325432
703.846,2.031697
704.432,2.0308521
705.018,2.0300081
705.604,2.029165
706.19,2.0283232
706.776,2.0274823
707.362,2.0266426
707.948,2.0258038
708.534,2.024966
709.12,2.0241294
709.706,2.0232937
710.292,2.0224593
710.878,2.0216255
711.464,2.0207932
712.05,2.0199616
712.636,2.0191312
713.222,2.0183017
713.808,2.0174735
714.394,2.0166459
714.98,2.0158193
715.566,2.0149937
716.152,2.014169
716.738,2.0133455
717.324,2.0125229
717.91,2.0117011
718.496,2.0108807
719.082,2.010061
719.668,2.0092425
720.254,2.008425
720.84,2.0076084
721.426,2.0067928
722.012,2.0059781
722.598,2.0051646
723.184,2.0043521
723.77,2.0035405
724.356,2.0027299
724.942,2.0019202
725.528,2.0011117
726.114,2.000304
726.7,1.9994973
727.286,1.9986917
727.872,1.997887
728.458,1.9970833
729.044,1.9962806
729.63,1.9954787
730.216,1.9946779
730.802,1.993878
731.388,1.9930791
731.974,1.9922812
732.56,1.9914842
733.146,1.9906882
733.732,1.9898932
734.318,1.989099
734.904,1.9883059
735.49,1.9875138
736.076,1.9867226
736.662,1.9859322
737.248,1.9851428
737.834,1.9843544
738.42,1.983567
739.006,1.9827805
739.592,1.9819949
740.178,1.9812102
740.764,1.9804265
741.35,1.9796437
741.936,1.9788618
742.522,1.978081
743.108,1.9773009
743.694,1.9765218
744.28,1.9757437
744.866,1.9749664
745.452,1.9741901
746.038,1.9734148
746.624,1.9726403
747.21,1.9718667
747.796,1.971094
748.382,1.9703223
748.968,1.9695514
749.554,1.9687815
750.14,1.9680125
750.726,1.9672444
751.312,1.9664772
751.898,1.9657109
752.484,1.9649454
753.07,1.9641808
753.656,1.9634172
754.242,1.9626545
754.828,1.9618926
755.414,1.9611317
756,1.9603715
756.586,1.9596124
757.172,1.958854
757.758,1.9580966
758.344,1.95734
758.93,1.9565843
759.516,1.9558295
760.102,1.9550756
760.688,1.9543227
761.274,1.9535705
761.86,1.9528191
762.446,1.9520687
763.032,1.9513191
763.618,1.9505703
764.204,1.9498225
764.79,1.9490756
765.376,1.9483294
765.962,1.9475842
766.548,1.9468397
767.134,1.9460962
767.72,1.9453535
768.306,1.9446115
768.892,1.9438705
769.478,1.9431304
770.064,1.942391
770.65,1.9416524
771.236,1.9409146
771.822,1.9401777
772.408,1.9394416
772.994,1.9387062
773.58,1.9379718
774.166,1.9372381
774.752,1.9365053
775.338,1.9357734
775.924,1.9350423
776.51,1.934312
777.096,1.9335825
777.682,1.9328538
778.268,1.932126
778.854,1.931399
779.44,1.9306729
780.026,1.9299475
780.612,1.9292229
781.198,1.9284993
781.784,1.9277763
782.37,1.9270543
782.956,1.926333
783.542,1.9256126
784.128,1.9248929
784.714,1.9241741
785.3,1.923456
785.886,1.9227388
786.472,1.9220223
787.058,1.9213066
787.644,1.9205918
788.23,1.9198778
788.816,1.9191645
789.402,1.9184521
789.988,1.9177405
790.574,1.9170296
791.16,1.9163196
791.746,1.9156103
792.332,1.9149017
792.918,1.9141941
793.504,1.9134872
794.09,1.912781
794.676,1.9120758
795.262,1.9113711
795.848,1.9106673
796.434,1.9099643
797.02,1.9092621
797.606,1.9085606
798.192,1.9078599
798.778,1.9071599
799.364,1.9064609
799.95,1.9057624
800.536,1.9050648
801.122,1.904368
801.708,1.9036719
802.294,1.9029766
802.88,1.9022821
803.466,1.9015883
804.052,1.9008952
804.638,1.900203
805.224,1.8995115
805.81,1.8988208
806.396,1.8981307
806.982,1.8974414
807.568,1.896753
808.154,1.8960652
808.74,1.8953781
809.326,1.8946918
809.912,1.8940064
810.498,1.8933216
811.084,1.8926376
811.67,1.8919543
812.256,1.8912717
812.842,1.89059
813.428,1.8899089
814.014,1.8892285
814.6,1.8885489
815.186,1.8878701
815.772,1.8871919
816.358,1.8865145
816.944,1.8858378
817.53,1.8851619
818.116,1.8844867
818.702,1.8838122
819.288,1.8831384
819.874,1.8824654
820.46,1.881793
821.046,1.8811214
821.632,1.8804505
822.218,1.8797803
822.804,1.8791109
823.39,1.8784422
823.976,1.8777741
824.562,1.8771069
825.148,1.8764402
825.734,1.8757743
826.32,1.8751092
826.906,1.8744447
827.492,1.873781
828.078,1.8731178
828.664,1.8724555
829.25,1.8717939
829.836,1.8711329
830.422,1.8704726
831.008,1.8698131
831.594,1.8691542
832.18,1.8684961
832.766,1.8678386
833.352,1.8671818
833.938,1.8665257
834.524,1.8658704
835.11,1.8652157
835.696,1.8645616
836.282,1.8639083
836.868,1.8632556
837.454,1.8626037
838.04,1.8619524
838.626,1.8613018
839.212,1.860652
839.798,1.8600028
840.384,1.8593541
840.97,1.8587062
841.556,1.858059
842.142,1.8574126
842.728,1.8567667
843.314,1.8561215
843.9,1.8554771
844.486,1.8548332
845.072,1.8541901
845.658,1.8535476
846.244,1.8529058
846.83,1.8522646
847.416,1.8516241
848.002,1.8509843
848.588,1.8503451
849.174,1.8497066
849.76,1.8490689
850.346,1.8484317
850.932,1.8477951
851.518,1.8471593
852.104,1.846524
852.69,1.8458894
853.276,1.8452556
853.862,1.8446224
854.448,1.8439897
855.034,1.8433578
855.62,1.8427265
856.206,1.8420959
856.792,1.8414658
857.378,1.8408365
857.964,1.8402078
858.55,1.8395797
859.136,1.8389523
859.722,1.8383255
860.308,1.8376994
860.894,1.8370739
861.48,1.836449
862.066,1.8358247
862.652,1.8352011
863.238,1.8345783
863.824,1.8339559
864.41,1.8333342
864.996,1.8327131
865.582,1.8320928
866.168,1.831473
866.754,1.8308538
867.34,1.8302352
867.926,1.8296173
868.512,1.829
869.098,1.8283833
869.684,1.8277674
870.27,1.8271519
870.856,1.8265371
871.442,1.825923
872.028,1.8253094
872.614,1.8246964
873.2,1.824084
873.786,1.8234724
874.372,1.8228613
874.958,1.8222508
875.544,1.821641
876.13,1.8210317
876.716,1.820423
877.302,1.819815
877.888,1.8192075
878.474,1.8186008
879.06,1.8179945
879.646,1.8173889
880.232,1.8167839
880.818,1.8161795
881.404,1.8155757
881.99,1.8149725
882.576,1.8143699
883.162,1.8137679
883.748,1.8131665
884.334,1.8125657
884.92,1.8119656
885.506,1.811366
886.092,1.8107669
886.678,1.8101685
887.264,1.8095707
887.85,1.8089734
888.436,1.8083769
889.022,1.8077809
889.608,1.8071853
890.194,1.8065904
890.78,1.8059962
891.366,1.8054025
891.952,1.8048093
892.538,1.8042169
893.124,1.8036249
893.71,1.8030335
894.296,1.8024427
894.882,1.8018525
895.468,1.8012629
896.054,1.8006738
896.64,1.8000853
897.226,1.7994975
897.812,1.7989101
898.398,1.7983234
898.984,1.7977372
899.57,1.7971516
900.156,1.7965666
900.742,1.7959821
901.328,1.7953982
901.914,1.7948149
902.5,1.7942322
903.086,1.79365
903.672,1.7930684
904.258,1.7924874
904.844,1.7919068
905.43,1.791327
906.016,1.7907476
906.602,1.7901688
907.188,1.7895905
907.774,1.7890129
908.36,1.7884357
908.946,1.7878592
909.532,1.7872832
910.118,1.7867078
910.704,1.7861328
911.29,1.7855585
911.876,1.7849847
912.462,1.7844114
913.048,1.7838389
913.634,1.7832667
914.22,1.7826951
914.806,1.782124
915.392,1.7815536
915.978,1.7809837
916.564,1.7804143
917.15,1.7798455
917.736,1.7792772
918.322,1.7787094
918.908,1.7781422
919.494,1.7775755
920.08,1.7770094
920.666,1.7764438
921.252,1.7758788
921.838,1.7753142
922.424,1.7747504
923.01,1.7741868
923.596,1.7736239
924.182,1.7730616
924.768,1.7724998
925.354,1.7719384
925.94,1.7713778
926.526,1.7708175
927.112,1.7702578
927.698,1.7696986
928.284,1.76914
928.87,1.7685819
929.456,1.7680243
930.042,1.7674673
930.628,1.7669108
931.214,1.7663548
931.8,1.7657993
932.386,1.7652444
932.972,1.7646899
933.558,1.764136
934.144,1.7635826
934.73,1.7630297
935.316,1.7624774
935.902,1.7619256
936.488,1.7613742
937.074,1.7608235
937.66,1.7602732
938.246,1.7597234
938.832,1.7591742
939.418,1.7586255
940.004,1.7580773
940.59,1.7575296
941.176,1.7569823
941.762,1.7564356
942.348,1.7558895
942.934,1.7553438
943.52,1.7547987
944.106,1.754254
944.692,1.7537099
945.278,1.7531662
945.864,1.7526231
946.45,1.7520804
947.036,1.7515384
947.622,1.7509968
948.208,1.7504557
948.794,1.749915
949.38,1.749375
949.966,1.7488353
950.552,1.7482963
951.138,1.7477577
951.724,1.7472196
952.31,1.7466819
952.896,1.7461448
953.482,1.7456081
954.068,1.745072
954.654,1.7445364
955.24,1.7440013
955.826,1.7434666
956.412,1.7429324
956.998,1.7423987
957.584,1.7418655
958.17,1.7413329
958.756,1.7408006
959.342,1.7402689
959.928,1.7397377
960.514,1.739207
961.1,1.7386768
961.686,1.7381469
962.272,1.7376176
962.858,1.7370888
963.444,1.7365606
964.03,1.7360327
964.616,1.7355053
965.202,1.7349784
965.788,1.734452
966.374,1.7339262
966.96,1.7334007
967.546,1.7328757
968.132,1.7323513
968.718,1.7318273
969.304,1.7313037
969.89,1.7307807
970.476,1.7302581
971.062,1.729736
971.648,1.7292143
972.234,1.7286931
972.82,1.7281725
973.406,1.7276523
973.992,1.7271326
974.578,1.7266133
975.164,1.7260944
975.75,1.725576
976.336,1.7250582
976.922,1.7245408
977.508,1.7240238
978.094,1.7235073
978.68,1.7229913
979.266,1.7224758
979.852,1.7219607
980.438,1.721446
981.024,1.7209319
981.61,1.7204182
982.196,1.7199049
982.782,1.7193922
983.368,1.7188798
983.954,1.7183679
984.54,1.7178565
985.126,1.7173456
985.712,1.7168351
986.298,1.716325
986.884,1.7158154
987.47,1.7153063
988.056,1.7147976
988.642,1.7142894
989.228,1.7137816
989.814,1.7132742
990.4,1.7127675
990.986,1.7122611
991.572,1.711755
992.158,1.7112495
992.744,1.7107444
993.33,1.7102398
993.916,1.7097356
994.502,1.7092319
995.088,1.7087287
995.674,1.7082257
996.26,1.7077234
996.846,1.7072214
997.432,1.7067199
998.018,1.7062188
998.604,1.7057182
999.19,1.705218
999.776,1.7047182
1000.362,1.7042189
1000.948,1.7037201
1001.534,1.7032217
1002.12,1.7027236
1002.706,1.702226
1003.292,1.7017289
1003.878,1.7012323
1004.464,1.700736
1005.05,1.7002403
1005.636,1.6997448
1006.222,1.6992499
1006.808,1.6987554
1007.394,1.6982614
1007.98,1.6977676
1008.566,1.6972744
1009.152,1.6967816
1009.738,1.6962893
1010.324,1.6957974
1010.91,1.6953059
1011.496,1.6948148
1012.082,1.6943241
1012.668,1.6938339
1013.254,1.6933441
1013.84,1.6928548
1014.426,1.6923659
1015.012,1.6918774
1015.598,1.6913892
1016.184,1.6909015
1016.77,1.6904143
1017.356,1.6899275
1017.942,1.6894411
1018.528,1.6889551
1019.114,1.6884695
1019.7,1.6879845
1020.286,1.6874996
1020.872,1.6870154
1021.458,1.6865314
1022.044,1.686048
1022.63,1.685565
1023.216,1.6850823
1023.802,1.6846001
1024.388,1.6841183
1024.974,1.6836369
1025.56,1.6831559
1026.146,1.6826754
1026.732,1.6821952
1027.318,1.6817155
1027.904,1.6812361
1028.49,1.680757
1029.076,1.6802785
1029.662,1.6798002
1030.248,1.6793224
1030.834,1.6788449
1031.42,1.678368
1032.006,1.6778913
1032.592,1.6774151
1033.178,1.6769394
1033.764,1.676464
1034.35,1.6759889
1034.936,1.6755143
1035.522,1.6750401
1036.108,1.6745664
1036.694,1.674093
1037.28,1.67362
1037.866,1.6731474
1038.452,1.6726753
1039.038,1.6722034
1039.624,1.6717321
1040.21,1.6712611
1040.796,1.6707906
1041.382,1.6703204
1041.968,1.6698506
1042.554,1.6693811
1043.14,1.6689122
1043.726,1.6684436
1044.312,1.6679754
1044.898,1.6675075
1045.484,1.6670401
1046.07,1.6665732
1046.656,1.6661065
1047.242,1.6656402
1047.828,1.6651745
1048.414,1.664709
1049,1.6642439
1049.586,1.6637793
1050.172,1.6633149
1050.758,1.6628511
1051.344,1.6623876
1051.93,1.6619245
1052.516,1.6614617
1053.102,1.6609994
1053.688,1.6605375
1054.274,1.6600759
1054.86,1.6596147
1055.446,1.6591539
1056.032,1.6586934
1056.618,1.6582334
1057.204,1.6577739
1057.79,1.6573145
1058.376,1.6568557
1058.962,1.6563971
1059.548,1.655939
1060.134,1.6554812
1060.72,1.6550239
1061.306,1.654567
1061.892,1.6541103
1062.478,1.6536541
1063.064,1.6531984
1063.65,1.6527429
1064.236,1.6522877
1064.822,1.6518331
1065.408,1.6513786
1065.994,1.6509247
1066.58,1.6504712
1067.166,1.650018
1067.752,1.6495651
1068.338,1.6491126
1068.924,1.6486605
1069.51,1.6482089
1070.096,1.6477574
1070.682,1.6473066
1071.268,1.646856
1071.854,1.6464057
1072.44,1.6459558
1073.026,1.6455064
1073.612,1.6450572
1074.198,1.6446085
1074.784,1.64416
1075.37,1.643712
1075.956,1.6432644
1076.542,1.6428171
1077.128,1.6423702
1077.714,1.6419237
1078.3,1.6414775
1078.886,1.6410316
1079.472,1.6405861
1080.058,1.6401411
1080.644,1.6396964
1081.23,1.6392519
1081.816,1.6388079
1082.402,1.6383643
1082.988,1.637921
1083.574,1.6374781
1084.16,1.6370355
1084.746,1.6365933
1085.332,1.6361514
1085.918,1.63571
1086.504,1.6352688
1087.09,1.6348281
1087.676,1.6343877
1088.262,1.6339476
1088.848,1.633508
1089.434,1.6330686
1090.02,1.6326296
1090.606,1.6321909
1091.192,1.6317527
1091.778,1.6313148
1092.364,1.6308773
1092.95,1.63044
1093.536,1.6300031
1094.122,1.6295666
1094.708,1.6291305
1095.294,1.6286947
1095.88,1.6282592
1096.466,1.6278241
1097.052,1.6273893
1097.638,1.6269549
1098.224,1.6265209
1098.81,1.6260871
1099.396,1.6256537
1099.982,1.6252208
1100.568,1.624788
1101.154,1.6243558
1101.74,1.6239238
1102.326,1.6234921
1102.912,1.6230608
1103.498,1.6226299
1104.084,1.6221993
1104.67,1.6217691
1105.256,1.6213392
1105.842,1.6209096
1106.428,1.6204804
1107.014,1.6200515
1107.6,1.6196229
1108.186,1.6191947
1108.772,1.6187669
1109.358,1.6183394
1109.944,1.6179123
1110.53,1.6174854
1111.116,1.6170589
1111.702,1.6166327
1112.288,1.616207
1112.874,1.6157814
1113.46,1.6153563
1114.046,1.6149315
1114.632,1.6145071
1115.218,1.6140829
1115.804,1.6136591
1116.39,1.6132357
1116.976,1.6128125
1117.562,1.6123897
1118.148,1.6119673
1118.734,1.6115451
1119.32,1.6111233
1119.906,1.6107019
1120.492,1.6102808
1121.078,1.6098599
1121.664,1.6094395
1122.25,1.6090193
1122.836,1.6085995
1123.422,1.60818
1124.008,1.6077609
1124.594,1.6073421
1125.18,1.6069237
1125.766,1.6065054
1126.352,1.6060874
1126.938,1.6056697
1127.524,1.6052523
1128.11,1.6048353
1128.696,1.6044185
1129.282,1.6040021
1129.868,1.6035861
1130.454,1.6031703
1131.04,1.602755
1131.626,1.6023397
1132.212,1.601925
1132.798,1.6015105
1133.384,1.6010964
1133.97,1.6006826
1134.556,1.6002692
1135.142,1.599856
1135.728,1.5994432
1136.314,1.5990306
1136.9,1.5986184
1137.486,1.5982065
1138.072,1.5977949
1138.658,1.5973836
1139.244,1.5969728
1139.83,1.5965621
1140.416,1.5961518
1141.002,1.5957419
1141.588,1.5953321
1142.174,1.5949229
1142.76,1.5945138
1143.346,1.5941051
1143.932,1.5936967
1144.518,1.5932887
1145.104,1.5928808
1145.69,1.5924735
1146.276,1.5920663
1146.862,1.5916595
1147.448,1.5912529
1148.034,1.5908468
1148.62,1.5904409
1149.206,1.5900353
1149.792,1.58963
1150.378,1.5892251
1150.964,1.5888205
1151.55,1.5884161
1152.136,1.5880121
1152.722,1.5876085
1153.308,1.5872051
1153.894,1.5868019
1154.48,1.5863991
1155.066,1.5859966
1155.652,1.5855944
1156.238,1.5851927
1156.824,1.5847911
1157.41,1.5843898
1157.996,1.5839889
1158.582,1.5835882
1159.168,1.5831879
1159.754,1.5827879
1160.34,1.5823882
1160.926,1.5819888
1161.512,1.5815897
1162.098,1.5811908
1162.684,1.5807923
1163.27,1.5803941
1163.856,1.5799962
1164.442,1.5795987
1165.028,1.5792013
1165.614,1.5788044
1166.2,1.5784076
1166.786,1.5780113
1167.372,1.5776151
1167.958,1.5772194
1168.544,1.5768238
1169.13,1.5764287
1169.716,1.5760337
1170.302,1.5756391
1170.888,1.5752449
1171.474,1.5748509
1172.06,1.5744572
1172.646,1.5740638
1173.232,1.5736706
1173.818,1.5732778
1174.404,1.5728853
1174.99,1.5724931
1175.576,1.5721011
1176.162,1.5717095
1176.748,1.5713181
1177.334,1.5709271
1177.92,1.5705364
1178.506,1.5701458
1179.092,1.5697558
1179.678,1.5693659
1180.264,1.5689763
1180.85,1.5685869
1181.436,1.568198
1182.022,1.5678093
1182.608,1.567421
1183.194,1.5670328
1183.78,1.5666449
1184.366,1.5662574
1184.952,1.5658702
1185.538,1.5654832
1186.124,1.5650965
1186.71,1.5647101
1187.296,1.564324
1187.882,1.5639381
1188.468,1.5635526
1189.054,1.5631673
1189.64,1.5627824
1190.226,1.5623977
1190.812,1.5620134
1191.398,1.5616293
1191.984,1.5612454
1192.57,1.5608619
1193.156,1.5604787
1193.742,1.5600958
1194.328,1.5597131
1194.914,1.5593307
1195.5,1.5589485
1196.086,1.5585668
1196.672,1.5581852
1197.258,1.557804
1197.844,1.557423
1198.43,1.5570422
1199.016,1.5566618
1199.602,1.5562817
1200.188,1.5559019
1200.774,1.5555223
1201.36,1.555143
1201.946,1.554764
1202.532,1.5543852
1203.118,1.5540068
1203.704,1.5536287
1204.29,1.5532507
1204.876,1.552873
1205.462,1.5524956
1206.048,1.5521182
1206.634,1.5517411
1207.22,1.5513643
1207.806,1.5509878
1208.392,1.5506115
1208.978,1.5502356
1209.564,1.5498599
1210.15,1.5494845
1210.736,1.5491093
1211.322,1.5487344
1211.908,1.54836
1212.494,1.5479856
1213.08,1.5476116
1213.666,1.5472379
1214.252,1.5468643
1214.838,1.5464911
1215.424,1.5461183
1216.01,1.5457455
1216.596,1.5453732
1217.182,1.545001
1217.768,1.5446291
1218.354,1.5442576
1218.94,1.5438863
1219.526,1.5435152
1220.112,1.5431445
1220.698,1.542774
1221.284,1.5424038
1221.87,1.5420338
1222.456,1.5416641
1223.042,1.5412947
1223.628,1.5409256
1224.214,1.5405568
1224.8,1.5401881
1225.386,1.5398197
1225.972,1.5394517
1226.558,1.5390838
1227.144,1.5387163
1227.73,1.538349
1228.316,1.5379821
1228.902,1.5376153
1229.488,1.5372488
1230.074,1.5368826
1230.66,1.5365167
1231.246,1.5361511
1231.832,1.5357856
1232.418,1.5354204
1233.004,1.5350555
1233.59,1.534691
1234.176,1.5343266
1234.762,1.5339625
1235.348,1.5335985
1235.934,1.533235
1236.52,1.5328717
1237.106,1.5325086
1237.692,1.5321459
1238.278,1.5317833
1238.864,1.5314211
1239.45,1.531059
1240.036,1.5306972
1240.622,1.5303358
1241.208,1.5299745
1241.794,1.5296135
1242.38,1.5292529
1242.966,1.5288924
1243.552,1.5285321
1244.138,1.5281723
1244.724,1.5278125
1245.31,1.5274531
1245.896,1.5270939
1246.482,1.5267351
1247.068,1.5263764
1247.654,1.5260179
1248.24,1.5256598
1248.826,1.5253018
1249.412,1.5249442
1249.998,1.5245868
1250.584,1.5242296
1251.17,1.5238727
1251.756,1.5235162
1252.342,1.5231597
1252.928,1.5228037
1253.514,1.5224478
1254.1,1.5220921
1254.686,1.5217367
1255.272,1.5213816
1255.858,1.5210267
1256.444,1.5206722
1257.03,1.5203178
1257.616,1.5199637
1258.202,1.5196098
1258.788,1.5192562
1259.374,1.5189028
1259.96,1.5185497
1260.546,1.5181968
1261.132,1.5178442
1261.718,1.5174918
1262.304,1.5171397
1262.89,1.5167878
1263.476,1.5164362
1264.062,1.5160848
1264.648,1.5157336
1265.234,1.5153826
1265.82,1.5150317
1266.406,1.514681
1266.992,1.5143306
1267.578,1.5139804
1268.164,1.5136305
1268.75,1.5132807
1269.336,1.5129313
1269.922,1.5125821
1270.508,1.5122331
1271.094,1.5118845
1271.68,1.511536
1272.266,1.5111877
1272.852,1.5108397
1273.438,1.510492
1274.024,1.5101445
1274.61,1.5097972
1275.196,1.5094502
1275.782,1.5091034
1276.368,1.5087569
1276.954,1.5084106
1277.54,1.5080645
1278.126,1.5077187
1278.712,1.5073731
1279.298,1.5070279
1279.884,1.5066828
1280.47,1.5063379
1281.056,1.5059932
1281.642,1.5056489
1282.228,1.5053047
1282.814,1.5049608
1283.4,1.5046172
1283.986,1.5042738
1284.572,1.5039306
1285.158,1.5035876
1285.744,1.5032449
1286.33,1.5029024
1286.916,1.5025601
1287.502,1.5022181
1288.088,1.5018764
1288.674,1.5015348
1289.26,1.5011935
1289.846,1.5008525
1290.432,1.5005116
1291.018,1.5001709
1291.604,1.4998306
1292.19,1.4994905
1292.776,1.4991506
1293.362,1.4988109
1293.948,1.4984715
1294.534,1.4981323
1295.12,1.4977933
1295.706,1.4974545
1296.292,1.4971161
1296.878,1.4967778
1297.464,1.4964397
1298.05,1.496102
1298.636,1.4957644
1299.222,1.495427
1299.808,1.4950899
1300.394,1.494753
1300.98,1.4944164
1301.566,1.4940798
1302.152,1.4937437
1302.738,1.4934077
1303.324,1.493072
1303.91,1.4927365
1304.496,1.4924011
1305.082,1.492066
1305.668,1.4917313
1306.254,1.4913967
1306.84,1.4910623
1307.426,1.4907281
1308.012,1.4903942
1308.598,1.4900604
1309.184,1.489727
1309.77,1.4893937
1310.356,1.4890608
1310.942,1.4887279
1311.528,1.4883953
1312.114,1.488063
1312.7,1.4877309
1313.286,1.487399
1313.872,1.4870672
1314.458,1.4867358
1315.044,1.4864045
1315.63,1.4860736
1316.216,1.4857428
1316.802,1.4854122
1317.388,1.4850818
1317.974,1.4847517
1318.56,1.4844218
1319.146,1.4840921
1319.732,1.4837626
1320.318,1.4834335
1320.904,1.4831045
1321.49,1.4827757
1322.076,1.482447
1322.662,1.4821187
1323.248,1.4817905
1323.834,1.4814626
1324.42,1.4811349
1325.006,1.4808074
1325.592,1.4804802
1326.178,1.4801531
1326.764,1.4798263
1327.35,1.4794997
1327.936,1.4791733
1328.522,1.4788471
1329.108,1.4785212
1329.694,1.4781954
1330.28,1.4778699
1330.866,1.4775447
1331.452,1.4772196
1332.038,1.4768946
1332.624,1.47657
1333.21,1.4762456
1333.796,1.4759214
1334.382,1.4755974
1334.968,1.4752736
1335.554,1.47495
1336.14,1.4746265
1336.726,1.4743034
1337.312,1.4739804
1337.898,1.4736577
1338.484,1.4733353
1339.07,1.4730129
1339.656,1.4726908
1340.242,1.472369
1340.828,1.4720473
1341.414,1.4717258
1342,1.4714047
1342.586,1.4710835
1343.172,1.4707627
1343.758,1.4704419
1344.344,1.4701214
1344.93,1.4698009
1345.516,1.4694808
1346.102,1.4691608
1346.688,1.4688411
1347.274,1.4685215
1347.86,1.4682021
1348.446,1.467883
1349.032,1.4675641
1349.618,1.4672453
1350.204,1.4669269
1350.79,1.4666085
1351.376,1.4662905
1351.962,1.4659727
1352.548,1.465655
1353.134,1.4653375
1353.72,1.4650202
1354.306,1.4647032
1354.892,1.4643863
1355.478,1.4640697
1356.064,1.4637533
1356.65,1.4634371
1357.236,1.4631211
1357.822,1.4628053
1358.408,1.4624896
1358.994,1.4621743
1359.58,1.461859
1360.166,1.461544
1360.752,1.4612293
1361.338,1.4609147
1361.924,1.4606003
1362.51,1.4602861
1363.096,1.4599721
1363.682,1.4596584
1364.268,1.4593449
1364.854,1.4590315
1365.44,1.4587183
1366.026,1.4584054
1366.612,1.4580927
1367.198,1.4577801
1367.784,1.4574678
1368.37,1.4571556
1368.956,1.4568436
1369.542,1.456532
1370.128,1.4562204
1370.714,1.4559091
1371.3,1.4555979
1371.886,1.455287
1372.472,1.4549762
1373.058,1.4546657
1373.644,1.4543554
1374.23,1.4540452
1374.816,1.4537354
1375.402,1.4534255
1375.988,1.4531161
1376.574,1.4528067
1377.16,1.4524976
1377.746,1.4521886
1378.332,1.4518799
1378.918,1.4515713
1379.504,1.451263
1380.09,1.4509548
1380.676,1.4506469
1381.262,1.4503391
1381.848,1.4500315
1382.434,1.4497242
1383.02,1.449417
1383.606,1.44911
1384.192,1.4488032
1384.778,1.4484967
1385.364,1.4481903
1385.95,1.4478841
1386.536,1.4475781
1387.122,1.4472723
1387.708,1.4469666
1388.294,1.4466612
1388.88,1.4463561
1389.466,1.446051
1390.052,1.4457462
1390.638,1.4454416
1391.224,1.4451371
1391.81,1.4448329
1392.396,1.4445288
1392.982,1.444225
1393.568,1.4439212
1394.154,1.4436178
1394.74,1.4433146
1395.326,1.4430114
1395.912,1.4427085
1396.498,1.4424058
1397.084,1.4421033
1397.67,1.441801
1398.256,1.4414988
1398.842,1.4411969
1399.428,1.4408951
1400.014,1.4405936
1400.6,1.4402921
1401.186,1.439991
1401.772,1.43969
1402.358,1.4393892
1402.944,1.4390886
1403.53,1.4387882
1404.116,1.4384879
1404.702,1.4381878
1405.288,1.4378879
1405.874,1.4375883
1406.46,1.4372888
1407.046,1.4369895
1407.632,1.4366904
1408.218,1.4363915
1408.804,1.4360927
1409.39,1.4357941
1409.976,1.4354959
1410.562,1.4351977
1411.148,1.4348997
1411.734,1.4346018
1412.32,1.4343042
1412.906,1.4340068
1413.492,1.4337096
1414.078,1.4334126
1414.664,1.4331156
1415.25,1.4328189
1415.836,1.4325224
1416.422,1.4322262
1417.008,1.4319301
1417.594,1.4316339
1418.18,1.4313383
1418.766,1.4310427
1419.352,1.4307473
1419.938,1.430452
1420.524,1.4301569
1421.11,1.4298621
1421.696,1.4295675
1422.282,1.429273
1422.868,1.4289787
1423.454,1.4286846
1424.04,1.4283906
1424.626,1.4280969
1425.212,1.4278034
1425.798,1.4275099
1426.384,1.4272168
1426.97,1.4269238
1427.556,1.4266309
1428.142,1.4263382
1428.728,1.4260457
1429.314,1.4257534
1429.9,1.4254613
1430.486,1.4251693
1431.072,1.4248775
1431.658,1.4245859
1432.244,1.4242945
1432.83,1.4240034
1433.416,1.4237123
1434.002,1.4234214
1434.588,1.4231308
1435.174,1.4228402
1435.76,1.4225498
1436.346,1.4222597
1436.932,1.4219698
1437.518,1.42168
1438.104,1.4213903
1438.69,1.4211009
1439.276,1.4208115
1439.862,1.4205225
1440.448,1.4202336
1441.034,1.4199449
1441.62,1.4196563
1442.206,1.4193679
1442.792,1.4190797
1443.378,1.4187917
1443.964,1.4185039
1444.55,1.4182161
1445.136,1.4179286
1445.722,1.4176413
1446.308,1.4173542
1446.894,1.4170672
1447.48,1.4167804
1448.066,1.4164938
1448.652,1.4162072
1449.238,1.415921
1449.824,1.4156349
1450.41,1.4153489
1450.996,1.4150631
1451.582,1.4147776
1452.168,1.4144921
1452.754,1.414207
1453.34,1.4139218
1453.926,1.413637
1454.512,1.4133523
1455.098,1.4130677
1455.684,1.4127834
1456.27,1.4124991
1456.856,1.4122151
1457.442,1.4119313
1458.028,1.4116476
1458.614,1.411364
1459.2,1.4110807
1459.786,1.4107975
1460.372,1.4105145
1460.958,1.4102317
1461.544,1.4099489
1462.13,1.4096664
1462.716,1.4093839
1463.302,1.4091016
1463.888,1.4088196
1464.474,1.4085376
1465.06,1.4082558
1465.646,1.4079742
1466.232,1.4076928
1466.818,1.4074115
1467.404,1.4071305
1467.99,1.4068495
1468.576,1.4065688
1469.162,1.4062881
1469.748,1.4060078
1470.334,1.4057275
1470.92,1.4054475
1471.506,1.4051675
1472.092,1.4048878
1472.678,1.4046081
1473.264,1.4043288
1473.85,1.4040495
1474.436,1.4037704
1475.022,1.4034916
1475.608,1.4032128
1476.194,1.4029342
1476.78,1.4026558
1477.366,1.4023775
1477.952,1.4020995
1478.538,1.4018216
1479.124,1.4015439
1479.71,1.4012662
1480.296,1.4009888
1480.882,1.4007115
1481.468,1.4004345
1482.054,1.4001576
1482.64,1.3998808
1483.226,1.3996042
1483.812,1.3993278
1484.398,1.3990515
1484.984,1.3987755
1485.57,1.3984995
1486.156,1.3982238
1486.742,1.397948
1487.328,1.3976727
1487.914,1.3973974
1488.5,1.3971223
1489.086,1.3968474
1489.672,1.3965725
1490.258,1.3962978
1490.844,1.3960234
1491.43,1.3957491
1492.016,1.3954749
1492.602,1.395201
1493.188,1.3949271
1493.774,1.3946536
1494.36,1.39438
1494.946,1.3941066
1495.532,1.3938335
1496.118,1.3935604
1496.704,1.3932875
1497.29,1.3930149
1497.876,1.3927424
1498.462,1.39247
1499.048,1.3921977
1499.634,1.3919257
1500.22,1.3916539
1500.806,1.3913821
1501.392,1.3911105
1501.978,1.3908391
1502.564,1.3905679
1503.15,1.3902968
1503.736,1.3900259
1504.322,1.389755
1504.908,1.3894844
1505.494,1.3892139
1506.08,1.3889437
1506.666,1.3886735
1507.252,1.3884035
1507.838,1.3881336
1508.424,1.387864
1509.01,1.3875945
1509.596,1.3873252
1510.182,1.387056
1510.768,1.3867869
1511.354,1.386518
1511.94,1.3862493
1512.526,1.3859807
1513.112,1.3857123
1513.698,1.385444
1514.284,1.3851759
1514.87,1.384908
1515.456,1.3846402
1516.042,1.3843725
1516.628,1.3841051
1517.214,1.3838377
1517.8,1.3835706
1518.386,1.3833035
1518.972,1.3830367
1519.558,1.3827699
1520.144,1.3825034
1520.73,1.382237
1521.316,1.3819708
1521.902,1.3817047
1522.488,1.3814387
1523.074,1.381173
1523.66,1.3809073
1524.246,1.3806418
1524.832,1.3803766
1525.418,1.3801113
1526.004,1.3798463
1526.59,1.3795815
1527.176,1.3793168
1527.762,1.3790522
1528.348,1.3787878
1528.934,1.3785236
1529.52,1.3782594
1530.106,1.3779955
1530.692,1.3777317
1531.278,1.377468
1531.864,1.3772045
1532.45,1.3769412
1533.036,1.376678
1533.622,1.376415
1534.208,1.376152
1534.794,1.3758893
1535.38,1.3756267
1535.966,1.3753643
1536.552,1.375102
1537.138,1.3748399
1537.724,1.3745779
1538.31,1.3743161
1538.896,1.3740544
1539.482,1.3737929
1540.068,1.3735315
1540.654,1.3732702
1541.24,1.3730091
1541.826,1.3727481
1542.412,1.3724874
1542.998,1.3722267
1543.584,1.3719662
1544.17,1.3717059
1544.756,1.3714457
1545.342,1.3711857
1545.928,1.3709258
1546.514,1.370666
1547.1,1.3704064
1547.686,1.3701469
1548.272,1.3698876
1548.858,1.3696284
1549.444,1.3693695
1550.03,1.3691106
1550.616,1.3688519
1551.202,1.3685932
1551.788,1.3683349
1552.374,1.3680766
1552.96,1.3678185
1553.546,1.3675604
1554.132,1.3673025
1554.718,1.3670449
1555.304,1.3667873
1555.89,1.3665299
1556.476,1.3662727
1557.062,1.3660156
1557.648,1.3657585
1558.234,1.3655018
1558.82,1.3652451
1559.406,1.3649886
1559.992,1.3647321
1560.578,1.364476
1561.164,1.3642198
1561.75,1.3639638
1562.336,1.363708
1562.922,1.3634523
1563.508,1.3631968
1564.094,1.3629415
1564.68,1.3626863
1565.266,1.3624312
1565.852,1.3621762
1566.438,1.3619213
1567.024,1.3616667
1567.61,1.3614122
1568.196,1.3611578
1568.782,1.3609035
1569.368,1.3606495
1569.954,1.3603956
1570.54,1.3601418
1571.126,1.3598881
1571.712,1.3596345
1572.298,1.3593811
1572.884,1.3591279
1573.47,1.3588748
1574.056,1.3586218
1574.642,1.358369
1575.228,1.3581164
1575.814,1.3578638
1576.4,1.3576114
1576.986,1.3573592
1577.572,1.357107
1578.158,1.356855
1578.744,1.3566033
1579.33,1.3563516
1579.916,1.3561
1580.502,1.3558486
1581.088,1.3555974
1581.674,1.3553462
1582.26,1.3550951
1582.846,1.3548443
1583.432,1.3545936
1584.018,1.3543431
1584.604,1.3540926
1585.19,1.3538424
1585.776,1.3535922
1586.362,1.3533422
1586.948,1.3530923
1587.534,1.3528426
1588.12,1.3525929
1588.706,1.3523434
1589.292,1.3520942
1589.878,1.3518449
1590.464,1.3515959
1591.05,1.351347
1591.636,1.3510982
1592.222,1.3508496
1592.808,1.3506011
1593.394,1.3503528
1593.98,1.3501045
1594.566,1.3498564
1595.152,1.3496084
1595.738,1.3493606
1596.324,1.349113
1596.91,1.3488654
1597.496,1.348618
1598.082,1.3483707
1598.668,1.3481236
1599.254,1.3478765
1599.84,1.3476297
1600.426,1.347383
1601.012,1.3471364
1601.598,1.34689
1602.184,1.3466437
1602.77,1.3463974
1603.356,1.3461514
1603.942,1.3459054
1604.528,1.3456597
1605.114,1.345414
1605.7,1.3451685
1606.286,1.3449231
1606.872,1.3446779
1607.458,1.3444328
1608.044,1.3441879
1608.63,1.343943
1609.216,1.3436983
1609.802,1.3434536
1610.388,1.3432093
1610.974,1.3429649
1611.56,1.3427207
1612.146,1.3424767
1612.732,1.3422328
1613.318,1.341989
1613.904,1.3417454
1614.49,1.341502
1615.076,1.3412585
1615.662,1.3410153
1616.248,1.3407722
1616.834,1.3405292
1617.42,1.3402864
1618.006,1.3400437
1618.592,1.3398011
1619.178,1.3395586
1619.764,1.3393162
1620.35,1.3390741
1620.936,1.338832
1621.522,1.3385901
1622.108,1.3383483
1622.694,1.3381066
1623.28,1.3378651
1623.866,1.3376237
1624.452,1.3373824
1625.038,1.3371413
1625.624,1.3369002
1626.21,1.3366594
1626.796,1.3364186
1627.382,1.3361781
1627.968,1.3359375
1628.554,1.3356972
1629.14,1.335457
1629.726,1.3352169
1630.312,1.3349769
1630.898,1.3347371
1631.484,1.3344973
1632.07,1.3342577
1632.656,1.3340182
1633.242,1.333779
1633.828,1.3335397
1634.414,1.3333007
1635,1.3330617
1635.586,1.3328229
1636.172,1.3325843
1636.758,1.3323457
1637.344,1.3321073
1637.93,1.331869
1638.516,1.3316308
1639.102,1.3313928
1639.688,1.3311548
1640.274,1.330917
1640.86,1.3306794
1641.446,1.3304418
1642.032,1.3302045
1642.618,1.3299671
1643.204,1.32973
1643.79,1.329493
1644.376,1.3292561
1644.962,1.3290193
1645.548,1.3287827
1646.134,1.3285462
1646.72,1.3283098
1647.306,1.3280735
1647.892,1.3278373
1648.478,1.3276013
1649.064,1.3273654
1649.65,1.3271297
1650.236,1.326894
1650.822,1.3266585
1651.408,1.3264232
1651.994,1.3261878
1652.58,1.3259528
1653.166,1.3257177
1653.752,1.3254828
1654.338,1.3252481
1654.924,1.3250134
1655.51,1.3247789
1656.096,1.3245445
1656.682,1.3243103
1657.268,1.3240762
1657.854,1.323842
1658.44,1.3236082
1659.026,1.3233745
1659.612,1.3231409
1660.198,1.3229073
1660.784,1.3226739
1661.37,1.3224406
1661.956,1.3222075
1662.542,1.3219744
1663.128,1.3217415
1663.714,1.3215088
1664.3,1.3212761
1664.886,1.3210435
1665.472,1.3208112
1666.058,1.3205788
1666.644,1.3203467
1667.23,1.3201146
1667.816,1.3198828
1668.402,1.3196509
1668.988,1.3194193
1669.574,1.3191876
1670.16,1.3189563
1670.746,1.318725
1671.332,1.3184937
1671.918,1.3182627
1672.504,1.3180317
1673.09,1.3178009
1673.676,1.3175702
1674.262,1.3173395
1674.848,1.3171091
1675.434,1.3168788
1676.02,1.3166486
1676.606,1.3164185
1677.192,1.3161885
1677.778,1.3159586
1678.364,1.3157289
1678.95,1.3154993
1679.536,1.3152697
1680.122,1.3150403
1680.708,1.3148111
1681.294,1.314582
1681.88,1.314353
1682.466,1.3141241
1683.052,1.3138953
1683.638,1.3136666
1684.224,1.3134381
1684.81,1.3132097
1685.396,1.3129814
1685.982,1.3127532
1686.568,1.3125252
1687.154,1.3122971
1687.74,1.3120693
1688.326,1.3118416
1688.912,1.311614
1689.498,1.3113866
1690.084,1.3111593
1690.67,1.3109319
1691.256,1.3107048
1691.842,1.3104779
1692.428,1.310251
1693.014,1.3100241
1693.6,1.3097975
1694.186,1.309571
1694.772,1.3093446
1695.358,1.3091183
1695.944,1.3088921
1696.53,1.3086661
1697.116,1.3084401
1697.702,1.3082143
1698.288,1.3079885
1698.874,1.307763
1699.46,1.3075374
1700.046,1.3073121
1700.632,1.3070869
1701.218,1.3068618
1701.804,1.3066368
1702.39,1.3064119
1702.976,1.3061872
1703.562,1.3059624
1704.148,1.3057379
1704.734,1.3055135
1705.32,1.3052891
1705.906,1.3050649
1706.492,1.3048408
1707.078,1.3046169
1707.664,1.3043931
1708.25,1.3041693
1708.836,1.3039457
1709.422,1.3037221
1710.008,1.3034987
1710.594,1.3032755
1711.18,1.3030523
1711.766,1.3028293
1712.352,1.3026063
1712.938,1.3023835
1713.524,1.3021609
1714.11,1.3019382
1714.696,1.3017157
1715.282,1.3014933
1715.868,1.3012711
1716.454,1.301049
1717.04,1.3008269
1717.626,1.3006051
1718.212,1.3003832
1718.798,1.3001616
1719.384,1.29994
1719.97,1.2997185
1720.556,1.2994971
1721.142,1.299276
1721.728,1.2990549
1722.314,1.2988338
1722.9,1.298613
1723.486,1.2983922
1724.072,1.2981715
1724.658,1.297951
1725.244,1.2977306
1725.83,1.2975101
1726.416,1.29729
1727.002,1.2970698
1727.588,1.2968498
1728.174,1.29663
1728.76,1.2964102
1729.346,1.2961905
1729.932,1.295971
1730.518,1.2957516
1731.104,1.2955322
1731.69,1.295313
1732.276,1.2950939
1732.862,1.2948749
1733.448,1.294656
1734.034,1.2944373
1734.62,1.2942187
1735.206,1.294
1735.792,1.2937816
1736.378,1.2935632
1736.964,1.2933451
1737.55,1.2931269
1738.136,1.292909
1738.722,1.2926911
1739.308,1.2924733
1739.894,1.2922556
1740.48,1.2920381
1741.066,1.2918206
1741.652,1.2916033
1742.238,1.2913861
1742.824,1.291169
1743.41,1.290952
1743.996,1.2907351
1744.582,1.2905183
1745.168,1.2903016
1745.754,1.2900851
1746.34,1.2898686
1746.926,1.2896522
1747.512,1.289436
1748.098,1.2892199
1748.684,1.2890038
1749.27,1.288788
1749.856,1.2885721
1750.442,1.2883564
1751.028,1.2881408
1751.614,1.2879254
1752.2,1.28771
1752.786,1.2874947
1753.372,1.2872795
1753.958,1.2870644
1754.544,1.2868495
1755.13,1.2866347
1755.716,1.28642
1756.302,1.2862053
1756.888,1.2859908
1757.474,1.2857764
1758.06,1.2855622
1758.646,1.2853479
1759.232,1.2851338
1759.818,1.2849199
1760.404,1.284706
1760.99,1.2844923
1761.576,1.2842785
1762.162,1.284065
1762.748,1.2838515
1763.334,1.2836382
1763.92,1.283425
1764.506,1.2832118
1765.092,1.2829988
1765.678,1.2827859
1766.264,1.2825731
1766.85,1.2823604
1767.436,1.2821478
1768.022,1.2819353
1768.608,1.2817229
1769.194,1.2815106
1769.78,1.2812984
1770.366,1.2810863
1770.952,1.2808744
1771.538,1.2806625
1772.124,1.2804508
1772.71,1.2802391
1773.296,1.2800276
1773.882,1.2798162
1774.468,1.2796048
1775.054,1.2793936
1775.64,1.2791824
1776.226,1.2789714
1776.812,1.2787606
1777.398,1.2785497
1777.984,1.278339
1778.57,1.2781284
1779.156,1.2779179
1779.742,1.2777075
1780.328,1.2774972
1780.914,1.277287
1781.5,1.277077
1782.086,1.2768669
1782.672,1.276657
1783.258,1.2764473
1783.844,1.2762376
1784.43,1.276028
1785.016,1.2758186
1785.602,1.2756093
1786.188,1.2753999
1786.774,1.2751907
1787.36,1.2749817
1787.946,1.2747728
1788.532,1.2745639
1789.118,1.2743552
1789.704,1.2741466
1790.29,1.2739381
1790.876,1.2737296
1791.462,1.2735212
1792.048,1.273313
1792.634,1.2731048
1793.22,1.2728968
1793.806,1.2726889
1794.392,1.2724811
1794.978,1.2722733
1795.564,1.2720658
1796.15,1.2718582
1796.736,1.2716508
1797.322,1.2714435
1797.908,1.2712362
1798.494,1.2710291
1799.08,1.270822
1799.666,1.2706152
1800.252,1.2704084
1800.838,1.2702017
1801.424,1.2699951
1802.01,1.2697885
1802.596,1.2695822
1803.182,1.2693758
1803.768,1.2691696
1804.354,1.2689635
1804.94,1.2687575
1805.526,1.2685516
1806.112,1.2683458
1806.698,1.2681401
1807.284,1.2679344
1807.87,1.2677289
1808.456,1.2675235
1809.042,1.2673182
1809.628,1.267113
1810.214,1.2669079
1810.8,1.2667029
1811.386,1.266498
1811.972,1.2662932
1812.558,1.2660885
1813.144,1.2658838
1813.73,1.2656794
1814.316,1.2654749
1814.902,1.2652706
1815.488,1.2650664
1816.074,1.2648623
1816.66,1.2646582
1817.246,1.2644544
1817.832,1.2642505
1818.418,1.2640468
1819.004,1.2638432
1819.59,1.2636397
1820.176,1.2634362
1820.762,1.2632328
1821.348,1.2630297
1821.934,1.2628266
1822.52,1.2626235
1823.106,1.2624205
1823.692,1.2622178
1824.278,1.262015
1824.864,1.2618123
1825.45,1.2616098
1826.036,1.2614074
1826.622,1.261205
1827.208,1.2610027
1827.794,1.2608006
1828.38,1.2605985
1828.966,1.2603966
1829.552,1.2601947
1830.138,1.259993
1830.724,1.2597913
1831.31,1.2595897
1831.896,1.2593882
1832.482,1.2591869
1833.068,1.2589855
1833.654,1.2587843
1834.24,1.2585832
1834.826,1.2583822
1835.412,1.2581813
1835.998,1.2579806
1836.584,1.2577798
1837.17,1.2575792
1837.756,1.2573787
1838.342,1.2571783
1838.928,1.2569779
1839.514,1.2567778
1840.1,1.2565776
1840.686,1.2563776
1841.272,1.2561777
1841.858,1.2559777
1842.444,1.2557781
1843.03,1.2555784
1843.616,1.2553788
1844.202,1.2551793
1844.788,1.25498
1845.374,1.2547808
1845.96,1.2545816
1846.546,1.2543824
1847.132,1.2541834
1847.718,1.2539846
1848.304,1.2537857
1848.89,1.253587
1849.476,1.2533884
1850.062,1.2531899
1850.648,1.2529914
1851.234,1.2527932
1851.82,1.2525949
1852.406,1.2523968
1852.992,1.2521987
1853.578,1.2520008
1854.164,1.2518029
1854.75,1.2516052
1855.336,1.2514075
1855.922,1.2512099
1856.508,1.2510124
1857.094,1.250815
1857.68,1.2506177
1858.266,1.2504206
1858.852,1.2502234
1859.438,1.2500265
1860.024,1.2498295
1860.61,1.2496326
1861.196,1.2494359
1861.782,1.2492392
1862.368,1.2490427
1862.954,1.2488463
1863.54,1.2486498
1864.126,1.2484536
1864.712,1.2482574
1865.298,1.2480613
1865.884,1.2478653
1866.47,1.2476695
1867.056,1.2474736
1867.642,1.2472779
1868.228,1.2470822
1868.814,1.2468867
1869.4,1.2466912
1869.986,1.246496
1870.572,1.2463007
1871.158,1.2461054
1871.744,1.2459104
1872.33,1.2457154
1872.916,1.2455206
1873.502,1.2453257
1874.088,1.245131
1874.674,1.2449363
1875.26,1.2447419
1875.846,1.2445475
1876.432,1.2443531
1877.018,1.2441589
1877.604,1.2439647
1878.19,1.2437706
1878.776,1.2435766
1879.362,1.2433827
1879.948,1.2431889
1880.534,1.2429953
1881.12,1.2428015
1881.706,1.2426081
1882.292,1.2424146
1882.878,1.2422212
1883.464,1.242028
1884.05,1.2418348
1884.636,1.2416418
1885.222,1.2414488
1885.808,1.2412559
1886.394,1.241063
1886.98,1.2408704
1887.566,1.2406777
1888.152,1.2404852
1888.738,1.2402927
1889.324,1.2401004
1889.91,1.2399081
1890.496,1.2397159
1891.082,1.2395238
1891.668,1.2393318
1892.254,1.2391399
1892.84,1.2389481
1893.426,1.2387563
1894.012,1.2385647
1894.598,1.2383732
1895.184,1.2381816
1895.77,1.2379903
1896.356,1.237799
1896.942,1.2376078
1897.528,1.2374166
1898.114,1.2372257
1898.7,1.2370347
1899.286,1.2368438
1899.872,1.2366531
1900.458,1.2364625
1901.044,1.2362719
1901.63,1.2360814
1902.216,1.235891
1902.802,1.2357006
1903.388,1.2355103
1903.974,1.2353202
1904.56,1.2351302
1905.146,1.2349403
1905.732,1.2347504
1906.318,1.2345606
1906.904,1.2343708
1907.49,1.2341813
1908.076,1.2339917
1908.662,1.2338023
1909.248,1.2336129
1909.834,1.2334236
1910.42,1.2332345
1911.006,1.2330453
1911.592,1.2328564
1912.178,1.2326674
1912.764,1.2324786
1913.35,1.2322899
1913.936,1.2321012
1914.522,1.2319126
1915.108,1.2317241
1915.694,1.2315357
1916.28,1.2313474
1916.866,1.2311592
1917.452,1.2309711
1918.038,1.230783
1918.624,1.230595
1919.21,1.2304071
1919.796,1.2302194
1920.382,1.2300316
1920.968,1.229844
1921.554,1.2296565
1922.14,1.2294691
1922.726,1.2292817
1923.312,1.2290944
1923.898,1.2289072
1924.484,1.2287201
1925.07,1.228533
1925.656,1.2283461
1926.242,1.2281593
1926.828,1.2279725
1927.414,1.2277858
1928,1.2275993
1928.586,1.2274127
1929.172,1.2272263
1929.758,1.2270399
1930.344,1.2268537
1930.93,1.2266675
1931.516,1.2264814
1932.102,1.2262955
1932.688,1.2261095
1933.274,1.2259237
1933.86,1.2257379
1934.446,1.2255523
1935.032,1.2253667
1935.618,1.2251812
1936.204,1.2249957
1936.79,1.2248105
1937.376,1.2246252
1937.962,1.2244401
1938.548,1.224255
1939.134,1.22407
1939.72,1.2238851
1940.306,1.2237003
1940.892,1.2235155
1941.478,1.2233309
1942.064,1.2231463
1942.65,1.2229618
1943.236,1.2227774
1943.822,1.2225931
1944.408,1.2224088
1944.994,1.2222247
1945.58,1.2220407
1946.166,1.2218566
1946.752,1.2216728
1947.338,1.2214888
1947.924,1.2213051
1948.51,1.2211215
1949.096,1.220938
1949.682,1.2207544
1950.268,1.220571
1950.854,1.2203877
1951.44,1.2202045
1952.026,1.2200212
1952.612,1.2198383
1953.198,1.2196553
1953.784,1.2194723
1954.37,1.2192895
1954.956,1.2191068
1955.542,1.218924
1956.128,1.2187415
1956.714,1.218559
1957.3,1.2183766
1957.886,1.2181942
1958.472,1.218012
1959.058,1.2178298
1959.644,1.2176478
1960.23,1.2174658
1960.816,1.2172838
1961.402,1.2171019
1961.988,1.2169201
1962.574,1.2167386
1963.16,1.2165569
1963.746,1.2163754
1964.332,1.2161939
1964.918,1.2160126
1965.504,1.2158313
1966.09,1.2156501
1966.676,1.215469
1967.262,1.2152879
1967.848,1.215107
1968.434,1.2149261
1969.02,1.2147454
1969.606,1.2145647
1970.192,1.2143841
1970.778,1.2142035
1971.364,1.214023
1971.95,1.2138426
1972.536,1.2136624
1973.122,1.2134821
1973.708,1.2133019
1974.294,1.2131219
1974.88,1.2129419
1975.466,1.212762
1976.052,1.2125822
1976.638,1.2124025
1977.224,1.2122228
1977.81,1.2120432
1978.396,1.2118638
1978.982,1.2116842
1979.568,1.2115049
1980.154,1.2113256
1980.74,1.2111465
1981.326,1.2109674
1981.912,1.2107884
1982.498,1.2106094
1983.084,1.2104305
1983.67,1.2102517
1984.256,1.210073
1984.842,1.2098944
1985.428,1.2097158
1986.014,1.2095374
1986.6,1.209359
1987.186,1.2091807
1987.772,1.2090025
1988.358,1.2088243
1988.944,1.2086462
1989.53,1.2084682
1990.116,1.2082903
1990.702,1.2081125
1991.288,1.2079347
1991.874,1.207757
1992.46,1.2075794
1993.046,1.2074019
1993.632,1.2072245
1994.218,1.2070471
1994.804,1.2068698
1995.39,1.2066926
1995.976,1.2065154
1996.562,1.2063384
1997.148,1.2061614
1997.734,1.2059845
1998.32,1.2058077
1998.906,1.2056309
1999.492,1.2054543
2000.078,1.2052777
2000.664,1.2051013
2001.25,1.2049248
2001.836,1.2047484
2002.422,1.2045721
2003.008,1.2043959
2003.594,1.2042198
2004.18,1.2040437
2004.766,1.2038678
2005.352,1.203692
2005.938,1.2035161
2006.524,1.2033404
2007.11,1.2031647
2007.696,1.2029891
2008.282,1.2028136
2008.868,1.2026381
2009.454,1.2024628
2010.04,1.2022876
2010.626,1.2021123
2011.212,1.2019372
2011.798,1.2017622
2012.384,1.2015872
2012.97,1.2014123
2013.556,1.2012376
2014.142,1.2010628
2014.728,1.2008882
2015.314,1.2007135
2015.9,1.200539
2016.486,1.2003646
2017.072,1.2001903
2017.658,1.200016
2018.244,1.1998417
2018.83,1.1996677
2019.416,1.1994936
2020.002,1.1993196
2020.588,1.1991457
2021.174,1.1989719
2021.76,1.1987982
2022.346,1.1986245
2022.932,1.1984509
2023.518,1.1982774
2024.104,1.1981039
2024.69,1.1979306
2025.276,1.1977572
2025.862,1.197584
2026.448,1.1974108
2027.034,1.1972378
2027.62,1.1970649
2028.206,1.1968919
2028.792,1.1967191
2029.378,1.1965463
2029.964,1.1963736
2030.55,1.196201
2031.136,1.1960285
2031.722,1.195856
2032.308,1.1956836
2032.894,1.1955112
2033.48,1.1953391
2034.066,1.1951668
2034.652,1.1949948
2035.238,1.1948228
2035.824,1.1946508
2036.41,1.1944789
2036.996,1.1943071
2037.582,1.1941354
2038.168,1.1939638
2038.754,1.1937922
2039.34,1.1936207
2039.926,1.1934493
2040.512,1.1932778
2041.098,1.1931067
2041.684,1.1929353
2042.27,1.1927643
2042.856,1.1925932
2043.442,1.1924223
2044.028,1.1922513
2044.614,1.1920805
2045.2,1.1919098
2045.786,1.1917391
2046.372,1.1915684
2046.958,1.1913979
2047.544,1.1912274
2048.13,1.1910571
2048.716,1.1908867
2049.302,1.1907164
2049.888,1.1905463
2050.474,1.1903762
2051.06,1.1902062
2051.646,1.1900362
2052.232,1.1898663
2052.818,1.1896966
2053.404,1.1895268
2053.99,1.1893572
2054.576,1.1891875
2055.162,1.189018
2055.748,1.1888485
2056.334,1.1886791
2056.92,1.1885098
2057.506,1.1883407
2058.092,1.1881715
2058.678,1.1880025
2059.264,1.1878334
2059.85,1.1876645
2060.436,1.1874956
2061.022,1.1873268
2061.608,1.1871581
2062.194,1.1869894
2062.78,1.1868209
2063.366,1.1866523
2063.952,1.186484
2064.538,1.1863155
2065.124,1.1861472
2065.71,1.185979
2066.296,1.1858109
2066.882,1.1856428
2067.468,1.1854749
2068.054,1.1853069
2068.64,1.1851391
2069.226,1.1849712
2069.812,1.1848035
2070.398,1.1846359
2070.984,1.1844683
2071.57,1.1843008
2072.156,1.1841334
2072.742,1.183966
2073.328,1.1837987
2073.914,1.1836315
2074.5,1.1834644
2075.086,1.1832973
2075.672,1.1831303
2076.258,1.1829634
2076.844,1.1827965
2077.43,1.1826297
2078.016,1.1824629
2078.602,1.1822963
2079.188,1.1821297
2079.774,1.1819632
2080.36,1.1817968
2080.946,1.1816304
2081.532,1.1814642
2082.118,1.1812979
2082.704,1.1811317
2083.29,1.1809657
2083.876,1.1807997
2084.462,1.1806338
2085.048,1.1804678
2085.634,1.180302
2086.22,1.1801363
2086.806,1.1799706
2087.392,1.179805
2087.978,1.1796395
2088.564,1.1794741
2089.15,1.1793087
2089.736,1.1791434
2090.322,1.1789781
2090.908,1.178813
2091.494,1.1786479
2092.08,1.1784828
2092.666,1.1783179
2093.252,1.1781529
2093.838,1.1779881
2094.424,1.1778233
2095.01,1.1776586
2095.596,1.1774938
2096.182,1.1773292
2096.768,1.1771647
2097.354,1.1770002
2097.94,1.1768357
2098.526,1.1766714
2099.112,1.176507
2099.698,1.1763428
2100.284,1.1761787
2100.87,1.1760145
2101.456,1.1758505
2102.042,1.1756866
2102.628,1.1755228
2103.214,1.175359
2103.8,1.1751952
2104.386,1.1750315
2104.972,1.1748679
2105.558,1.1747043
2106.144,1.1745409
2106.73,1.1743776
2107.316,1.1742142
2107.902,1.1740509
2108.488,1.1738877
2109.074,1.1737245
2109.66,1.1735616
2110.246,1.1733986
2110.832,1.1732357
2111.418,1.1730727
2112.004,1.17291
2112.59,1.1727473
2113.176,1.1725847
2113.762,1.1724221
2114.348,1.1722596
2114.934,1.1720971
2115.52,1.1719347
2116.106,1.1717724
2116.692,1.1716101
2117.278,1.171448
2117.864,1.1712859
2118.45,1.1711237
2119.036,1.1709619
2119.622,1.1708
2120.208,1.1706381
2120.794,1.1704763
2121.38,1.1703146
2121.966,1.1701529
2122.552,1.1699914
2123.138,1.1698298
2123.724,1.1696684
2124.31,1.169507
2124.896,1.1693457
2125.482,1.1691846
2126.068,1.1690234
2126.654,1.1688622
2127.24,1.1687013
2127.826,1.1685402
2128.412,1.1683793
2128.998,1.1682185
2129.584,1.1680577
2130.17,1.167897
2130.756,1.1677364
2131.342,1.1675758
2131.928,1.1674153
2132.514,1.1672549
2133.1,1.1670945
2133.686,1.1669343
2134.272,1.1667739
2134.858,1.1666138
2135.444,1.1664537
2136.03,1.1662936
2136.616,1.1661336
2137.202,1.1659738
2137.788,1.1658139
2138.374,1.1656541
2138.96,1.1654944
2139.546,1.1653347
2140.132,1.1651752
2140.718,1.1650157
2141.304,1.1648562
2141.89,1.1646968
2142.476,1.1645375
2143.062,1.1643783
2143.648,1.1642191
2144.234,1.16406
2144.82,1.1639009
2145.406,1.1637419
2145.992,1.163583
2146.578,1.1634241
2147.164,1.1632653
2147.75,1.1631066
2148.336,1.1629479
2148.922,1.1627893
2149.508,1.1626308
2150.094,1.1624724
2150.68,1.1623139
2151.266,1.1621556
2151.852,1.1619973
2152.438,1.1618391
2153.024,1.1616809
2153.61,1.1615229
2154.196,1.1613649
2154.782,1.161207
2155.368,1.161049
2155.954,1.1608912
2156.54,1.1607335
2157.126,1.1605757
2157.712,1.1604182
2158.298,1.1602606
2158.884,1.1601031
2159.47,1.1599456
2160.056,1.1597883
2160.642,1.1596309
2161.228,1.1594737
2161.814,1.1593165
2162.4,1.1591594
2162.986,1.1590023
2163.572,1.1588454
2164.158,1.1586884
2164.744,1.1585317
2165.33,1.1583748
2165.916,1.1582181
2166.502,1.1580614
2167.088,1.1579049
2167.674,1.1577482
2168.26,1.1575918
2168.846,1.1574354
2169.432,1.157279
2170.018,1.1571227
2170.604,1.1569666
2171.19,1.1568104
2171.776,1.1566542
2172.362,1.1564982
2172.948,1.1563423
2173.534,1.1561863
2174.12,1.1560305
2174.706,1.1558747
2175.292,1.155719
2175.878,1.1555634
2176.464,1.1554078
2177.05,1.1552523
2177.636,1.1550968
2178.222,1.1549414
2178.808,1.1547861
2179.394,1.1546308
2179.98,1.1544756
2180.566,1.1543205
2181.152,1.1541654
2181.738,1.1540103
2182.324,1.1538553
2182.91,1.1537005
2183.496,1.1535456
2184.082,1.1533909
2184.668,1.1532362
2185.254,1.1530815
2185.84,1.1529269
2186.426,1.1527724
2187.012,1.1526179
2187.598,1.1524636
2188.184,1.1523092
2188.77,1.1521549
2189.356,1.1520007
2189.942,1.1518465
2190.528,1.1516925
2191.114,1.1515385
2191.7,1.1513845
2192.286,1.1512306
2192.872,1.1510768
2193.458,1.150923
2194.044,1.1507692
2194.63,1.1506156
2195.216,1.150462
2195.802,1.1503085
2196.388,1.1501549
2196.974,1.1500016
2197.56,1.1498482
2198.146,1.1496949
2198.732,1.1495417
2199.318,1.1493886
2199.904,1.1492355
2200.49,1.1490824
2201.076,1.1489295
2201.662,1.1487765
2202.248,1.1486237
2202.834,1.1484709
2203.42,1.1483182
2204.006,1.1481655
2204.592,1.1480129
2205.178,1.1478604
2205.764,1.1477078
2206.35,1.1475555
2206.936,1.1474031
2207.522,1.1472508
2208.108,1.1470985
2208.694,1.1469463
2209.28,1.1467942
2209.866,1.1466422
2210.452,1.1464901
2211.038,1.1463382
2211.624,1.1461864
2212.21,1.1460345
2212.796,1.1458827
2213.382,1.1457311
2213.968,1.1455795
2214.554,1.1454278
2215.14,1.1452763
2215.726,1.1451249
2216.312,1.1449735
2216.898,1.1448221
2217.484,1.1446708
2218.07,1.1445197
2218.656,1.1443685
2219.242,1.1442174
2219.828,1.1440663
2220.414,1.1439154
2221,1.1437645
2221.586,1.1436136
2222.172,1.1434629
2222.758,1.1433121
2223.344,1.1431614
2223.93,1.1430109
2224.516,1.1428603
2225.102,1.1427099
2225.688,1.1425593
2226.274,1.142409
2226.86,1.1422586
2227.446,1.1421084
2228.032,1.1419582
2228.618,1.141808
2229.204,1.1416579
2229.79,1.141508
2230.376,1.141358
2230.962,1.1412082
2231.548,1.1410582
2232.134,1.1409085
2232.72,1.1407588
2233.306,1.1406091
2233.892,1.1404595
2234.478,1.1403099
2235.064,1.1401604
2235.65,1.1400111
2236.236,1.1398617
2236.822,1.1397123
2237.408,1.1395631
2237.994,1.139414
2238.58,1.1392648
2239.166,1.1391157
2239.752,1.1389667
2240.338,1.1388178
2240.924,1.1386689
2241.51,1.13852
2242.096,1.1383712
2242.682,1.1382226
2243.268,1.1380739
2243.854,1.1379253
2244.44,1.1377767
2245.026,1.1376282
2245.612,1.1374798
2246.198,1.1373314
2246.784,1.1371831
2247.37,1.1370349
2247.956,1.1368867
2248.542,1.1367385
2249.128,1.1365905
2249.714,1.1364424
2250.3,1.1362945
2250.886,1.1361465
2251.472,1.1359987
2252.058,1.1358509
2252.644,1.1357032
2253.23,1.1355555
2253.816,1.1354079
2254.402,1.1352603
2254.988,1.1351129
2255.574,1.1349654
2256.16,1.1348181
2256.746,1.1346707
2257.332,1.1345235
2257.918,1.1343763
2258.504,1.1342291
2259.09,1.134082
2259.676,1.133935
2260.262,1.133788
2260.848,1.1336411
2261.434,1.1334941
2262.02,1.1333474
2262.606,1.1332006
2263.192,1.133054
2263.778,1.1329073
2264.364,1.1327608
2264.95,1.1326143
2265.536,1.1324677
2266.122,1.1323214
2266.708,1.132175
2267.294,1.1320287
2267.88,1.1318824
2268.466,1.1317363
2269.052,1.1315901
2269.638,1.1314441
2270.224,1.1312981
2270.81,1.1311522
2271.396,1.1310062
2271.982,1.1308604
2272.568,1.1307147
2273.154,1.1305689
2273.74,1.1304233
2274.326,1.1302776
2274.912,1.1301321
2275.498,1.1299866
2276.084,1.1298412
2276.67,1.1296958
2277.256,1.1295505
2277.842,1.1294051
2278.428,1.1292599
2279.014,1.1291147
2279.6,1.1289697
2280.186,1.1288247
2280.772,1.1286796
2281.358,1.1285348
2281.944,1.1283898
2282.53,1.128245
2283.116,1.1281003
2283.702,1.1279556
2284.288,1.127811
2284.874,1.1276664
2285.46,1.1275218
2286.046,1.1273773
2286.632,1.1272328
2287.218,1.1270884
2287.804,1.1269442
2288.39,1.1267999
2288.976,1.1266557
2289.562,1.1265116
2290.148,1.1263674
2290.734,1.1262234
2291.32,1.1260794
2291.906,1.1259356
2292.492,1.1257917
2293.078,1.1256478
2293.664,1.125504
2294.25,1.1253604
2294.836,1.1252167
2295.422,1.1250731
2296.008,1.1249295
2296.594,1.1247861
2297.18,1.1246426
2297.766,1.1244993
2298.352,1.1243559
2298.938,1.1242127
2299.524,1.1240695
2300.11,1.1239263
2300.696,1.1237832
2301.282,1.1236402
2301.868,1.1234971
2302.454,1.1233542
2303.04,1.1232114
2303.626,1.1230686
2304.212,1.1229258
2304.798,1.1227831
2305.384,1.1226404
2305.97,1.1224978
2306.556,1.1223553
2307.142,1.1222128
2307.728,1.1220703
2308.314,1.121928
2308.9,1.1217856
2309.486,1.1216433
2310.072,1.1215011
2310.658,1.121359
2311.244,1.1212168
2311.83,1.1210748
2312.416,1.1209328
2313.002,1.1207908
2313.588,1.120649
2314.174,1.1205071
2314.76,1.1203653
2315.346,1.1202235
2315.932,1.1200819
2316.518,1.1199403
2317.104,1.1197987
2317.69,1.1196572
2318.276,1.1195158
2318.862,1.1193743
2319.448,1.1192329
2320.034,1.1190916
2320.62,1.1189504
2321.206,1.1188092
2321.792,1.1186681
2322.378,1.1185269
2322.964,1.1183859
2323.55,1.118245
2324.136,1.1181041
2324.722,1.1179632
2325.308,1.1178224
2325.894,1.1176816
2326.48,1.117541
2327.066,1.1174002
2327.652,1.1172596
2328.238,1.1171191
2328.824,1.1169785
2329.41,1.116838
2329.996,1.1166975
2330.582,1.1165571
2331.168,1.1164167
2331.754,1.1162763
2332.34,1.1161361
2332.926,1.1159958
2333.512,1.1158556
2334.098,1.1157155
2334.684,1.1155753
2335.27,1.1154354
2335.856,1.1152954
2336.442,1.1151555
2337.028,1.1150155
2337.614,1.1148757
2338.2,1.114736
2338.786,1.1145962
2339.372,1.1144567
2339.958,1.1143171
2340.544,1.1141775
2341.13,1.1140379
2341.716,1.1138985
2342.302,1.113759
2342.888,1.1136198
2343.474,1.1134804
2344.06,1.1133412
2344.646,1.1132021
2345.232,1.113063
2345.818,1.1129239
2346.404,1.1127847
2346.99,1.1126459
2347.576,1.1125069
2348.162,1.112368
2348.748,1.1122292
2349.334,1.1120905
2349.92,1.1119517
2350.506,1.1118131
2351.092,1.1116744
2351.678,1.1115359
2352.264,1.1113974
2352.85,1.111259
2353.436,1.1111206
2354.022,1.1109822
2354.608,1.1108439
2355.194,1.1107056
2355.78,1.1105675
2356.366,1.1104293
2356.952,1.1102912
2357.538,1.1101532
2358.124,1.1100152
2358.71,1.1098772
2359.296,1.1097394
2359.882,1.1096015
2360.468,1.1094638
2361.054,1.109326
2361.64,1.1091883
2362.226,1.1090508
2362.812,1.1089132
2363.398,1.1087756
2363.984,1.1086382
2364.57,1.1085007
2365.156,1.1083634
2365.742,1.1082261
2366.328,1.1080889
2366.914,1.1079515
2367.5,1.1078144
2368.086,1.1076773
2368.672,1.1075402
2369.258,1.1074033
2369.844,1.1072663
2370.43,1.1071293
2371.016,1.1069925
2371.602,1.1068558
2372.188,1.1067189
2372.774,1.1065823
2373.36,1.1064456
2373.946,1.1063089
2374.532,1.1061724
2375.118,1.1060359
2375.704,1.1058995
2376.29,1.1057631
2376.876,1.1056267
2377.462,1.1054904
2378.048,1.1053542
2378.634,1.1052181
2379.22,1.1050819
2379.806,1.1049458
2380.392,1.1048098
2380.978,1.1046737
2381.564,1.1045378
2382.15,1.1044019
2382.736,1.104266
2383.322,1.1041303
2383.908,1.1039945
2384.494,1.1038588
2385.08,1.1037232
2385.666,1.1035876
2386.252,1.1034521
2386.838,1.1033165
2387.424,1.1031811
2388.01,1.1030457
2388.596,1.1029104
2389.182,1.1027751
2389.768,1.1026399
2390.354,1.1025047
2390.94,1.1023695
2391.526,1.1022345
2392.112,1.1020994
2392.698,1.1019645
2393.284,1.1018295
2393.87,1.1016946
2394.456,1.1015598
2395.042,1.1014249
2395.628,1.1012902
2396.214,1.1011555
2396.8,1.1010209
2397.386,1.1008863
2397.972,1.1007518
2398.558,1.1006173
2399.144,1.1004828
2399.73,1.1003485
2400.316,1.1002141
2400.902,1.1000798
2401.488,1.0999457
2402.074,1.0998114
2402.66,1.0996773
2403.246,1.0995432
2403.832,1.0994091
2404.418,1.0992751
2405.004,1.0991411
2405.59,1.0990074
2406.176,1.0988735
2406.762,1.0987396
2407.348,1.0986059
2407.934,1.0984722
2408.52,1.0983386
2409.106,1.098205
2409.692,1.0980715
2410.278,1.0979379
2410.864,1.0978044
2411.45,1.097671
2412.036,1.0975378
2412.622,1.0974044
2413.208,1.0972711
2413.794,1.0971379
2414.38,1.0970048
2414.966,1.0968716
2415.552,1.0967386
2416.138,1.0966055
2416.724,1.0964726
2417.31,1.0963397
2417.896,1.0962068
2418.482,1.096074
2419.068,1.0959412
2419.654,1.0958085
2420.24,1.0956758
2420.826,1.0955431
2421.412,1.0954106
2421.998,1.0952781
2422.584,1.0951456
2423.17,1.0950131
2423.756,1.0948808
2424.342,1.0947485
2424.928,1.0946162
2425.514,1.094484
2426.1,1.0943518
2426.686,1.0942196
2427.272,1.0940875
2427.858,1.0939555
2428.444,1.0938234
2429.03,1.0936915
2429.616,1.0935596
2430.202,1.0934278
2430.788,1.0932959
2431.374,1.0931642
2431.96,1.0930325
2432.546,1.0929009
2433.132,1.0927693
2433.718,1.0926377
2434.304,1.0925062
2434.89,1.0923747
2435.476,1.0922433
2436.062,1.0921118
2436.648,1.0919806
2437.234,1.0918493
2437.82,1.0917181
2438.406,1.0915868
2438.992,1.0914557
2439.578,1.0913247
2440.164,1.0911936
2440.75,1.0910627
2441.336,1.0909317
2441.922,1.0908008
2442.508,1.09067
2443.094,1.0905391
2443.68,1.0904084
2444.266,1.0902777
2444.852,1.090147
2445.438,1.0900164
2446.024,1.0898858
2446.61,1.0897553
2447.196,1.0896249
2447.782,1.0894945
2448.368,1.0893641
2448.954,1.0892338
2449.54,1.0891035
2450.126,1.0889732
2450.712,1.088843
2451.298,1.0887129
2451.884,1.0885828
2452.47,1.0884527
2453.056,1.0883228
2453.642,1.0881928
2454.228,1.0880629
2454.814,1.0879331
2455.4,1.0878032
2455.986,1.0876734
2456.572,1.0875437
2457.158,1.087414
2457.744,1.0872844
2458.33,1.0871549
2458.916,1.0870253
2459.502,1.0868958
2460.088,1.0867665
2460.674,1.086637
2461.26,1.0865077
2461.846,1.0863785
2462.432,1.0862491
2463.018,1.08612
2463.604,1.0859908
2464.19,1.0858617
2464.776,1.0857326
2465.362,1.0856036
2465.948,1.0854746
2466.534,1.0853457
2467.12,1.0852169
2467.706,1.085088
2468.292,1.0849591
2468.878,1.0848304
2469.464,1.0847018
2470.05,1.0845731
2470.636,1.0844445
2471.222,1.084316
2471.808,1.0841875
2472.394,1.084059
2472.98,1.0839306
2473.566,1.0838022
2474.152,1.0836738
2474.738,1.0835457
2475.324,1.0834174
2475.91,1.0832891
2476.496,1.083161
2477.082,1.083033
2477.668,1.0829049
2478.254,1.0827769
2478.84,1.082649
2479.426,1.0825211
2480.012,1.0823932
2480.598,1.0822654
2481.184,1.0821376
2481.77,1.0820098
2482.356,1.0818821
2482.942,1.0817546
2483.528,1.081627
2484.114,1.0814993
2484.7,1.0813719
2485.286,1.0812445
2485.872,1.081117
2486.458,1.0809897
2487.044,1.0808623
2487.63,1.0807351
2488.216,1.0806079
2488.802,1.0804807
2489.388,1.0803535
2489.974,1.0802264
2490.56,1.0800995
2491.146,1.0799724
2491.732,1.0798454
2492.318,1.0797185
2492.904,1.0795916
2493.49,1.0794648
2494.076,1.0793381
2494.662,1.0792114
2495.248,1.0790846
2495.834,1.078958
2496.42,1.0788314
2497.006,1.0787048
2497.592,1.0785784
2498.178,1.0784519
2498.764,1.0783255
2499.35,1.0781991
2499.936,1.0780728
2500.522,1.0779465
2501.108,1.0778203
2501.694,1.0776941
2502.28,1.0775679
2502.866,1.0774418
2503.452,1.0773158
2504.038,1.0771898
2504.624,1.0770638
2505.21,1.0769379
2505.796,1.076812
2506.382,1.0766861
2506.968,1.0765604
2507.554,1.0764346
2508.14,1.076309
2508.726,1.0761833
2509.312,1.0760577
2509.898,1.0759321
2510.484,1.0758066
2511.07,1.0756811
2511.656,1.0755557
2512.242,1.0754303
2512.828,1.075305
2513.414,1.0751797
2514,1.0750544
2514.586,1.0749292
2515.172,1.0748041
2515.758,1.0746789
2516.344,1.0745538
2516.93,1.0744288
2517.516,1.0743039
2518.102,1.0741788
2518.688,1.074054
2519.274,1.0739291
2519.86,1.0738043
2520.446,1.0736796
2521.032,1.0735548
2521.618,1.0734301
2522.204,1.0733055
2522.79,1.0731808
2523.376,1.0730563
2523.962,1.0729318
2524.548,1.0728073
2525.134,1.0726829
2525.72,1.0725585
2526.306,1.0724342
2526.892,1.07231
2527.478,1.0721856
2528.064,1.0720613
2528.65,1.071937
2529.236,1.0718127
2529.822,1.0716885
2530.408,1.0715644
2530.994,1.0714403
2531.58,1.0713162
2532.166,1.0711921
2532.752,1.0710682
2533.338,1.0709442
2533.924,1.0708203
2534.51,1.0706965
2535.096,1.0705727
2535.682,1.0704489
2536.268,1.0703251
2536.854,1.0702014
2537.44,1.0700778
2538.026,1.0699543
2538.612,1.0698307
2539.198,1.0697072
2539.784,1.0695837
2540.37,1.0694603
2540.956,1.0693369
2541.542,1.0692135
2542.128,1.0690902
2542.714,1.068967
2543.3,1.0688437
2543.886,1.0687206
2544.472,1.0685976
2545.058,1.0684744
2545.644,1.0683514
2546.23,1.0682284
2546.816,1.0681053
2547.402,1.0679824
2547.988,1.0678596
2548.574,1.0677367
2549.16,1.067614
2549.746,1.0674913
2550.332,1.0673685
2550.918,1.067246
2551.504,1.0671233
2552.09,1.0670007
2552.676,1.0668782
2553.262,1.0667557
2553.848,1.0666333
2554.434,1.0665109
2555.02,1.0663885
2555.606,1.0662662
2556.192,1.066144
2556.778,1.0660217
2557.364,1.0658995
2557.95,1.0657773
2558.536,1.0656552
2559.122,1.0655332
2559.708,1.0654112
2560.294,1.0652893
2560.88,1.0651673
2561.466,1.0650454
2562.052,1.0649235
2562.638,1.0648018
2563.224,1.06468
2563.81,1.0645583
2564.396,1.0644366
2564.982,1.064315
2565.568,1.0641934
2566.154,1.0640718
2566.74,1.0639503
2567.326,1.0638288
2567.912,1.0637074
2568.498,1.063586
2569.084,1.0634646
2569.67,1.0633433
2570.256,1.0632221
2570.842,1.0631008
2571.428,1.0629797
2572.014,1.0628586
2572.6,1.0627375
2573.186,1.0626165
2573.772,1.0624954
2574.358,1.0623744
2574.944,1.0622535
2575.53,1.0621326
2576.116,1.0620117
2576.702,1.061891
2577.288,1.0617702
2577.874,1.0616494
2578.46,1.0615288
2579.046,1.0614082
2579.632,1.0612876
2580.218,1.061167
2580.804,1.0610466
2581.39,1.0609261
2581.976,1.0608057
2582.562,1.0606853
2583.148,1.0605649
2583.734,1.0604446
2584.32,1.0603243
2584.906,1.0602041
2585.492,1.060084
2586.078,1.0599638
2586.664,1.0598438
2587.25,1.0597236
2587.836,1.0596036
2588.422,1.0594836
2589.008,1.0593637
2589.594,1.0592438
2590.18,1.059124
2590.766,1.0590042
2591.352,1.0588844
2591.938,1.0587647
2592.524,1.058645
2593.11,1.0585253
2593.696,1.0584058
2594.282,1.0582862
2594.868,1.0581666
2595.454,1.0580472
2596.04,1.0579277
2596.626,1.0578084
2597.212,1.057689
2597.798,1.0575696
2598.384,1.0574504
2598.97,1.0573312
2599.556,1.057212
2600.142,1.0570928
2600.728,1.0569737
2601.314,1.0568546
2601.9,1.0567356
2602.486,1.0566167
2603.072,1.0564977
2603.658,1.0563787
2604.244,1.0562599
2604.83,1.056141
2605.416,1.0560223
2606.002,1.0559036
2606.588,1.0557848
2607.174,1.0556661
2607.76,1.0555475
2608.346,1.055429
2608.932,1.0553104
2609.518,1.0551919
2610.104,1.0550734
2610.69,1.054955
2611.276,1.0548366
2611.862,1.0547183
2612.448,1.0545999
2613.034,1.0544817
2613.62,1.0543635
2614.206,1.0542452
2614.792,1.0541271
2615.378,1.0540091
2615.964,1.0538909
2616.55,1.0537729
2617.136,1.053655
2617.722,1.053537
2618.308,1.0534191
2618.894,1.0533012
2619.48,1.0531834
2620.066,1.0530657
2620.652,1.0529479
2621.238,1.0528302
2621.824,1.0527126
2622.41,1.0525949
2622.996,1.0524774
2623.582,1.0523598
2624.168,1.0522423
2624.754,1.0521249
2625.34,1.0520074
2625.926,1.05189
2626.512,1.0517727
2627.098,1.0516554
2627.684,1.0515381
2628.27,1.0514209
2628.856,1.0513037
2629.442,1.0511866
2630.028,1.0510695
2630.614,1.0509524
2631.2,1.0508354
2631.786,1.0507184
2632.372,1.0506015
2632.958,1.0504845
2633.544,1.0503677
2634.13,1.0502509
2634.716,1.0501341
2635.302,1.0500172
2635.888,1.0499005
2636.474,1.0497839
2637.06,1.0496672
2637.646,1.0495507
2638.232,1.0494342
2638.818,1.0493176
2639.404,1.0492011
2639.99,1.0490848
2640.576,1.0489683
2641.162,1.048852
2641.748,1.0487356
2642.334,1.0486194
2642.92,1.0485032
2643.506,1.0483869
2644.092,1.0482708
2644.678,1.0481546
2645.264,1.0480386
2645.85,1.0479225
2646.436,1.0478065
2647.022,1.0476905
2647.608,1.0475746
2648.194,1.0474586
2648.78,1.0473429
2649.366,1.047227
2649.952,1.0471113
2650.538,1.0469955
2651.124,1.0468799
2651.71,1.0467643
2652.296,1.0466486
2652.882,1.046533
2653.468,1.0464175
2654.054,1.046302
2654.64,1.0461866
2655.226,1.0460711
2655.812,1.0459557
2656.398,1.0458404
2656.984,1.0457251
2657.57,1.0456098
2658.156,1.0454946
2658.742,1.0453794
2659.328,1.0452642
2659.914,1.0451491
2660.5,1.0450341
2661.086,1.044919
2661.672,1.044804
2662.258,1.0446891
2662.844,1.0445741
2663.43,1.0444592
2664.016,1.0443444
2664.602,1.0442296
2665.188,1.0441148
2665.774,1.0440001
2666.36,1.0438854
2666.946,1.0437708
2667.532,1.0436561
2668.118,1.0435416
2668.704,1.043427
2669.29,1.0433125
2669.876,1.043198
2670.462,1.0430837
2671.048,1.0429692
2671.634,1.0428549
2672.22,1.0427406
2672.806,1.0426264
2673.392,1.0425121
2673.978,1.0423979
2674.564,1.0422838
2675.15,1.0421696
2675.736,1.0420555
2676.322,1.0419415
2676.908,1.0418276
2677.494,1.0417135
2678.08,1.0415996
2678.666,1.0414857
2679.252,1.0413718
2679.838,1.0412581
2680.424,1.0411443
2681.01,1.0410305
2681.596,1.0409168
2682.182,1.0408032
2682.768,1.0406896
2683.354,1.040576
2683.94,1.0404624
2684.526,1.0403489
2685.112,1.0402354
2685.698,1.0401219
2686.284,1.0400085
2686.87,1.0398952
2687.456,1.0397818
2688.042,1.0396686
2688.628,1.0395553
2689.214,1.0394422
2689.8,1.0393289
2690.386,1.0392158
2690.972,1.0391027
2691.558,1.0389897
2692.144,1.0388767
2692.73,1.0387636
2693.316,1.0386506
2693.902,1.0385377
2694.488,1.0384248
2695.074,1.0383121
2695.66,1.0381993
2696.246,1.0380865
2696.832,1.0379738
2697.418,1.0378611
2698.004,1.0377485
2698.59,1.0376358
2699.176,1.0375233
2699.762,1.0374107
2700.348,1.0372982
2700.934,1.0371857
2701.52,1.0370733
2702.106,1.036961
2702.692,1.0368485
2703.278,1.0367362
2703.864,1.036624
2704.45,1.0365118
2705.036,1.0363995
2705.622,1.0362873
2706.208,1.0361753
2706.794,1.0360631
2707.38,1.035951
2707.966,1.0358391
2708.552,1.035727
2709.138,1.0356151
2709.724,1.0355031
2710.31,1.0353913
2710.896,1.0352795
2711.482,1.0351677
2712.068,1.0350559
2712.654,1.0349439
2713.24,1.0348321
2713.826,1.0347202
2714.412,1.0346084
2714.998,1.0344967
2715.584,1.0343848
2716.17,1.0342731
2716.756,1.0341616
2717.342,1.03405
2717.928,1.0339383
2718.514,1.0338267
2719.1,1.0337152
2719.686,1.0336038
2720.272,1.0334923
2720.858,1.033381
2721.444,1.0332695
2722.03,1.0331583
2722.616,1.033047
2723.202,1.0329357
2723.788,1.0328245
2724.374,1.0327133
2724.96,1.0326022
2725.546,1.0324911
2726.132,1.0323801
2726.718,1.032269
2727.304,1.032158
2727.89,1.032047
2728.476,1.0319362
2729.062,1.0318253
2729.648,1.0317144
2730.234,1.0316036
2730.82,1.0314928
2731.406,1.0313821
2731.992,1.0312715
2732.578,1.0311607
2733.164,1.0310501
2733.75,1.0309396
2734.336,1.0308291
2734.922,1.0307184
2735.508,1.0306081
2736.094,1.0304976
2736.68,1.0303872
2737.266,1.0302768
2737.852,1.0301665
2738.438,1.0300562
2739.024,1.029946
2739.61,1.0298357
2740.196,1.0297256
2740.782,1.0296154
2741.368,1.0295053
2741.954,1.0293952
2742.54,1.0292852
2743.126,1.0291752
2743.712,1.0290653
2744.298,1.0289553
2744.884,1.0288454
2745.47,1.0287355
2746.056,1.0286257
2746.642,1.0285159
2747.228,1.0284063
2747.814,1.0282966
2748.4,1.0281869
2748.986,1.0280772
2749.572,1.0279676
2750.158,1.027858
2750.744,1.0277485
2751.33,1.027639
2751.916,1.0275296
2752.502,1.0274202
2753.088,1.0273108
2753.674,1.0272014
2754.26,1.0270921
2754.846,1.0269829
2755.432,1.0268736
2756.018,1.0267644
2756.604,1.0266553
2757.19,1.0265461
2757.776,1.026437
2758.362,1.026328
2758.948,1.026219
2759.534,1.0261101
2760.12,1.026001
2760.706,1.0258921
2761.292,1.0257833
2761.878,1.0256743
2762.464,1.0255656
2763.05,1.0254569
2763.636,1.0253481
2764.222,1.0252395
2764.808,1.0251307
2765.394,1.0250221
2765.98,1.0249135
2766.566,1.0248049
2767.152,1.0246965
2767.738,1.024588
2768.324,1.0244795
2768.91,1.0243711
2769.496,1.0242628
2770.082,1.0241544
2770.668,1.0240461
2771.254,1.0239378
2771.84,1.0238296
2772.426,1.0237213
2773.012,1.0236132
2773.598,1.0235051
2774.184,1.023397
2774.77,1.023289
2775.356,1.023181
2775.942,1.023073
2776.528,1.022965
2777.114,1.0228571
2777.7,1.0227492
2778.286,1.0226413
2778.872,1.0225335
2779.458,1.0224258
2780.044,1.022318
2780.63,1.0222104
2781.216,1.0221026
2781.802,1.0219951
2782.388,1.0218874
2782.974,1.0217799
2783.56,1.0216724
2784.146,1.0215648
2784.732,1.0214574
2785.318,1.0213499
2785.904,1.0212426
2786.49,1.0211352
2787.076,1.0210279
2787.662,1.0209206
2788.248,1.0208133
2788.834,1.0207062
2789.42,1.020599
2790.006,1.0204918
2790.592,1.0203847
2791.178,1.0202776
2791.764,1.0201706
2792.35,1.0200636
2792.936,1.0199566
2793.522,1.0198497
2794.108,1.0197428
2794.694,1.0196359
2795.28,1.0195291
2795.866,1.0194223
2796.452,1.0193156
2797.038,1.0192088
2797.624,1.0191021
2798.21,1.0189954
2798.796,1.0188888
2799.382,1.0187823
2799.968,1.0186757
2800.554,1.0185692
2801.14,1.0184627
2801.726,1.0183562
2802.312,1.0182499
2802.898,1.0181434
2803.484,1.0180371
2804.07,1.0179307
2804.656,1.0178245
2805.242,1.0177183
2805.828,1.0176121
2806.414,1.0175059
2807,1.0173998
2807.586,1.0172937
2808.172,1.0171876
2808.758,1.0170815
2809.344,1.0169755
2809.93,1.0168695
2810.516,1.0167637
2811.102,1.0166577
2811.688,1.0165519
2812.274,1.016446
2812.86,1.0163403
2813.446,1.0162345
2814.032,1.0161288
2814.618,1.016023
2815.204,1.0159173
2815.79,1.0158117
2816.376,1.0157062
2816.962,1.0156006
2817.548,1.0154951
2818.134,1.0153896
2818.72,1.0152841
2819.306,1.0151787
2819.892,1.0150733
2820.478,1.0149679
2821.064,1.0148627
2821.65,1.0147574
2822.236,1.0146521
2822.822,1.0145469
2823.408,1.0144417
2823.994,1.0143366
2824.58,1.0142313
2825.166,1.0141263
2825.752,1.0140213
2826.338,1.0139163
2826.924,1.0138112
2827.51,1.0137063
2828.096,1.0136014
2828.682,1.0134965
2829.268,1.0133915
2829.854,1.0132865
2830.44,1.0131814
2831.026,1.0130764
2831.612,1.0129715
2832.198,1.0128666
2832.784,1.0127618
2833.37,1.0126569
2833.956,1.0125521
2834.542,1.0124474
2835.128,1.0123427
2835.714,1.0122379
2836.3,1.0121332
2836.886,1.0120286
2837.472,1.011924
2838.058,1.0118195
2838.644,1.0117149
2839.23,1.0116104
2839.816,1.011506
2840.402,1.0114015
2840.988,1.0112971
2841.574,1.0111928
2842.16,1.0110885
2842.746,1.0109842
2843.332,1.0108799
2843.918,1.0107756
2844.504,1.0106715
2845.09,1.0105673
2845.676,1.0104631
2846.262,1.010359
2846.848,1.010255
2847.434,1.0101509
2848.02,1.010047
2848.606,1.009943
2849.192,1.0098391
2849.778,1.0097351
2850.364,1.0096313
2850.95,1.0095274
2851.536,1.0094236
2852.122,1.0093198
2852.708,1.0092161
2853.294,1.0091125
2853.88,1.0090088
2854.466,1.0089051
2855.052,1.0088015
2855.638,1.0086979
2856.224,1.0085944
2856.81,1.0084909
2857.396,1.0083874
2857.982,1.008284
2858.568,1.0081805
2859.154,1.0080771
2859.74,1.0079738
2860.326,1.0078706
2860.912,1.0077672
2861.498,1.007664
2862.084,1.0075607
2862.67,1.0074576
2863.256,1.0073544
2863.842,1.0072514
2864.428,1.0071483
2865.014,1.0070453
2865.6,1.0069422
2866.186,1.0068392
2866.772,1.0067363
2867.358,1.0066333
2867.944,1.0065304
2868.53,1.0064276
2869.116,1.0063248
2869.702,1.006222
2870.288,1.0061193
2870.874,1.0060165
2871.46,1.0059137
2872.046,1.0058111
2872.632,1.0057085
2873.218,1.0056059
2873.804,1.0055034
2874.39,1.0054008
2874.976,1.0052983
2875.562,1.0051959
2876.148,1.0050935
2876.734,1.0049911
2877.32,1.0048887
2877.906,1.0047863
2878.492,1.004684
2879.078,1.0045817
2879.664,1.0044794
2880.25,1.0043772
2880.836,1.0042751
2881.422,1.0041729
2882.008,1.0040709
2882.594,1.0039687
2883.18,1.0038667
2883.766,1.0037647
2884.352,1.0036627
2884.938,1.0035608
2885.524,1.0034589
2886.11,1.0033569
2886.696,1.0032551
2887.282,1.0031532
2887.868,1.0030514
2888.454,1.0029497
2889.04,1.002848
2889.626,1.0027462
2890.212,1.0026447
2890.798,1.002543
2891.384,1.0024414
2891.97,1.0023398
2892.556,1.0022383
2893.142,1.0021367
2893.728,1.0020353
2894.314,1.0019338
2894.9,1.0018325
2895.486,1.001731
2896.072,1.0016297
2896.658,1.0015284
2897.244,1.0014271
2897.83,1.0013258
2898.416,1.0012246
2899.002,1.0011234
2899.588,1.0010222
2900.174,1.0009211
2900.76,1.00082
2901.346,1.000719
2901.932,1.000618
2902.518,1.000517
2903.104,1.0004159
2903.69,1.0003151
2904.276,1.0002141
2904.862,1.0001132
2905.448,1.0000124
2906.034,0.99991161
2906.62,0.99981081
2907.206,0.99971002
2907.792,0.99960935
2908.378,0.99950868
2908.964,0.99940801
2909.55,0.99930733
2910.136,0.99920678
2910.722,0.99910617
2911.308,0.99900568
2911.894,0.99890518
2912.48,0.99880475
2913.066,0.99870425
2913.652,0.99860388
2914.238,0.99850351
2914.824,0.99840313
2915.41,0.99830282
2915.996,0.99820256
2916.582,0.99810231
2917.168,0.99800205
2917.754,0.99790186
2918.34,0.99780172
2918.926,0.99770159
2919.512,0.99760151
2920.098,0.99750143
2920.684,0.99740142
2921.27,0.9973014
2921.856,0.99720138
2922.442,0.99710149
2923.028,0.99700153
2923.614,0.99690169
2924.2,0.99680185
2924.786,0.99670202
2925.372,0.99660224
2925.958,0.99650246
2926.544,0.99640274
2927.13,0.99630302
2927.716,0.99620336
2928.302,0.99610376
2928.888,0.9960041
2929.474,0.99590456
2930.06,0.99580497
2930.646,0.99570549
2931.232,0.99560601
2931.818,0.99550658
2932.404,0.99540716
2932.99,0.99530774
2933.576,0.99520838
2934.162,0.99510908
2934.748,0.99500978
2935.334,0.99491054
2935.92,0.9948113
2936.506,0.99471205
2937.092,0.99461287
2937.678,0.99451375
2938.264,0.99441463
2938.85,0.99431556
2939.436,0.9942165
2940.022,0.9941175
2940.608,0.99401844
2941.194,0.99391949
2941.78,0.99382055
2942.366,0.99372166
2942.952,0.99362278
2943.538,0.99352396
2944.124,0.99342513
2944.71,0.99332637
2945.296,0.9932276
2945.882,0.9931289
2946.468,0.99303019
2947.054,0.99293154
2947.64,0.9928329
2948.226,0.99273431
2948.812,0.99263573
2949.398,0.9925372
2949.984,0.99243867
2950.57,0.99234021
2951.156,0.99224174
2951.742,0.99214333
2952.328,0.99204493
2952.914,0.99194658
2953.5,0.99184829
2954.086,0.99174994
2954.672,0.99165171
2955.258,0.99155343
2955.844,0.99145526
2956.43,0.99135703
2957.016,0.99125892
2957.602,0.99116081
2958.188,0.9910627
2958.774,0.99096465
2959.36,0.9908666
2959.946,0.99076855
2960.532,0.99067062
2961.118,0.99057269
2961.704,0.99047476
2962.29,0.99037695
2962.876,0.99027908
2963.462,0.99018121
2964.048,0.99008346
2964.634,0.9899857
2965.22,0.98988795
2965.806,0.9897902
2966.392,0.98969251
2966.978,0.9895947
2967.564,0.98949689
2968.15,0.98939914
2968.736,0.98930144
2969.322,0.98920369
2969.908,0.989106
2970.494,0.98900837
2971.08,0.98891073
2971.666,0.98881316
2972.252,0.98871559
2972.838,0.98861802
2973.424,0.9885205
2974.01,0.98842305
2974.596,0.9883256
2975.182,0.9882282
2975.768,0.98813081
2976.354,0.98803341
2976.94,0.98793608
2977.526,0.9878388
2978.112,0.98774159
2978.698,0.98764431
2979.284,0.9875471
2979.87,0.98744994
2980.456,0.98735273
2981.042,0.98725563
2981.628,0.98715854
2982.214,0.9870615
2982.8,0.98696446
2983.386,0.98686749
2983.972,0.98677045
2984.558,0.98667353
2985.144,0.98657662
2985.73,0.9864797
2986.316,0.98638284
2986.902,0.98628598
2987.488,0.98618919
2988.074,0.98609245
2988.66,0.98599571
2989.246,0.98589903
2989.832,0.98580229
2990.418,0.98570567
2991.004,0.98560905
2991.59,0.98551244
2992.176,0.98541588
2992.762,0.98531932
2993.348,0.98522282
2993.934,0.98512632
2994.52,0.98502988
2995.106,0.9849335
2995.692,0.98483706
2996.278,0.98474073
2996.864,0.98464435
2997.45,0.98454803
2998.036,0.98445183
2998.622,0.98435557
2999.208,0.98425937
2999.794,0.98416317
3000.38,0.98406696
3000.966,0.98397088
3001.552,0.98387474
3002.138,0.98377866
3002.724,0.98368257
3003.31,0.98358661
3003.896,0.98349059
3004.482,0.98339468
3005.068,0.98329872
3005.654,0.98320282
3006.24,0.98310691
3006.826,0.98301107
3007.412,0.98291528
3007.998,0.9828195
3008.584,0.98272377
3009.17,0.98262799
3009.756,0.98253232
3010.342,0.98243666
3010.928,0.98234099
3011.514,0.98224539
3012.1,0.98214978
3012.686,0.98205423
3013.272,0.98195869
3013.858,0.9818632
3014.444,0.98176771
3015.03,0.98167229
3015.616,0.98157686
3016.202,0.98148149
3016.788,0.98138613
3017.374,0.98129076
3017.96,0.98119551
3018.546,0.9811002
3019.132,0.98100495
3019.718,0.98090976
3020.304,0.98081458
3020.89,0.98071939
3021.476,0.98062426
3022.062,0.98052913
3022.648,0.98043406
3023.234,0.98033905
3023.82,0.98024404
3024.406,0.98014903
3024.992,0.98005408
3025.578,0.97995913
3026.164,0.97986424
3026.75,0.97976935
3027.336,0.97967446
3027.922,0.97957969
3028.508,0.97948486
3029.094,0.97939014
3029.68,0.97929537
3030.266,0.97920066
3030.852,0.97910601
3031.438,0.97901136
3032.024,0.9789167
3032.61,0.97882211
3033.196,0.97872752
3033.782,0.97863299
3034.368,0.97853845
3034.954,0.97844398
3035.54,0.97834957
3036.126,0.97825509
3036.712,0.97816074
3037.298,0.97806633
3037.884,0.97797197
3038.47,0.97787768
3039.056,0.97778338
3039.642,0.97768909
3040.228,0.97759485
3040.814,0.97750068
3041.4,0.9774065
3041.986,0.97731233
3042.572,0.97721821
3043.158,0.97712415
3043.744,0.9770301
3044.33,0.97693604
3044.916,0.97684205
3045.502,0.97674805
3046.088,0.97665411
3046.674,0.97656018
3047.26,0.97646624
3047.846,0.97637236
3048.432,0.97627854
3049.018,0.97618473
3049.604,0.97609091
3050.19,0.97599715
3050.776,0.97590345
3051.362,0.97580975
3051.948,0.97571605
3052.534,0.97562242
3053.12,0.97552878
3053.706,0.9754352
3054.292,0.97534162
3054.878,0.9752481
3055.464,0.97515452
3056.05,0.97506106
3056.636,0.9749676
3057.222,0.97487414
3057.808,0.9747808
3058.394,0.9746874
3058.98,0.97459406
3059.566,0.97450072
3060.152,0.97440743
3060.738,0.97431415
3061.324,0.97422093
3061.91,0.97412771
3062.496,0.97403455
3063.082,0.97394139
3063.668,0.97384822
3064.254,0.97375512
3064.84,0.97366208
3065.426,0.97356898
3066.012,0.97347599
3066.598,0.97338301
3067.184,0.97329003
3067.77,0.9731971
3068.356,0.97310418
3068.942,0.97301131
3069.528,0.97291845
3070.114,0.97282559
3070.7,0.97273278
3071.286,0.97264004
3071.872,0.97254729
3072.458,0.97245455
3073.044,0.97236186
3073.63,0.97226918
3074.216,0.97217655
3074.802,0.97208393
3075.388,0.97199136
3075.974,0.97189879
3076.56,0.97180623
3077.146,0.97171372
3077.732,0.97162127
3078.318,0.97152883
3078.904,0.97143638
3079.49,0.97134399
3080.076,0.97125161
3080.662,0.97115928
3081.248,0.97106695
3081.834,0.97097462
3082.42,0.97088242
3083.006,0.97079015
3083.592,0.97069794
3084.178,0.97060573
3084.764,0.97051358
3085.35,0.97042149
3085.936,0.9703294
3086.522,0.97023731
3087.108,0.97014523
3087.694,0.97005326
3088.28,0.96996123
3088.866,0.96986926
3089.452,0.96977735
3090.038,0.96968538
3090.624,0.96959352
3091.21,0.96950161
3091.796,0.96940982
3092.382,0.96931797
3092.968,0.96922618
3093.554,0.96913445
3094.14,0.96904272
3094.726,0.96895105
3095.312,0.96885937
3095.898,0.9687677
3096.484,0.96867609
3097.07,0.96858448
3097.656,0.96849293
3098.242,0.96840137
3098.828,0.96830982
3099.414,0.96821839
3100,0.96812689
