170,4.1416917
170.586,4.1345749
171.172,4.1274943
171.758,4.12045
172.344,4.1134415
172.93,4.1064687
173.516,4.0995312
174.102,4.092629
174.688,4.0857611
175.274,4.078928
175.86,4.0721292
176.446,4.0653644
177.032,4.0586329
177.618,4.0519352
178.204,4.0452704
178.79,4.0386381
179.376,4.0320387
179.962,4.0254712
180.548,4.0189357
181.134,4.0124326
181.72,4.0059605
182.306,3.9995196
182.892,3.9931097
183.478,3.9867303
184.064,3.9803813
184.65,3.9740624
185.236,3.9677737
185.822,3.9615149
186.408,3.9552853
186.994,3.9490852
187.58,3.942914
188.166,3.9367719
188.752,3.9306583
189.338,3.9245732
189.924,3.9185162
190.51,3.912487
191.096,3.9064858
191.682,3.9005122
192.268,3.8945656
192.854,3.8886464
193.44,3.8827541
194.026,3.8768883
194.612,3.8710492
195.198,3.8652363
195.784,3.8594494
196.37,3.8536887
196.956,3.8479536
197.542,3.8422439
198.128,3.8365598
198.714,3.8309007
199.3,3.8252666
199.886,3.8196573
200.472,3.8140724
201.058,3.8085122
201.644,3.8029761
202.23,3.7974644
202.816,3.7919762
203.402,3.7865119
203.988,3.7810712
204.574,3.7756538
205.16,3.7702599
205.746,3.7648888
206.332,3.7595406
206.918,3.7542152
207.504,3.7489119
208.09,3.7436311
208.676,3.7383728
209.262,3.7331364
209.848,3.727922
210.434,3.7227294
211.02,3.7175584
211.606,3.712409
212.192,3.7072806
212.778,3.7021739
213.364,3.697088
213.95,3.692023
214.536,3.6869788
215.122,3.6819553
215.708,3.6769521
216.294,3.6719694
216.88,3.667007
217.466,3.6620646
218.052,3.6571422
218.638,3.6522396
219.224,3.6473565
219.81,3.6424932
220.396,3.6376493
220.982,3.6328247
221.568,3.6280191
222.154,3.6232328
222.74,3.6184652
223.326,3.6137164
223.912,3.6089857
224.498,3.6042736
225.084,3.59958
225.67,3.5949047
226.256,3.5902476
226.842,3.5856085
227.428,3.5809875
228.014,3.5763843
228.6,3.5717988
229.186,3.5672309
229.772,3.5626805
230.358,3.5581477
230.944,3.5536318
231.53,3.5491333
232.116,3.5446517
232.702,3.5401874
233.288,3.5357397
233.874,3.5313089
234.46,3.5268943
235.046,3.5224967
235.632,3.5181153
236.218,3.5137503
236.804,3.5094013
237.39,3.5050688
237.976,3.500752
238.562,3.4964509
239.148,3.4921656
239.734,3.487896
240.32,3.4836421
240.906,3.4794035
241.492,3.4751806
242.078,3.470973
242.664,3.4667807
243.25,3.4626033
243.836,3.4584413
244.422,3.4542942
245.008,3.4501619
245.594,3.4460444
246.18,3.4419415
246.766,3.4378536
247.352,3.43378
247.938,3.4297209
248.524,3.4256761
249.11,3.4216454
249.696,3.4176292
250.282,3.4136269
250.868,3.4096389
251.454,3.4056647
252.04,3.4017043
252.626,3.3977578
253.212,3.3938248
253.798,3.3899057
254.384,3.3860002
254.97,3.3821077
255.556,3.3782289
256.142,3.3743634
256.728,3.3705111
257.314,3.366672
257.9,3.3628461
258.486,3.3590331
259.072,3.355233
259.658,3.3514459
260.244,3.3476715
260.83,3.3439097
261.416,3.3401608
262.002,3.3364244
262.588,3.3327005
263.174,3.328989
263.76,3.32529
264.346,3.3216031
264.932,3.3179286
265.518,3.3142662
266.104,3.3106158
266.69,3.3069775
267.276,3.3033514
267.862,3.299737
268.448,3.2961345
269.034,3.2925436
269.62,3.2889645
270.206,3.2853971
270.792,3.2818413
271.378,3.2782969
271.964,3.2747643
272.55,3.2712429
273.136,3.2677326
273.722,3.2642338
274.308,3.2607462
274.894,3.2572699
275.48,3.2538047
276.066,3.2503502
276.652,3.246907
277.238,3.2434745
277.824,3.2400532
278.41,3.2366424
278.996,3.2332425
279.582,3.2298532
280.168,3.2264748
280.754,3.2231066
281.34,3.2197492
281.926,3.2164023
282.512,3.2130656
283.098,3.2097392
283.684,3.206423
284.27,3.2031171
284.856,3.1998215
285.442,3.1965358
286.028,3.1932602
286.614,3.1899951
287.2,3.1867394
287.786,3.1834941
288.372,3.1802585
288.958,3.1770327
289.544,3.1738169
290.13,3.1706109
290.716,3.1674144
291.302,3.1642275
291.888,3.1610503
292.474,3.1578827
293.06,3.1547246
293.646,3.151576
294.232,3.1484368
294.818,3.1453071
295.404,3.1421864
295.99,3.1390753
296.576,3.1359732
297.162,3.1328804
297.748,3.1297967
298.334,3.1267223
298.92,3.123657
299.506,3.1206005
300.092,3.1175528
300.678,3.1145144
301.264,3.1114845
301.85,3.1084638
302.436,3.1054518
303.022,3.1024485
303.608,3.0994539
304.194,3.0964677
304.78,3.0934899
305.366,3.0905206
305.952,3.0875602
306.538,3.0846078
307.124,3.0816643
307.71,3.0787289
308.296,3.0758023
308.882,3.0728836
309.468,3.0699735
310.054,3.0670717
310.64,3.064178
311.226,3.0612926
311.812,3.0584152
312.398,3.0555458
312.984,3.0526848
313.57,3.0498316
314.156,3.0469866
314.742,3.0441494
315.328,3.0413203
315.914,3.0384989
316.5,3.0356855
317.086,3.0328798
317.672,3.030082
318.258,3.0272918
318.844,3.0245094
319.43,3.0217345
320.016,3.0189674
320.602,3.0162079
321.188,3.0134559
321.774,3.0107114
322.36,3.0079744
322.946,3.005245
323.532,3.0025225
324.118,2.9998074
324.704,2.9970996
325.29,2.9943991
325.876,2.9917061
326.462,2.9890203
327.048,2.9863417
327.634,2.9836702
328.22,2.9810061
328.806,2.978349
329.392,2.9756992
329.978,2.9730561
330.564,2.9704204
331.15,2.9677913
331.736,2.9651694
332.322,2.9625545
332.908,2.9599464
333.494,2.9573452
334.08,2.9547508
334.666,2.9521635
335.252,2.9495828
335.838,2.9470088
336.424,2.9444416
337.01,2.9418809
337.596,2.9393272
338.182,2.93678
338.768,2.9342394
339.354,2.9317052
339.94,2.9291778
340.526,2.926657
341.112,2.9241424
341.698,2.9216347
342.284,2.9191329
342.87,2.9166379
343.456,2.9141493
344.042,2.9116669
344.628,2.9091909
345.214,2.9067211
345.8,2.9042578
346.386,2.9018006
346.972,2.8993497
347.558,2.8969049
348.144,2.8944662
348.73,2.8920338
349.316,2.8896077
349.902,2.8871872
350.488,2.8847733
351.074,2.882365
351.66,2.8799632
352.246,2.8775671
352.832,2.8751769
353.418,2.8727927
354.004,2.8704145
354.59,2.8680422
355.176,2.8656757
355.762,2.8633151
356.348,2.8609602
356.934,2.8586113
357.52,2.8562682
358.106,2.8539305
358.692,2.8515987
359.278,2.8492727
359.864,2.8469524
360.45,2.8446376
361.036,2.8423285
361.622,2.8400252
362.208,2.8377273
362.794,2.8354349
363.38,2.8331482
363.966,2.8308671
364.552,2.8285913
365.138,2.8263211
365.724,2.8240561
366.31,2.8217969
366.896,2.8195431
367.482,2.8172944
368.068,2.8150513
368.654,2.8128133
369.24,2.810581
369.826,2.8083537
370.412,2.8061318
370.998,2.8039153
371.584,2.8017037
372.17,2.7994976
372.756,2.7972965
373.342,2.7951007
373.928,2.7929101
374.514,2.7907248
375.1,2.7885444
375.686,2.7863691
376.272,2.7841988
376.858,2.7820337
377.444,2.7798738
378.03,2.7777185
378.616,2.7755685
379.202,2.7734234
379.788,2.7712834
380.374,2.7691483
380.96,2.7670181
381.546,2.7648928
382.132,2.7627723
382.718,2.7606568
383.304,2.7585461
383.89,2.7564402
384.476,2.7543392
385.062,2.752243
385.648,2.7501514
386.234,2.7480648
386.82,2.7459829
387.406,2.7439055
387.992,2.7418332
388.578,2.7397652
389.164,2.7377021
389.75,2.7356436
390.336,2.7335896
390.922,2.7315404
391.508,2.729496
392.094,2.7274559
392.68,2.7254202
393.266,2.7233894
393.852,2.7213631
394.438,2.719341
395.024,2.7173238
395.61,2.7153108
396.196,2.7133026
396.782,2.7112985
397.368,2.7092991
397.954,2.707304
398.54,2.7053132
399.126,2.7033269
399.712,2.701345
400.298,2.6993675
400.884,2.6973941
401.47,2.6954253
402.056,2.6934607
402.642,2.6915004
403.228,2.6895444
403.814,2.6875927
404.4,2.6856451
404.986,2.6837018
405.572,2.6817629
406.158,2.6798279
406.744,2.6778972
407.33,2.6759708
407.916,2.6740484
408.502,2.6721301
409.088,2.6702158
409.674,2.6683056
410.26,2.6663995
410.846,2.6644974
411.432,2.6625993
412.018,2.6607056
412.604,2.6588156
413.19,2.6569297
413.776,2.6550479
414.362,2.6531699
414.948,2.6512961
415.534,2.6494262
416.12,2.6475601
416.706,2.6456983
417.292,2.6438401
417.878,2.6419859
418.464,2.6401358
419.05,2.6382892
419.636,2.6364467
420.222,2.634608
420.808,2.6327734
421.394,2.6309423
421.98,2.6291151
422.566,2.6272919
423.152,2.6254723
423.738,2.6236565
424.324,2.6218445
424.91,2.6200364
425.496,2.6182318
426.082,2.616431
426.668,2.614634
427.254,2.6128407
427.84,2.6110511
428.426,2.6092651
429.012,2.6074829
429.598,2.6057041
430.184,2.603929
430.77,2.6021578
431.356,2.60039
431.942,2.5986259
432.528,2.5968654
433.114,2.5951085
433.7,2.5933549
434.286,2.5916052
434.872,2.589859
435.458,2.5881162
436.044,2.5863769
436.63,2.5846412
437.216,2.5829091
437.802,2.5811803
438.388,2.5794547
438.974,2.5777323
439.56,2.5760138
440.146,2.5742984
440.732,2.5725865
441.318,2.570878
441.904,2.5691729
442.49,2.5674713
443.076,2.565773
443.662,2.5640781
444.248,2.5623868
444.834,2.5606985
445.42,2.5590136
446.006,2.5573323
446.592,2.555654
447.178,2.5539792
447.764,2.5523076
448.35,2.5506394
448.936,2.5489743
449.522,2.5473127
450.108,2.5456543
450.694,2.543999
451.28,2.542347
451.866,2.5406983
452.452,2.5390527
453.038,2.5374105
453.624,2.5357711
454.21,2.5341353
454.796,2.5325024
455.382,2.5308728
455.968,2.5292463
456.554,2.5276229
457.14,2.5260026
457.726,2.5243857
458.312,2.5227716
458.898,2.5211608
459.484,2.5195529
460.07,2.5179482
460.656,2.5163467
461.242,2.5147481
461.828,2.5131524
462.414,2.51156
463,2.5099704
463.586,2.5083838
464.172,2.5067999
464.758,2.5052192
465.344,2.5036414
465.93,2.5020666
466.516,2.5004947
467.102,2.4989259
467.688,2.49736
468.274,2.4957969
468.86,2.4942369
469.446,2.4926798
470.032,2.4911256
470.618,2.4895744
471.204,2.4880259
471.79,2.4864805
472.376,2.4849379
472.962,2.4833982
473.548,2.4818614
474.134,2.4803271
474.72,2.478796
475.306,2.4772677
475.892,2.4757423
476.478,2.4742196
477.064,2.4726996
477.65,2.4711826
478.236,2.4696684
478.822,2.4681568
479.408,2.4666481
479.994,2.465142
480.58,2.463639
481.166,2.4621384
481.752,2.4606407
482.338,2.4591458
482.924,2.4576535
483.51,2.4561639
484.096,2.4546771
484.682,2.4531929
485.268,2.4517117
485.854,2.450233
486.44,2.4487567
487.026,2.4472835
487.612,2.4458127
488.198,2.4443445
488.784,2.442879
489.37,2.4414163
489.956,2.4399559
490.542,2.4384985
491.128,2.4370434
491.714,2.4355912
492.3,2.4341414
492.886,2.4326942
493.472,2.4312496
494.058,2.4298077
494.644,2.4283681
495.23,2.4269311
495.816,2.4254968
496.402,2.4240649
496.988,2.4226358
497.574,2.4212089
498.16,2.4197848
498.746,2.4183629
499.332,2.4169438
499.918,2.4155271
500.504,2.4141128
501.09,2.4127011
501.676,2.4112918
502.262,2.4098849
502.848,2.4084806
503.434,2.4070787
504.02,2.4056792
504.606,2.4042823
505.192,2.4028876
505.778,2.4014955
506.364,2.4001057
506.95,2.3987184
507.536,2.3973334
508.122,2.395951
508.708,2.3945708
509.294,2.393193
509.88,2.3918176
510.466,2.3904445
511.052,2.3890738
511.638,2.3877056
512.224,2.3863397
512.81,2.3849759
513.396,2.3836148
513.982,2.3822558
514.568,2.3808992
515.154,2.379545
515.74,2.3781929
516.326,2.3768432
516.912,2.3754957
517.498,2.3741505
518.084,2.3728075
518.67,2.3714669
519.256,2.3701284
519.842,2.3687923
520.428,2.3674586
521.014,2.366127
521.6,2.3647976
522.186,2.3634703
522.772,2.3621454
523.358,2.3608229
523.944,2.3595026
524.53,2.3581843
525.116,2.3568683
525.702,2.3555543
526.288,2.3542428
526.874,2.3529334
527.46,2.3516262
528.046,2.3503211
528.632,2.3490181
529.218,2.3477175
529.804,2.3464189
530.39,2.3451223
530.976,2.3438282
531.562,2.342536
532.148,2.3412459
532.734,2.3399582
533.32,2.3386724
533.906,2.3373888
534.492,2.3361073
535.078,2.3348279
535.664,2.3335505
536.25,2.3322754
536.836,2.3310022
537.422,2.3297312
538.008,2.3284621
538.594,2.3271952
539.18,2.3259304
539.766,2.3246677
540.352,2.3234069
540.938,2.3221483
541.524,2.3208919
542.11,2.3196373
542.696,2.3183846
543.282,2.3171341
543.868,2.3158858
544.454,2.3146391
545.04,2.3133948
545.626,2.3121524
546.212,2.3109117
546.798,2.3096733
547.384,2.3084369
547.97,2.3072023
548.556,2.30597
549.142,2.3047392
549.728,2.3035107
550.314,2.3022842
550.9,2.3010595
551.486,2.2998369
552.072,2.2986162
552.658,2.2973974
553.244,2.2961805
553.83,2.2949655
554.416,2.2937524
555.002,2.2925415
555.588,2.2913322
556.174,2.2901251
556.76,2.2889197
557.346,2.2877162
557.932,2.2865148
558.518,2.285315
559.104,2.2841172
559.69,2.2829216
560.276,2.2817273
560.862,2.2805352
561.448,2.279345
562.034,2.2781568
562.62,2.2769701
563.206,2.2757854
563.792,2.2746027
564.378,2.2734215
564.964,2.2722423
565.55,2.271065
566.136,2.2698896
566.722,2.2687159
567.308,2.267544
567.894,2.2663739
568.48,2.2652056
569.066,2.264039
569.652,2.2628744
570.238,2.2617114
570.824,2.2605503
571.41,2.2593911
571.996,2.2582333
572.582,2.2570777
573.168,2.2559235
573.754,2.2547715
574.34,2.2536209
574.926,2.2524722
575.512,2.2513251
576.098,2.25018
576.684,2.2490366
577.27,2.2478948
577.856,2.2467549
578.442,2.2456167
579.028,2.2444801
579.614,2.2433453
580.2,2.2422123
580.786,2.2410808
581.372,2.2399511
581.958,2.2388232
582.544,2.2376969
583.13,2.2365725
583.716,2.2354496
584.302,2.2343283
584.888,2.2332089
585.474,2.2320912
586.06,2.2309749
586.646,2.2298605
587.232,2.2287478
587.818,2.2276366
588.404,2.2265272
588.99,2.2254195
589.576,2.2243133
590.162,2.2232087
590.748,2.222106
591.334,2.2210047
591.92,2.2199051
592.506,2.2188072
593.092,2.2177107
593.678,2.2166162
594.264,2.215523
594.85,2.2144315
595.436,2.2133417
596.022,2.2122536
596.608,2.2111669
597.194,2.2100818
597.78,2.2089984
598.366,2.2079165
598.952,2.2068362
599.538,2.2057576
600.124,2.2046807
600.71,2.2036049
601.296,2.2025311
601.882,2.2014587
602.468,2.200388
603.054,2.1993186
603.64,2.198251
604.226,2.1971848
604.812,2.1961203
605.398,2.1950572
605.984,2.1939957
606.57,2.1929359
607.156,2.1918774
607.742,2.1908205
608.328,2.1897652
608.914,2.1887114
609.5,2.187659
610.086,2.1866083
610.672,2.185559
611.258,2.1845112
611.844,2.183465
612.43,2.1824203
613.016,2.1813769
613.602,2.1803353
614.188,2.1792951
614.774,2.1782563
615.36,2.1772189
615.946,2.1761832
616.532,2.175149
617.118,2.1741161
617.704,2.1730847
618.29,2.1720548
618.876,2.1710265
619.462,2.1699994
620.048,2.1689739
620.634,2.1679497
621.22,2.1669271
621.806,2.165906
622.392,2.1648862
622.978,2.163868
623.564,2.1628511
624.15,2.1618359
624.736,2.1608217
625.322,2.1598094
625.908,2.1587982
626.494,2.1577885
627.08,2.1567802
627.666,2.1557734
628.252,2.1547678
628.838,2.1537638
629.424,2.1527612
630.01,2.1517599
630.596,2.1507602
631.182,2.1497617
631.768,2.1487646
632.354,2.147769
632.94,2.1467748
633.526,2.1457818
634.112,2.1447902
634.698,2.1438
635.284,2.1428115
635.87,2.141824
636.456,2.1408379
637.042,2.1398532
637.628,2.13887
638.214,2.1378882
638.8,2.1369076
639.386,2.1359282
639.972,2.1349502
640.558,2.1339731
641.144,2.1329978
641.73,2.1320236
642.316,2.1310508
642.902,2.1300795
643.488,2.1291094
644.074,2.1281404
644.66,2.1271732
645.246,2.1262069
645.832,2.125242
646.418,2.1242785
647.004,2.1233163
647.59,2.1223555
648.176,2.1213958
648.762,2.1204376
649.348,2.1194806
649.934,2.118525
650.52,2.1175706
651.106,2.1166174
651.692,2.1156657
652.278,2.1147151
652.864,2.113766
653.45,2.112818
654.036,2.1118712
654.622,2.1109259
655.208,2.1099818
655.794,2.1090388
656.38,2.1080973
656.966,2.1071568
657.552,2.1062176
658.138,2.1052799
658.724,2.1043434
659.31,2.1034081
659.896,2.102474
660.482,2.1015413
661.068,2.1006095
661.654,2.0996792
662.24,2.0987501
662.826,2.0978222
663.412,2.0968957
663.998,2.0959704
664.584,2.095046
665.17,2.0941231
665.756,2.0932014
666.342,2.0922811
666.928,2.0913618
667.514,2.0904436
668.1,2.0895269
668.686,2.0886111
669.272,2.0876968
669.858,2.0867834
670.444,2.0858715
671.03,2.0849607
671.616,2.0840509
672.202,2.0831425
672.788,2.0822353
673.374,2.0813291
673.96,2.0804243
674.546,2.0795207
675.132,2.078618
675.718,2.0777168
676.304,2.0768168
676.89,2.0759177
677.476,2.0750198
678.062,2.0741231
678.648,2.0732279
679.234,2.0723336
679.82,2.0714402
680.406,2.0705483
680.992,2.0696576
681.578,2.0687678
682.164,2.0678792
682.75,2.066992
683.336,2.0661058
683.922,2.0652206
684.508,2.0643365
685.094,2.0634534
685.68,2.0625713
686.266,2.0616906
686.852,2.0608106
687.438,2.0599322
688.024,2.0590546
688.61,2.0581782
689.196,2.057303
689.782,2.0564289
690.368,2.0555558
690.954,2.0546839
691.54,2.0538132
692.126,2.0529435
692.712,2.0520749
693.298,2.0512075
693.884,2.0503411
694.47,2.0494761
695.056,2.0486119
695.642,2.0477488
696.228,2.0468869
696.814,2.0460262
697.4,2.0451663
697.986,2.0443077
698.572,2.0434501
699.158,2.0425937
699.744,2.0417383
700.33,2.040884
700.916,2.0400307
701.502,2.0391784
702.088,2.0383275
702.674,2.0374775
703.26,2.0366285
703.846,2.0357807
704.432,2.0349338
705.018,2.0340879
705.604,2.0332432
706.19,2.0323997
706.776,2.0315571
707.362,2.0307155
707.948,2.029875
708.534,2.0290356
709.12,2.0281971
709.706,2.0273597
710.292,2.0265234
710.878,2.0256882
711.464,2.0248539
712.05,2.0240207
712.636,2.0231886
713.222,2.0223575
713.808,2.0215273
714.394,2.0206983
714.98,2.01987
715.566,2.0190432
716.152,2.0182171
716.738,2.0173922
717.324,2.0165682
717.91,2.0157452
718.496,2.0149233
719.082,2.0141022
719.668,2.0132823
720.254,2.0124633
720.84,2.0116456
721.426,2.0108285
722.012,2.0100121
722.598,2.009197
723.184,2.0083828
723.77,2.0075693
724.356,2.006757
724.942,2.0059459
725.528,2.0051355
726.114,2.0043263
726.7,2.0035179
727.286,2.0027106
727.872,2.0019042
728.458,2.0010989
729.044,2.0002944
729.63,1.999491
730.216,1.9986885
730.802,1.9978869
731.388,1.9970864
731.974,1.9962869
732.56,1.9954883
733.146,1.9946907
733.732,1.9938939
734.318,1.9930981
734.904,1.9923034
735.49,1.9915096
736.076,1.9907167
736.662,1.9899248
737.248,1.9891338
737.834,1.9883437
738.42,1.9875547
739.006,1.9867666
739.592,1.9859793
740.178,1.9851931
740.764,1.9844078
741.35,1.9836234
741.936,1.9828398
742.522,1.9820573
743.108,1.9812757
743.694,1.9804951
744.28,1.9797153
744.866,1.9789364
745.452,1.9781586
746.038,1.9773817
746.624,1.9766055
747.21,1.9758303
747.796,1.9750562
748.382,1.9742829
748.968,1.9735104
749.554,1.9727389
750.14,1.9719683
750.726,1.9711986
751.312,1.9704298
751.898,1.969662
752.484,1.968895
753.07,1.9681288
753.656,1.9673636
754.242,1.9665993
754.828,1.9658359
755.414,1.9650733
756,1.9643117
756.586,1.963551
757.172,1.9627911
757.758,1.9620322
758.344,1.961274
758.93,1.9605168
759.516,1.9597605
760.102,1.9590051
760.688,1.9582505
761.274,1.9574968
761.86,1.956744
762.446,1.955992
763.032,1.9552408
763.618,1.9544905
764.204,1.9537412
764.79,1.9529927
765.376,1.9522451
765.962,1.9514983
766.548,1.9507524
767.134,1.9500073
767.72,1.9492631
768.306,1.9485197
768.892,1.9477772
769.478,1.9470356
770.064,1.9462947
770.65,1.9455547
771.236,1.9448156
771.822,1.9440774
772.408,1.9433398
772.994,1.9426032
773.58,1.9418675
774.166,1.9411325
774.752,1.9403985
775.338,1.9396652
775.924,1.9389328
776.51,1.9382012
777.096,1.9374704
777.682,1.9367405
778.268,1.9360112
778.854,1.9352827
779.44,1.9345551
780.026,1.9338282
780.612,1.9331023
781.198,1.932377
781.784,1.9316527
782.37,1.9309291
782.956,1.9302063
783.542,1.9294844
784.128,1.9287633
784.714,1.928043
785.3,1.9273235
785.886,1.9266047
786.472,1.9258869
787.058,1.9251698
787.644,1.9244535
788.23,1.923738
788.816,1.9230233
789.402,1.9223094
789.988,1.9215963
790.574,1.920884
791.16,1.9201726
791.746,1.9194618
792.332,1.9187518
792.918,1.9180428
793.504,1.9173343
794.09,1.9166268
794.676,1.91592
795.262,1.9152141
795.848,1.9145088
796.434,1.9138044
797.02,1.9131007
797.606,1.9123979
798.192,1.9116957
798.778,1.9109944
799.364,1.9102938
799.95,1.9095941
800.536,1.908895
801.122,1.9081968
801.708,1.9074993
802.294,1.9068025
802.88,1.9061066
803.466,1.9054114
804.052,1.904717
804.638,1.9040233
805.224,1.9033303
805.81,1.9026382
806.396,1.9019468
806.982,1.9012561
807.568,1.9005662
808.154,1.8998771
808.74,1.8991886
809.326,1.898501
809.912,1.8978142
810.498,1.897128
811.084,1.8964425
811.67,1.8957579
812.256,1.895074
812.842,1.8943907
813.428,1.8937083
814.014,1.8930266
814.6,1.8923457
815.186,1.8916653
815.772,1.8909858
816.358,1.8903071
816.944,1.889629
817.53,1.8889518
818.116,1.8882751
818.702,1.8875993
819.288,1.8869241
819.874,1.8862498
820.46,1.8855761
821.046,1.8849032
821.632,1.8842309
822.218,1.8835593
822.804,1.8828886
823.39,1.8822185
823.976,1.8815491
824.562,1.8808805
825.148,1.8802125
825.734,1.8795452
826.32,1.8788787
826.906,1.8782129
827.492,1.8775479
828.078,1.8768835
828.664,1.8762197
829.25,1.8755567
829.836,1.8748945
830.422,1.8742329
831.008,1.873572
831.594,1.8729118
832.18,1.8722522
832.766,1.8715935
833.352,1.8709354
833.938,1.870278
834.524,1.8696213
835.11,1.8689653
835.696,1.86831
836.282,1.8676553
836.868,1.8670013
837.454,1.866348
838.04,1.8656955
838.626,1.8650436
839.212,1.8643924
839.798,1.8637419
840.384,1.8630921
840.97,1.8624429
841.556,1.8617944
842.142,1.8611466
842.728,1.8604994
843.314,1.8598529
843.9,1.8592072
844.486,1.858562
845.072,1.8579175
845.658,1.8572738
846.244,1.8566307
846.83,1.8559883
847.416,1.8553464
848.002,1.8547053
848.588,1.8540649
849.174,1.8534251
849.76,1.8527859
850.346,1.8521476
850.932,1.8515097
851.518,1.8508725
852.104,1.8502361
852.69,1.8496003
853.276,1.8489652
853.862,1.8483306
854.448,1.8476968
855.034,1.8470635
855.62,1.8464309
856.206,1.8457991
856.792,1.8451678
857.378,1.8445371
857.964,1.8439071
858.55,1.8432778
859.136,1.8426491
859.722,1.8420211
860.308,1.8413937
860.894,1.840767
861.48,1.8401408
862.066,1.8395153
862.652,1.8388906
863.238,1.8382663
863.824,1.8376428
864.41,1.8370198
864.996,1.8363975
865.582,1.8357759
866.168,1.8351548
866.754,1.8345343
867.34,1.8339146
867.926,1.8332955
868.512,1.8326769
869.098,1.832059
869.684,1.8314418
870.27,1.8308251
870.856,1.830209
871.442,1.8295935
872.028,1.8289788
872.614,1.8283646
873.2,1.827751
873.786,1.8271382
874.372,1.8265258
874.958,1.8259141
875.544,1.8253031
876.13,1.8246926
876.716,1.8240827
877.302,1.8234735
877.888,1.8228648
878.474,1.8222568
879.06,1.8216493
879.646,1.8210425
880.232,1.8204362
880.818,1.8198307
881.404,1.8192257
881.99,1.8186213
882.576,1.8180175
883.162,1.8174143
883.748,1.8168117
884.334,1.8162097
884.92,1.8156083
885.506,1.8150074
886.092,1.8144072
886.678,1.8138076
887.264,1.8132086
887.85,1.8126101
888.436,1.8120123
889.022,1.8114151
889.608,1.8108184
890.194,1.8102224
890.78,1.8096269
891.366,1.809032
891.952,1.8084377
892.538,1.8078439
893.124,1.8072509
893.71,1.8066583
894.296,1.8060663
894.882,1.8054749
895.468,1.8048841
896.054,1.8042939
896.64,1.8037043
897.226,1.8031151
897.812,1.8025267
898.398,1.8019388
898.984,1.8013513
899.57,1.8007646
900.156,1.8001784
900.742,1.7995927
901.328,1.7990078
901.914,1.7984233
902.5,1.7978393
903.086,1.797256
903.672,1.7966732
904.258,1.796091
904.844,1.7955093
905.43,1.7949282
906.016,1.7943478
906.602,1.7937677
907.188,1.7931883
907.774,1.7926095
908.36,1.7920313
908.946,1.7914535
909.532,1.7908764
910.118,1.7902998
910.704,1.7897238
911.29,1.7891482
911.876,1.7885733
912.462,1.7879989
913.048,1.787425
913.634,1.7868518
914.22,1.7862791
914.806,1.7857069
915.392,1.7851353
915.978,1.7845643
916.564,1.7839937
917.15,1.7834237
917.736,1.7828543
918.322,1.7822853
918.908,1.7817169
919.494,1.7811493
920.08,1.780582
920.666,1.7800152
921.252,1.7794491
921.838,1.7788835
922.424,1.7783183
923.01,1.7777537
923.596,1.7771897
924.182,1.7766262
924.768,1.7760633
925.354,1.7755009
925.94,1.7749389
926.526,1.7743776
927.112,1.7738168
927.698,1.7732565
928.284,1.7726967
928.87,1.7721375
929.456,1.7715788
930.042,1.7710207
930.628,1.770463
931.214,1.7699059
931.8,1.7693493
932.386,1.7687932
932.972,1.7682377
933.558,1.7676827
934.144,1.7671282
934.73,1.7665743
935.316,1.7660208
935.902,1.7654679
936.488,1.7649153
937.074,1.7643635
937.66,1.7638122
938.246,1.7632613
938.832,1.7627109
939.418,1.7621611
940.004,1.7616117
940.59,1.761063
941.176,1.7605146
941.762,1.7599669
942.348,1.7594196
942.934,1.7588729
943.52,1.7583266
944.106,1.7577809
944.692,1.7572356
945.278,1.7566909
945.864,1.7561467
946.45,1.755603
947.036,1.7550597
947.622,1.7545171
948.208,1.7539748
948.794,1.7534331
949.38,1.7528919
949.966,1.7523513
950.552,1.751811
951.138,1.7512714
951.724,1.7507322
952.31,1.7501935
952.896,1.7496552
953.482,1.7491175
954.068,1.7485803
954.654,1.7480437
955.24,1.7475073
955.826,1.7469716
956.412,1.7464364
956.998,1.7459017
957.584,1.7453674
958.17,1.7448336
958.756,1.7443004
959.342,1.7437676
959.928,1.7432352
960.514,1.7427034
961.1,1.7421721
961.686,1.7416413
962.272,1.7411109
962.858,1.740581
963.444,1.7400517
964.03,1.7395228
964.616,1.7389944
965.202,1.7384665
965.788,1.737939
966.374,1.737412
966.96,1.7368855
967.546,1.7363595
968.132,1.7358339
968.718,1.7353089
969.304,1.7347844
969.89,1.7342602
970.476,1.7337365
971.062,1.7332134
971.648,1.7326907
972.234,1.7321684
972.82,1.7316468
973.406,1.7311255
973.992,1.7306046
974.578,1.7300843
975.164,1.7295644
975.75,1.729045
976.336,1.7285261
976.922,1.7280077
977.508,1.7274897
978.094,1.7269721
978.68,1.7264551
979.266,1.7259386
979.852,1.7254224
980.438,1.7249067
981.024,1.7243915
981.61,1.7238767
982.196,1.7233624
982.782,1.7228487
983.368,1.7223352
983.954,1.7218224
984.54,1.7213099
985.126,1.7207979
985.712,1.7202864
986.298,1.7197753
986.884,1.7192647
987.47,1.7187545
988.056,1.7182448
988.642,1.7177355
989.228,1.7172267
989.814,1.7167184
990.4,1.7162105
990.986,1.715703
991.572,1.715196
992.158,1.7146895
992.744,1.7141834
993.33,1.7136778
993.916,1.7131726
994.502,1.7126678
995.088,1.7121634
995.674,1.7116597
996.26,1.7111561
996.846,1.7106532
997.432,1.7101507
998.018,1.7096486
998.604,1.709147
999.19,1.7086457
999.776,1.7081449
1000.362,1.7076447
1000.948,1.7071447
1001.534,1.7066454
1002.12,1.7061464
1002.706,1.7056477
1003.292,1.7051497
1003.878,1.704652
1004.464,1.7041547
1005.05,1.7036579
1005.636,1.7031615
1006.222,1.7026656
1006.808,1.70217
1007.394,1.7016749
1007.98,1.7011802
1008.566,1.7006861
1009.152,1.7001922
1009.738,1.6996989
1010.324,1.699206
1010.91,1.6987135
1011.496,1.6982214
1012.082,1.6977298
1012.668,1.6972386
1013.254,1.6967478
1013.84,1.6962574
1014.426,1.6957675
1015.012,1.6952779
1015.598,1.6947888
1016.184,1.6943002
1016.77,1.693812
1017.356,1.6933241
1017.942,1.6928368
1018.528,1.6923498
1019.114,1.6918633
1019.7,1.6913772
1020.286,1.6908914
1020.872,1.6904061
1021.458,1.6899213
1022.044,1.6894368
1022.63,1.6889527
1023.216,1.6884691
1023.802,1.6879859
1024.388,1.6875031
1024.974,1.6870208
1025.56,1.6865387
1026.146,1.6860572
1026.732,1.6855761
1027.318,1.6850953
1027.904,1.684615
1028.49,1.6841351
1029.076,1.6836556
1029.662,1.6831766
1030.248,1.6826979
1030.834,1.6822196
1031.42,1.6817417
1032.006,1.6812643
1032.592,1.6807873
1033.178,1.6803106
1033.764,1.6798345
1034.35,1.6793586
1034.936,1.6788832
1035.522,1.6784081
1036.108,1.6779336
1036.694,1.6774594
1037.28,1.6769856
1037.866,1.6765122
1038.452,1.6760392
1039.038,1.6755664
1039.624,1.6750941
1040.21,1.6746222
1040.796,1.6741507
1041.382,1.6736796
1041.968,1.6732087
1042.554,1.6727384
1043.14,1.6722685
1043.726,1.6717989
1044.312,1.6713297
1044.898,1.670861
1045.484,1.6703926
1046.07,1.6699247
1046.656,1.6694572
1047.242,1.66899
1047.828,1.6685232
1048.414,1.6680567
1049,1.6675907
1049.586,1.6671251
1050.172,1.6666598
1050.758,1.666195
1051.344,1.6657306
1051.93,1.6652665
1052.516,1.6648029
1053.102,1.6643397
1053.688,1.6638768
1054.274,1.6634142
1054.86,1.6629521
1055.446,1.6624904
1056.032,1.662029
1056.618,1.661568
1057.204,1.6611075
1057.79,1.6606473
1058.376,1.6601875
1058.962,1.6597281
1059.548,1.659269
1060.134,1.6588103
1060.72,1.658352
1061.306,1.6578941
1061.892,1.6574365
1062.478,1.6569794
1063.064,1.6565226
1063.65,1.6560662
1064.236,1.6556102
1064.822,1.6551546
1065.408,1.6546993
1065.994,1.6542444
1066.58,1.6537899
1067.166,1.6533358
1067.752,1.652882
1068.338,1.6524286
1068.924,1.6519756
1069.51,1.651523
1070.096,1.6510707
1070.682,1.6506188
1071.268,1.6501673
1071.854,1.6497161
1072.44,1.6492653
1073.026,1.6488149
1073.612,1.6483649
1074.198,1.6479152
1074.784,1.6474659
1075.37,1.647017
1075.956,1.6465684
1076.542,1.6461202
1077.128,1.6456724
1077.714,1.6452249
1078.3,1.6447778
1078.886,1.6443311
1079.472,1.6438847
1080.058,1.6434387
1080.644,1.6429931
1081.23,1.6425477
1081.816,1.6421028
1082.402,1.6416583
1082.988,1.6412141
1083.574,1.6407702
1084.16,1.6403267
1084.746,1.6398836
1085.332,1.6394409
1085.918,1.6389985
1086.504,1.6385565
1087.09,1.6381148
1087.676,1.6376735
1088.262,1.6372325
1088.848,1.6367919
1089.434,1.6363517
1090.02,1.6359118
1090.606,1.6354723
1091.192,1.6350331
1091.778,1.6345943
1092.364,1.6341558
1092.95,1.6337177
1093.536,1.6332799
1094.122,1.6328425
1094.708,1.6324054
1095.294,1.6319687
1095.88,1.6315323
1096.466,1.6310964
1097.052,1.6306608
1097.638,1.6302254
1098.224,1.6297904
1098.81,1.6293558
1099.396,1.6289216
1099.982,1.6284877
1100.568,1.6280541
1101.154,1.6276209
1101.74,1.6271881
1102.326,1.6267556
1102.912,1.6263233
1103.498,1.6258916
1104.084,1.62546
1104.67,1.6250288
1105.256,1.6245981
1105.842,1.6241677
1106.428,1.6237376
1107.014,1.6233078
1107.6,1.6228784
1108.186,1.6224493
1108.772,1.6220205
1109.358,1.6215922
1109.944,1.6211641
1110.53,1.6207364
1111.116,1.620309
1111.702,1.619882
1112.288,1.6194552
1112.874,1.6190289
1113.46,1.6186029
1114.046,1.6181772
1114.632,1.6177518
1115.218,1.6173269
1115.804,1.6169021
1116.39,1.6164777
1116.976,1.6160538
1117.562,1.6156301
1118.148,1.6152067
1118.734,1.6147838
1119.32,1.6143612
1119.906,1.6139388
1120.492,1.6135168
1121.078,1.613095
1121.664,1.6126738
1122.25,1.6122527
1122.836,1.611832
1123.422,1.6114117
1124.008,1.6109917
1124.594,1.6105721
1125.18,1.6101527
1125.766,1.6097336
1126.352,1.6093149
1126.938,1.6088966
1127.524,1.6084785
1128.11,1.6080608
1128.696,1.6076435
1129.282,1.6072264
1129.868,1.6068096
1130.454,1.6063932
1131.04,1.6059771
1131.626,1.6055614
1132.212,1.6051459
1132.798,1.6047308
1133.384,1.6043161
1133.97,1.6039015
1134.556,1.6034874
1135.142,1.6030736
1135.728,1.6026601
1136.314,1.602247
1136.9,1.6018341
1137.486,1.6014212
1138.072,1.6010089
1138.658,1.6005968
1139.244,1.600185
1139.83,1.5997735
1140.416,1.5993624
1141.002,1.5989516
1141.588,1.5985411
1142.174,1.5981309
1142.76,1.597721
1143.346,1.5973115
1143.932,1.5969023
1144.518,1.5964934
1145.104,1.5960847
1145.69,1.5956764
1146.276,1.5952685
1146.862,1.5948608
1147.448,1.5944535
1148.034,1.5940464
1148.62,1.5936396
1149.206,1.5932332
1149.792,1.5928271
1150.378,1.5924213
1150.964,1.5920159
1151.55,1.5916107
1152.136,1.5912058
1152.722,1.5908012
1153.308,1.590397
1153.894,1.5899931
1154.48,1.5895895
1155.066,1.5891862
1155.652,1.5887831
1156.238,1.5883805
1156.824,1.5879781
1157.41,1.587576
1157.996,1.5871742
1158.582,1.5867727
1159.168,1.5863717
1159.754,1.5859708
1160.34,1.5855702
1160.926,1.5851699
1161.512,1.58477
1162.098,1.5843704
1162.684,1.583971
1163.27,1.583572
1163.856,1.5831733
1164.442,1.5827749
1165.028,1.5823767
1165.614,1.5819789
1166.2,1.5815814
1166.786,1.5811841
1167.372,1.5807872
1167.958,1.5803906
1168.544,1.5799943
1169.13,1.5795983
1169.716,1.5792025
1170.302,1.5788071
1170.888,1.5784119
1171.474,1.5780171
1172.06,1.5776227
1172.646,1.5772284
1173.232,1.5768344
1173.818,1.5764408
1174.404,1.5760475
1174.99,1.5756544
1175.576,1.5752617
1176.162,1.5748693
1176.748,1.5744771
1177.334,1.5740852
1177.92,1.5736936
1178.506,1.5733024
1179.092,1.5729114
1179.678,1.5725206
1180.264,1.5721303
1180.85,1.5717402
1181.436,1.5713503
1182.022,1.5709609
1182.608,1.5705715
1183.194,1.5701827
1183.78,1.5697939
1184.366,1.5694057
1184.952,1.5690176
1185.538,1.5686297
1186.124,1.5682423
1186.71,1.5678551
1187.296,1.5674682
1187.882,1.5670816
1188.468,1.5666952
1189.054,1.5663092
1189.64,1.5659235
1190.226,1.5655379
1190.812,1.5651528
1191.398,1.5647678
1191.984,1.5643833
1192.57,1.5639989
1193.156,1.5636148
1193.742,1.563231
1194.328,1.5628475
1194.914,1.5624644
1195.5,1.5620815
1196.086,1.5616988
1196.672,1.5613165
1197.258,1.5609344
1197.844,1.5605526
1198.43,1.5601711
1199.016,1.5597899
1199.602,1.559409
1200.188,1.5590283
1200.774,1.558648
1201.36,1.5582678
1201.946,1.557888
1202.532,1.5575085
1203.118,1.5571291
1203.704,1.5567503
1204.29,1.5563716
1204.876,1.5559931
1205.462,1.5556149
1206.048,1.5552371
1206.634,1.5548595
1207.22,1.5544822
1207.806,1.5541052
1208.392,1.5537285
1208.978,1.5533519
1209.564,1.5529757
1210.15,1.5525998
1210.736,1.5522242
1211.322,1.5518488
1211.908,1.5514736
1212.494,1.5510987
1213.08,1.5507243
1213.666,1.55035
1214.252,1.5499759
1214.838,1.5496022
1215.424,1.5492287
1216.01,1.5488555
1216.596,1.5484825
1217.182,1.5481098
1217.768,1.5477372
1218.354,1.5473648
1218.94,1.5469927
1219.526,1.5466207
1220.112,1.5462493
1220.698,1.5458779
1221.284,1.5455068
1221.87,1.5451361
1222.456,1.5447656
1223.042,1.5443953
1223.628,1.5440254
1224.214,1.5436558
1224.8,1.5432863
1225.386,1.5429171
1225.972,1.5425483
1226.558,1.5421797
1227.144,1.5418113
1227.73,1.5414432
1228.316,1.5410755
1228.902,1.5407078
1229.488,1.5403407
1230.074,1.5399736
1230.66,1.5396068
1231.246,1.5392404
1231.832,1.5388741
1232.418,1.5385082
1233.004,1.5381426
1233.59,1.5377771
1234.176,1.5374119
1234.762,1.537047
1235.348,1.5366824
1235.934,1.5363179
1236.52,1.5359539
1237.106,1.5355901
1237.692,1.5352265
1238.278,1.5348631
1238.864,1.5345
1239.45,1.5341372
1240.036,1.5337747
1240.622,1.5334125
1241.208,1.5330504
1241.794,1.5326886
1242.38,1.5323272
1242.966,1.5319659
1243.552,1.5316049
1244.138,1.5312442
1244.724,1.5308837
1245.31,1.5305234
1245.896,1.5301635
1246.482,1.5298038
1247.068,1.5294443
1247.654,1.5290852
1248.24,1.5287262
1248.826,1.5283675
1249.412,1.5280091
1249.998,1.527651
1250.584,1.5272931
1251.17,1.5269353
1251.756,1.5265779
1252.342,1.5262208
1252.928,1.5258639
1253.514,1.5255073
1254.1,1.5251509
1254.686,1.5247947
1255.272,1.5244389
1255.858,1.5240833
1256.444,1.5237278
1257.03,1.5233727
1257.616,1.5230178
1258.202,1.5226632
1258.788,1.5223088
1259.374,1.5219547
1259.96,1.5216007
1260.546,1.5212471
1261.132,1.5208937
1261.718,1.5205406
1262.304,1.5201877
1262.89,1.5198351
1263.476,1.5194827
1264.062,1.5191306
1264.648,1.5187787
1265.234,1.518427
1265.82,1.5180756
1266.406,1.5177245
1266.992,1.5173736
1267.578,1.517023
1268.164,1.5166725
1268.75,1.5163223
1269.336,1.5159724
1269.922,1.5156227
1270.508,1.5152732
1271.094,1.514924
1271.68,1.514575
1272.266,1.5142263
1272.852,1.5138779
1273.438,1.5135297
1274.024,1.5131817
1274.61,1.512834
1275.196,1.5124865
1275.782,1.5121392
1276.368,1.5117922
1276.954,1.5114454
1277.54,1.5110989
1278.126,1.5107523
1278.712,1.5104059
1279.298,1.5100598
1279.884,1.5097141
1280.47,1.5093684
1281.056,1.5090231
1281.642,1.508678
1282.228,1.5083331
1282.814,1.5079885
1283.4,1.5076441
1283.986,1.5072999
1284.572,1.5069559
1285.158,1.5066122
1285.744,1.5062687
1286.33,1.5059255
1286.916,1.5055826
1287.502,1.5052398
1288.088,1.5048974
1288.674,1.5045551
1289.26,1.504213
1289.846,1.5038712
1290.432,1.5035297
1291.018,1.5031884
1291.604,1.5028472
1292.19,1.5025064
1292.776,1.5021657
1293.362,1.5018253
1293.948,1.5014851
1294.534,1.5011452
1295.12,1.5008055
1295.706,1.5004661
1296.292,1.5001268
1296.878,1.4997879
1297.464,1.4994491
1298.05,1.4991106
1298.636,1.4987723
1299.222,1.4984342
1299.808,1.4980963
1300.394,1.4977587
1300.98,1.4974214
1301.566,1.4970843
1302.152,1.4967473
1302.738,1.4964106
1303.324,1.4960742
1303.91,1.4957379
1304.496,1.4954019
1305.082,1.495066
1305.668,1.4947306
1306.254,1.4943953
1306.84,1.4940602
1307.426,1.4937253
1308.012,1.4933907
1308.598,1.4930562
1309.184,1.492722
1309.77,1.492388
1310.356,1.4920543
1310.942,1.4917208
1311.528,1.4913875
1312.114,1.4910544
1312.7,1.4907217
1313.286,1.490389
1313.872,1.4900566
1314.458,1.4897245
1315.044,1.4893925
1315.63,1.4890609
1316.216,1.4887294
1316.802,1.4883981
1317.388,1.488067
1317.974,1.4877362
1318.56,1.4874057
1319.146,1.4870752
1319.732,1.486745
1320.318,1.4864151
1320.904,1.4860854
1321.49,1.4857559
1322.076,1.4854267
1322.662,1.4850976
1323.248,1.4847687
1323.834,1.4844402
1324.42,1.4841118
1325.006,1.4837836
1325.592,1.4834557
1326.178,1.4831278
1326.764,1.4828004
1327.35,1.4824731
1327.936,1.482146
1328.522,1.4818192
1329.108,1.4814925
1329.694,1.4811661
1330.28,1.4808398
1330.866,1.4805139
1331.452,1.4801881
1332.038,1.4798626
1332.624,1.4795372
1333.21,1.4792122
1333.796,1.4788872
1334.382,1.4785625
1334.968,1.478238
1335.554,1.4779137
1336.14,1.4775897
1336.726,1.4772658
1337.312,1.4769422
1337.898,1.4766188
1338.484,1.4762956
1339.07,1.4759727
1339.656,1.4756498
1340.242,1.4753274
1340.828,1.475005
1341.414,1.4746829
1342,1.4743609
1342.586,1.4740392
1343.172,1.4737177
1343.758,1.4733964
1344.344,1.4730754
1344.93,1.4727545
1345.516,1.4724339
1346.102,1.4721135
1346.688,1.4717932
1347.274,1.4714732
1347.86,1.4711534
1348.446,1.4708339
1349.032,1.4705144
1349.618,1.4701953
1350.204,1.4698763
1350.79,1.4695575
1351.376,1.469239
1351.962,1.4689206
1352.548,1.4686025
1353.134,1.4682846
1353.72,1.4679669
1354.306,1.4676493
1354.892,1.4673321
1355.478,1.467015
1356.064,1.4666981
1356.65,1.4663813
1357.236,1.4660646
1357.822,1.4657481
1358.408,1.4654319
1358.994,1.4651158
1359.58,1.4648
1360.166,1.4644842
1360.752,1.4641688
1361.338,1.4638536
1361.924,1.4635385
1362.51,1.4632237
1363.096,1.4629091
1363.682,1.4625947
1364.268,1.4622804
1364.854,1.4619665
1365.44,1.4616526
1366.026,1.4613391
1366.612,1.4610256
1367.198,1.4607124
1367.784,1.4603995
1368.37,1.4600866
1368.956,1.459774
1369.542,1.4594617
1370.128,1.4591495
1370.714,1.4588375
1371.3,1.4585257
1371.886,1.458214
1372.472,1.4579027
1373.058,1.4575915
1373.644,1.4572805
1374.23,1.4569697
1374.816,1.4566592
1375.402,1.4563488
1375.988,1.4560386
1376.574,1.4557287
1377.16,1.4554188
1377.746,1.4551092
1378.332,1.4547999
1378.918,1.4544907
1379.504,1.4541817
1380.09,1.4538728
1380.676,1.4535643
1381.262,1.4532559
1381.848,1.4529476
1382.434,1.4526396
1383.02,1.4523318
1383.606,1.4520242
1384.192,1.4517168
1384.778,1.4514096
1385.364,1.4511025
1385.95,1.4507957
1386.536,1.450489
1387.122,1.4501827
1387.708,1.4498764
1388.294,1.4495703
1388.88,1.4492645
1389.466,1.4489589
1390.052,1.4486533
1390.638,1.448348
1391.224,1.448043
1391.81,1.4477382
1392.396,1.4474335
1392.982,1.4471289
1393.568,1.4468247
1394.154,1.4465206
1394.74,1.4462166
1395.326,1.445913
1395.912,1.4456093
1396.498,1.4453061
1397.084,1.4450029
1397.67,1.4446999
1398.256,1.4443972
1398.842,1.4440945
1399.428,1.4437922
1400.014,1.44349
1400.6,1.443188
1401.186,1.4428861
1401.772,1.4425845
1402.358,1.4422832
1402.944,1.4419819
1403.53,1.4416809
1404.116,1.44138
1404.702,1.4410793
1405.288,1.4407789
1405.874,1.4404786
1406.46,1.4401784
1407.046,1.4398785
1407.632,1.4395788
1408.218,1.4392792
1408.804,1.4389799
1409.39,1.4386806
1409.976,1.4383818
1410.562,1.4380829
1411.148,1.4377843
1411.734,1.4374859
1412.32,1.4371877
1412.906,1.4368896
1413.492,1.4365917
1414.078,1.4362941
1414.664,1.4359967
1415.25,1.4356992
1415.836,1.4354022
1416.422,1.4351052
1417.008,1.4348085
1417.594,1.4345119
1418.18,1.4342155
1418.766,1.4339193
1419.352,1.4336233
1419.938,1.4333276
1420.524,1.4330318
1421.11,1.4327364
1421.696,1.4324411
1422.282,1.4321461
1422.868,1.4318511
1423.454,1.4315565
1424.04,1.4312619
1424.626,1.4309675
1425.212,1.4306734
1425.798,1.4303793
1426.384,1.4300855
1426.97,1.4297918
1427.556,1.4294984
1428.142,1.4292052
1428.728,1.428912
1429.314,1.4286191
1429.9,1.4283265
1430.486,1.4280339
1431.072,1.4277415
1431.658,1.4274493
1432.244,1.4271573
1432.83,1.4268655
1433.416,1.4265739
1434.002,1.4262824
1434.588,1.4259911
1435.174,1.4256999
1435.76,1.4254091
1436.346,1.4251183
1436.932,1.4248277
1437.518,1.4245373
1438.104,1.4242471
1438.69,1.423957
1439.276,1.4236672
1439.862,1.4233775
1440.448,1.423088
1441.034,1.4227986
1441.62,1.4225096
1442.206,1.4222205
1442.792,1.4219317
1443.378,1.4216431
1443.964,1.4213547
1444.55,1.4210664
1445.136,1.4207783
1445.722,1.4204904
1446.308,1.4202026
1446.894,1.4199151
1447.48,1.4196277
1448.066,1.4193405
1448.652,1.4190534
1449.238,1.4187665
1449.824,1.4184799
1450.41,1.4181933
1450.996,1.417907
1451.582,1.4176208
1452.168,1.4173348
1452.754,1.4170491
1453.34,1.4167633
1453.926,1.4164778
1454.512,1.4161925
1455.098,1.4159075
1455.684,1.4156225
1456.27,1.4153377
1456.856,1.4150531
1457.442,1.4147686
1458.028,1.4144843
1458.614,1.4142003
1459.2,1.4139163
1459.786,1.4136326
1460.372,1.413349
1460.958,1.4130656
1461.544,1.4127823
1462.13,1.4124993
1462.716,1.4122164
1463.302,1.4119337
1463.888,1.411651
1464.474,1.4113686
1465.06,1.4110864
1465.646,1.4108044
1466.232,1.4105225
1466.818,1.4102408
1467.404,1.4099592
1467.99,1.4096779
1468.576,1.4093966
1469.162,1.4091157
1469.748,1.4088348
1470.334,1.4085541
1470.92,1.4082736
1471.506,1.4079932
1472.092,1.4077129
1472.678,1.4074329
1473.264,1.407153
1473.85,1.4068733
1474.436,1.4065938
1475.022,1.4063145
1475.608,1.4060353
1476.194,1.4057562
1476.78,1.4054773
1477.366,1.4051985
1477.952,1.4049197
1478.538,1.4046413
1479.124,1.404363
1479.71,1.4040849
1480.296,1.4038068
1480.882,1.403529
1481.468,1.4032514
1482.054,1.4029739
1482.64,1.4026966
1483.226,1.4024194
1483.812,1.4021424
1484.398,1.4018655
1484.984,1.4015889
1485.57,1.4013124
1486.156,1.401036
1486.742,1.4007599
1487.328,1.4004838
1487.914,1.400208
1488.5,1.3999324
1489.086,1.3996568
1489.672,1.3993815
1490.258,1.3991063
1490.844,1.3988312
1491.43,1.3985564
1492.016,1.3982817
1492.602,1.3980072
1493.188,1.3977327
1493.774,1.3974586
1494.36,1.3971845
1494.946,1.3969105
1495.532,1.3966368
1496.118,1.3963633
1496.704,1.3960899
1497.29,1.3958166
1497.876,1.3955435
1498.462,1.3952706
1499.048,1.3949978
1499.634,1.3947252
1500.22,1.3944527
1500.806,1.3941804
1501.392,1.3939083
1501.978,1.3936363
1502.564,1.3933645
1503.15,1.3930929
1503.736,1.3928214
1504.322,1.3925501
1504.908,1.3922789
1505.494,1.3920078
1506.08,1.391737
1506.666,1.3914663
1507.252,1.3911958
1507.838,1.3909254
1508.424,1.3906552
1509.01,1.390385
1509.596,1.3901151
1510.182,1.3898455
1510.768,1.3895758
1511.354,1.3893064
1511.94,1.3890371
1512.526,1.388768
1513.112,1.388499
1513.698,1.3882302
1514.284,1.3879616
1514.87,1.387693
1515.456,1.3874247
1516.042,1.3871565
1516.628,1.3868885
1517.214,1.3866206
1517.8,1.3863529
1518.386,1.3860853
1518.972,1.385818
1519.558,1.3855506
1520.144,1.3852836
1520.73,1.3850167
1521.316,1.3847499
1521.902,1.3844832
1522.488,1.3842168
1523.074,1.3839504
1523.66,1.3836843
1524.246,1.3834182
1524.832,1.3831524
1525.418,1.3828866
1526.004,1.382621
1526.59,1.3823557
1527.176,1.3820904
1527.762,1.3818253
1528.348,1.3815604
1528.934,1.3812956
1529.52,1.3810309
1530.106,1.3807665
1530.692,1.3805021
1531.278,1.3802379
1531.864,1.3799739
1532.45,1.3797101
1533.036,1.3794463
1533.622,1.3791827
1534.208,1.3789194
1534.794,1.378656
1535.38,1.3783929
1535.966,1.37813
1536.552,1.3778671
1537.138,1.3776045
1537.724,1.377342
1538.31,1.3770796
1538.896,1.3768173
1539.482,1.3765553
1540.068,1.3762933
1540.654,1.3760316
1541.24,1.37577
1541.826,1.3755085
1542.412,1.3752472
1542.998,1.3749859
1543.584,1.374725
1544.17,1.374464
1544.756,1.3742033
1545.342,1.3739427
1545.928,1.3736824
1546.514,1.373422
1547.1,1.3731619
1547.686,1.3729019
1548.272,1.3726422
1548.858,1.3723824
1549.444,1.3721229
1550.03,1.3718635
1550.616,1.3716042
1551.202,1.3713452
1551.788,1.3710862
1552.374,1.3708274
1552.96,1.3705688
1553.546,1.3703102
1554.132,1.3700519
1554.718,1.3697937
1555.304,1.3695356
1555.89,1.3692776
1556.476,1.3690199
1557.062,1.3687623
1557.648,1.3685046
1558.234,1.3682474
1558.82,1.3679901
1559.406,1.3677331
1559.992,1.3674762
1560.578,1.3672194
1561.164,1.3669628
1561.75,1.3667064
1562.336,1.36645
1562.922,1.3661938
1563.508,1.3659378
1564.094,1.3656819
1564.68,1.3654261
1565.266,1.3651705
1565.852,1.364915
1566.438,1.3646597
1567.024,1.3644046
1567.61,1.3641495
1568.196,1.3638946
1568.782,1.3636398
1569.368,1.3633852
1569.954,1.3631308
1570.54,1.3628764
1571.126,1.3626223
1571.712,1.3623682
1572.298,1.3621143
1572.884,1.3618606
1573.47,1.361607
1574.056,1.3613535
1574.642,1.3611002
1575.228,1.360847
1575.814,1.3605939
1576.4,1.3603411
1576.986,1.3600882
1577.572,1.3598356
1578.158,1.3595831
1578.744,1.3593309
1579.33,1.3590786
1579.916,1.3588265
1580.502,1.3585746
1581.088,1.3583229
1581.674,1.3580712
1582.26,1.3578197
1582.846,1.3575684
1583.432,1.3573172
1584.018,1.357066
1584.604,1.3568151
1585.19,1.3565643
1585.776,1.3563137
1586.362,1.3560631
1586.948,1.3558128
1587.534,1.3555626
1588.12,1.3553125
1588.706,1.3550625
1589.292,1.3548126
1589.878,1.3545629
1590.464,1.3543134
1591.05,1.354064
1591.636,1.3538147
1592.222,1.3535656
1592.808,1.3533165
1593.394,1.3530676
1593.98,1.352819
1594.566,1.3525703
1595.152,1.3523219
1595.738,1.3520736
1596.324,1.3518254
1596.91,1.3515774
1597.496,1.3513294
1598.082,1.3510816
1598.668,1.350834
1599.254,1.3505865
1599.84,1.3503392
1600.426,1.3500919
1601.012,1.3498448
1601.598,1.3495979
1602.184,1.349351
1602.77,1.3491044
1603.356,1.3488579
1603.942,1.3486115
1604.528,1.3483652
1605.114,1.348119
1605.7,1.347873
1606.286,1.3476272
1606.872,1.3473815
1607.458,1.3471358
1608.044,1.3468903
1608.63,1.346645
1609.216,1.3463998
1609.802,1.3461547
1610.388,1.3459098
1610.974,1.345665
1611.56,1.3454204
1612.146,1.3451757
1612.732,1.3449314
1613.318,1.3446871
1613.904,1.344443
1614.49,1.3441991
1615.076,1.3439552
1615.662,1.3437114
1616.248,1.3434678
1616.834,1.3432243
1617.42,1.342981
1618.006,1.3427378
1618.592,1.3424947
1619.178,1.3422518
1619.764,1.3420089
1620.35,1.3417662
1620.936,1.3415238
1621.522,1.3412813
1622.108,1.3410391
1622.694,1.3407969
1623.28,1.3405548
1623.866,1.340313
1624.452,1.3400712
1625.038,1.3398296
1625.624,1.3395882
1626.21,1.3393468
1626.796,1.3391055
1627.382,1.3388644
1627.968,1.3386234
1628.554,1.3383826
1629.14,1.3381419
1629.726,1.3379014
1630.312,1.3376608
1630.898,1.3374205
1631.484,1.3371804
1632.07,1.3369403
1632.656,1.3367003
1633.242,1.3364605
1633.828,1.3362209
1634.414,1.3359812
1635,1.3357419
1635.586,1.3355025
1636.172,1.3352634
1636.758,1.3350244
1637.344,1.3347855
1637.93,1.3345467
1638.516,1.334308
1639.102,1.3340695
1639.688,1.3338311
1640.274,1.3335928
1640.86,1.3333547
1641.446,1.3331167
1642.032,1.3328788
1642.618,1.332641
1643.204,1.3324034
1643.79,1.332166
1644.376,1.3319285
1644.962,1.3316913
1645.548,1.3314542
1646.134,1.3312172
1646.72,1.3309803
1647.306,1.3307436
1647.892,1.3305069
1648.478,1.3302704
1649.064,1.3300341
1649.65,1.3297979
1650.236,1.3295617
1650.822,1.3293257
1651.408,1.3290899
1651.994,1.3288542
1652.58,1.3286185
1653.166,1.3283831
1653.752,1.3281476
1654.338,1.3279124
1654.924,1.3276774
1655.51,1.3274424
1656.096,1.3272076
1656.682,1.3269727
1657.268,1.3267381
1657.854,1.3265036
1658.44,1.3262694
1659.026,1.3260351
1659.612,1.325801
1660.198,1.325567
1660.784,1.3253331
1661.37,1.3250993
1661.956,1.3248657
1662.542,1.3246323
1663.128,1.3243989
1663.714,1.3241657
1664.3,1.3239325
1664.886,1.3236995
1665.472,1.3234667
1666.058,1.3232338
1666.644,1.3230013
1667.23,1.3227687
1667.816,1.3225363
1668.402,1.3223041
1668.988,1.3220719
1669.574,1.3218399
1670.16,1.3216081
1670.746,1.3213762
1671.332,1.3211446
1671.918,1.3209131
1672.504,1.3206816
1673.09,1.3204503
1673.676,1.3202192
1674.262,1.3199881
1674.848,1.3197572
1675.434,1.3195263
1676.02,1.3192958
1676.606,1.3190651
1677.192,1.3188347
1677.778,1.3186044
1678.364,1.3183742
1678.95,1.3181441
1679.536,1.3179141
1680.122,1.3176843
1680.708,1.3174546
1681.294,1.317225
1681.88,1.3169955
1682.466,1.3167661
1683.052,1.3165369
1683.638,1.3163078
1684.224,1.3160788
1684.81,1.3158499
1685.396,1.3156211
1685.982,1.3153925
1686.568,1.315164
1687.154,1.3149356
1687.74,1.3147073
1688.326,1.3144791
1688.912,1.3142511
1689.498,1.3140231
1690.084,1.3137953
1690.67,1.3135676
1691.256,1.3133401
1691.842,1.3131126
1692.428,1.3128853
1693.014,1.3126581
1693.6,1.312431
1694.186,1.3122039
1694.772,1.311977
1695.358,1.3117503
1695.944,1.3115237
1696.53,1.3112972
1697.116,1.3110708
1697.702,1.3108445
1698.288,1.3106184
1698.874,1.3103923
1699.46,1.3101664
1700.046,1.3099406
1700.632,1.3097149
1701.218,1.3094893
1701.804,1.3092638
1702.39,1.3090385
1702.976,1.3088132
1703.562,1.3085881
1704.148,1.3083631
1704.734,1.3081383
1705.32,1.3079135
1705.906,1.3076888
1706.492,1.3074644
1707.078,1.3072399
1707.664,1.3070155
1708.25,1.3067914
1708.836,1.3065673
1709.422,1.3063433
1710.008,1.3061196
1710.594,1.3058958
1711.18,1.3056722
1711.766,1.3054487
1712.352,1.3052254
1712.938,1.305002
1713.524,1.3047788
1714.11,1.3045559
1714.696,1.3043329
1715.282,1.3041101
1715.868,1.3038874
1716.454,1.3036648
1717.04,1.3034424
1717.626,1.30322
1718.212,1.3029977
1718.798,1.3027756
1719.384,1.3025537
1719.97,1.3023317
1720.556,1.30211
1721.142,1.3018882
1721.728,1.3016667
1722.314,1.3014452
1722.9,1.3012239
1723.486,1.3010027
1724.072,1.3007816
1724.658,1.3005606
1725.244,1.3003397
1725.83,1.3001189
1726.416,1.2998983
1727.002,1.2996777
1727.588,1.2994573
1728.174,1.299237
1728.76,1.2990167
1729.346,1.2987967
1729.932,1.2985767
1730.518,1.2983568
1731.104,1.2981371
1731.69,1.2979174
1732.276,1.2976978
1732.862,1.2974784
1733.448,1.2972591
1734.034,1.2970399
1734.62,1.2968208
1735.206,1.2966018
1735.792,1.2963829
1736.378,1.2961642
1736.964,1.2959455
1737.55,1.295727
1738.136,1.2955085
1738.722,1.2952902
1739.308,1.295072
1739.894,1.2948539
1740.48,1.2946359
1741.066,1.294418
1741.652,1.2942003
1742.238,1.2939826
1742.824,1.2937651
1743.41,1.2935476
1743.996,1.2933303
1744.582,1.293113
1745.168,1.2928959
1745.754,1.292679
1746.34,1.292462
1746.926,1.2922453
1747.512,1.2920285
1748.098,1.2918119
1748.684,1.2915956
1749.27,1.2913792
1749.856,1.291163
1750.442,1.2909468
1751.028,1.2907308
1751.614,1.2905148
1752.2,1.2902991
1752.786,1.2900834
1753.372,1.2898678
1753.958,1.2896523
1754.544,1.2894369
1755.13,1.2892216
1755.716,1.2890065
1756.302,1.2887914
1756.888,1.2885765
1757.474,1.2883617
1758.06,1.2881469
1758.646,1.2879323
1759.232,1.2877178
1759.818,1.2875034
1760.404,1.287289
1760.99,1.2870749
1761.576,1.2868608
1762.162,1.2866468
1762.748,1.2864329
1763.334,1.2862191
1763.92,1.2860055
1764.506,1.285792
1765.092,1.2855785
1765.678,1.2853651
1766.264,1.285152
1766.85,1.2849388
1767.436,1.2847258
1768.022,1.2845129
1768.608,1.2843
1769.194,1.2840873
1769.78,1.2838748
1770.366,1.2836622
1770.952,1.2834499
1771.538,1.2832376
1772.124,1.2830254
1772.71,1.2828133
1773.296,1.2826014
1773.882,1.2823894
1774.468,1.2821777
1775.054,1.2819661
1775.64,1.2817545
1776.226,1.281543
1776.812,1.2813318
1777.398,1.2811204
1777.984,1.2809093
1778.57,1.2806983
1779.156,1.2804874
1779.742,1.2802765
1780.328,1.2800659
1780.914,1.2798553
1781.5,1.2796447
1782.086,1.2794343
1782.672,1.279224
1783.258,1.2790139
1783.844,1.2788037
1784.43,1.2785938
1785.016,1.2783839
1785.602,1.278174
1786.188,1.2779644
1786.774,1.2777548
1787.36,1.2775453
1787.946,1.277336
1788.532,1.2771267
1789.118,1.2769176
1789.704,1.2767085
1790.29,1.2764995
1790.876,1.2762907
1791.462,1.2760819
1792.048,1.2758733
1792.634,1.2756647
1793.22,1.2754563
1793.806,1.2752479
1794.392,1.2750397
1794.978,1.2748315
1795.564,1.2746235
1796.15,1.2744155
1796.736,1.2742077
1797.322,1.2739999
1797.908,1.2737924
1798.494,1.2735848
1799.08,1.2733774
1799.666,1.27317
1800.252,1.2729628
1800.838,1.2727557
1801.424,1.2725487
1802.01,1.2723417
1802.596,1.2721349
1803.182,1.2719282
1803.768,1.2717216
1804.354,1.271515
1804.94,1.2713087
1805.526,1.2711023
1806.112,1.2708961
1806.698,1.27069
1807.284,1.270484
1807.87,1.270278
1808.456,1.2700722
1809.042,1.2698665
1809.628,1.2696608
1810.214,1.2694553
1810.8,1.2692499
1811.386,1.2690446
1811.972,1.2688394
1812.558,1.2686342
1813.144,1.2684293
1813.73,1.2682244
1814.316,1.2680194
1814.902,1.2678148
1815.488,1.2676101
1816.074,1.2674056
1816.66,1.2672012
1817.246,1.2669969
1817.832,1.2667927
1818.418,1.2665884
1819.004,1.2663845
1819.59,1.2661805
1820.176,1.2659767
1820.762,1.2657729
1821.348,1.2655693
1821.934,1.2653657
1822.52,1.2651623
1823.106,1.264959
1823.692,1.2647557
1824.278,1.2645526
1824.864,1.2643496
1825.45,1.2641466
1826.036,1.2639438
1826.622,1.263741
1827.208,1.2635384
1827.794,1.2633357
1828.38,1.2631333
1828.966,1.2629309
1829.552,1.2627287
1830.138,1.2625265
1830.724,1.2623243
1831.31,1.2621224
1831.896,1.2619206
1832.482,1.2617188
1833.068,1.261517
1833.654,1.2613155
1834.24,1.261114
1834.826,1.2609125
1835.412,1.2607113
1835.998,1.2605101
1836.584,1.260309
1837.17,1.2601079
1837.756,1.259907
1838.342,1.2597061
1838.928,1.2595055
1839.514,1.2593049
1840.1,1.2591043
1840.686,1.2589039
1841.272,1.2587035
1841.858,1.2585033
1842.444,1.2583032
1843.03,1.258103
1843.616,1.2579031
1844.202,1.2577032
1844.788,1.2575035
1845.374,1.2573038
1845.96,1.2571042
1846.546,1.2569047
1847.132,1.2567053
1847.718,1.256506
1848.304,1.2563069
1848.89,1.2561077
1849.476,1.2559087
1850.062,1.2557098
1850.648,1.2555109
1851.234,1.2553122
1851.82,1.2551136
1852.406,1.2549151
1852.992,1.2547166
1853.578,1.2545183
1854.164,1.25432
1854.75,1.2541219
1855.336,1.2539238
1855.922,1.2537258
1856.508,1.253528
1857.094,1.2533301
1857.68,1.2531325
1858.266,1.2529348
1858.852,1.2527374
1859.438,1.2525399
1860.024,1.2523426
1860.61,1.2521454
1861.196,1.2519482
1861.782,1.2517512
1862.368,1.2515543
1862.954,1.2513574
1863.54,1.2511606
1864.126,1.2509639
1864.712,1.2507674
1865.298,1.2505709
1865.884,1.2503746
1866.47,1.2501782
1867.056,1.249982
1867.642,1.2497859
1868.228,1.2495898
1868.814,1.2493939
1869.4,1.2491981
1869.986,1.2490023
1870.572,1.2488067
1871.158,1.2486111
1871.744,1.2484156
1872.33,1.2482203
1872.916,1.2480251
1873.502,1.2478298
1874.088,1.2476346
1874.674,1.2474397
1875.26,1.2472448
1875.846,1.2470499
1876.432,1.2468551
1877.018,1.2466605
1877.604,1.246466
1878.19,1.2462715
1878.776,1.2460772
1879.362,1.2458829
1879.948,1.2456887
1880.534,1.2454946
1881.12,1.2453005
1881.706,1.2451067
1882.292,1.2449129
1882.878,1.244719
1883.464,1.2445254
1884.05,1.2443318
1884.636,1.2441385
1885.222,1.243945
1885.808,1.2437518
1886.394,1.2435585
1886.98,1.2433654
1887.566,1.2431724
1888.152,1.2429795
1888.738,1.2427866
1889.324,1.2425939
1889.91,1.2424012
1890.496,1.2422087
1891.082,1.2420162
1891.668,1.2418238
1892.254,1.2416315
1892.84,1.2414393
1893.426,1.2412472
1894.012,1.2410551
1894.598,1.2408632
1895.184,1.2406714
1895.77,1.2404796
1896.356,1.2402879
1896.942,1.2400963
1897.528,1.2399049
1898.114,1.2397134
1898.7,1.2395221
1899.286,1.2393309
1899.872,1.2391397
1900.458,1.2389487
1901.044,1.2387577
1901.63,1.2385668
1902.216,1.238376
1902.802,1.2381853
1903.388,1.2379947
1903.974,1.2378042
1904.56,1.2376137
1905.146,1.2374234
1905.732,1.2372332
1906.318,1.2370429
1906.904,1.2368529
1907.49,1.2366629
1908.076,1.236473
1908.662,1.2362832
1909.248,1.2360934
1909.834,1.2359037
1910.42,1.2357142
1911.006,1.2355247
1911.592,1.2353354
1912.178,1.235146
1912.764,1.2349567
1913.35,1.2347677
1913.936,1.2345786
1914.522,1.2343897
1915.108,1.2342008
1915.694,1.234012
1916.28,1.2338233
1916.866,1.2336347
1917.452,1.2334462
1918.038,1.2332578
1918.624,1.2330694
1919.21,1.2328812
1919.796,1.232693
1920.382,1.2325048
1920.968,1.2323169
1921.554,1.232129
1922.14,1.2319411
1922.726,1.2317533
1923.312,1.2315657
1923.898,1.2313782
1924.484,1.2311907
1925.07,1.2310033
1925.656,1.230816
1926.242,1.2306287
1926.828,1.2304416
1927.414,1.2302545
1928,1.2300676
1928.586,1.2298807
1929.172,1.2296939
1929.758,1.2295072
1930.344,1.2293205
1930.93,1.229134
1931.516,1.2289475
1932.102,1.2287611
1932.688,1.2285749
1933.274,1.2283887
1933.86,1.2282025
1934.446,1.2280165
1935.032,1.2278305
1935.618,1.2276447
1936.204,1.2274588
1936.79,1.2272731
1937.376,1.2270875
1937.962,1.226902
1938.548,1.2267165
1939.134,1.2265311
1939.72,1.2263459
1940.306,1.2261606
1940.892,1.2259756
1941.478,1.2257906
1942.064,1.2256056
1942.65,1.2254207
1943.236,1.2252359
1943.822,1.2250513
1944.408,1.2248666
1944.994,1.2246822
1945.58,1.2244977
1946.166,1.2243134
1946.752,1.2241291
1947.338,1.2239449
1947.924,1.2237607
1948.51,1.2235768
1949.096,1.2233928
1949.682,1.2232089
1950.268,1.2230251
1950.854,1.2228415
1951.44,1.2226578
1952.026,1.2224743
1952.612,1.2222909
1953.198,1.2221075
1953.784,1.2219242
1954.37,1.221741
1954.956,1.2215579
1955.542,1.2213749
1956.128,1.2211919
1956.714,1.221009
1957.3,1.2208263
1957.886,1.2206435
1958.472,1.2204609
1959.058,1.2202784
1959.644,1.220096
1960.23,1.2199135
1960.816,1.2197312
1961.402,1.2195491
1961.988,1.2193669
1962.574,1.2191849
1963.16,1.2190028
1963.746,1.218821
1964.332,1.2186391
1964.918,1.2184575
1965.504,1.2182758
1966.09,1.2180942
1966.676,1.2179128
1967.262,1.2177314
1967.848,1.21755
1968.434,1.2173688
1969.02,1.2171876
1969.606,1.2170066
1970.192,1.2168256
1970.778,1.2166446
1971.364,1.2164638
1971.95,1.2162831
1972.536,1.2161025
1973.122,1.2159219
1973.708,1.2157413
1974.294,1.2155609
1974.88,1.2153805
1975.466,1.2152003
1976.052,1.2150201
1976.638,1.2148399
1977.224,1.2146599
1977.81,1.21448
1978.396,1.2143002
1978.982,1.2141204
1979.568,1.2139406
1980.154,1.213761
1980.74,1.2135814
1981.326,1.213402
1981.912,1.2132226
1982.498,1.2130433
1983.084,1.212864
1983.67,1.2126849
1984.256,1.2125058
1984.842,1.2123269
1985.428,1.212148
1986.014,1.2119691
1986.6,1.2117903
1987.186,1.2116116
1987.772,1.2114331
1988.358,1.2112546
1988.944,1.2110761
1989.53,1.2108978
1990.116,1.2107195
1990.702,1.2105412
1991.288,1.2103631
1991.874,1.2101852
1992.46,1.2100072
1993.046,1.2098293
1993.632,1.2096515
1994.218,1.2094737
1994.804,1.2092961
1995.39,1.2091185
1995.976,1.208941
1996.562,1.2087636
1997.148,1.2085863
1997.734,1.208409
1998.32,1.2082318
1998.906,1.2080547
1999.492,1.2078778
2000.078,1.2077007
2000.664,1.2075239
2001.25,1.2073472
2001.836,1.2071704
2002.422,1.2069938
2003.008,1.2068172
2003.594,1.2066407
2004.18,1.2064643
2004.766,1.206288
2005.352,1.2061117
2005.938,1.2059356
2006.524,1.2057595
2007.11,1.2055835
2007.696,1.2054075
2008.282,1.2052317
2008.868,1.2050558
2009.454,1.2048801
2010.04,1.2047045
2010.626,1.2045289
2011.212,1.2043535
2011.798,1.2041781
2012.384,1.2040027
2012.97,1.2038275
2013.556,1.2036524
2014.142,1.2034773
2014.728,1.2033023
2015.314,1.2031273
2015.9,1.2029525
2016.486,1.2027776
2017.072,1.202603
2017.658,1.2024283
2018.244,1.2022537
2018.83,1.2020793
2019.416,1.2019049
2020.002,1.2017305
2020.588,1.2015562
2021.174,1.2013822
2021.76,1.201208
2022.346,1.2010339
2022.932,1.20086
2023.518,1.2006861
2024.104,1.2005123
2024.69,1.2003386
2025.276,1.200165
2025.862,1.1999913
2026.448,1.1998179
2027.034,1.1996444
2027.62,1.1994711
2028.206,1.1992979
2028.792,1.1991247
2029.378,1.1989516
2029.964,1.1987785
2030.55,1.1986055
2031.136,1.1984327
2031.722,1.1982598
2032.308,1.1980871
2032.894,1.1979144
2033.48,1.1977417
2034.066,1.1975693
2034.652,1.1973968
2035.238,1.1972245
2035.824,1.1970521
2036.41,1.19688
2036.996,1.1967078
2037.582,1.1965357
2038.168,1.1963637
2038.754,1.1961918
2039.34,1.1960199
2039.926,1.1958481
2040.512,1.1956764
2041.098,1.1955048
2041.684,1.1953332
2042.27,1.1951618
2042.856,1.1949904
2043.442,1.1948191
2044.028,1.1946478
2044.614,1.1944766
2045.2,1.1943054
2045.786,1.1941345
2046.372,1.1939635
2046.958,1.1937926
2047.544,1.1936218
2048.13,1.193451
2048.716,1.1932803
2049.302,1.1931098
2049.888,1.1929393
2050.474,1.1927688
2051.06,1.1925985
2051.646,1.1924281
2052.232,1.1922579
2052.818,1.1920878
2053.404,1.1919177
2053.99,1.1917477
2054.576,1.1915777
2055.162,1.1914078
2055.748,1.191238
2056.334,1.1910683
2056.92,1.1908987
2057.506,1.1907291
2058.092,1.1905596
2058.678,1.1903901
2059.264,1.1902208
2059.85,1.1900516
2060.436,1.1898823
2061.022,1.1897131
2061.608,1.1895441
2062.194,1.189375
2062.78,1.1892062
2063.366,1.1890373
2063.952,1.1888685
2064.538,1.1886998
2065.124,1.1885312
2065.71,1.1883626
2066.296,1.1881942
2066.882,1.1880257
2067.468,1.1878574
2068.054,1.1876891
2068.64,1.187521
2069.226,1.1873528
2069.812,1.1871847
2070.398,1.1870167
2070.984,1.1868489
2071.57,1.186681
2072.156,1.1865132
2072.742,1.1863455
2073.328,1.1861778
2073.914,1.1860102
2074.5,1.1858429
2075.086,1.1856754
2075.672,1.185508
2076.258,1.1853408
2076.844,1.1851735
2077.43,1.1850065
2078.016,1.1848394
2078.602,1.1846724
2079.188,1.1845055
2079.774,1.1843386
2080.36,1.1841718
2080.946,1.1840051
2081.532,1.1838385
2082.118,1.183672
2082.704,1.1835054
2083.29,1.183339
2083.876,1.1831726
2084.462,1.1830063
2085.048,1.1828401
2085.634,1.1826739
2086.22,1.1825079
2086.806,1.1823419
2087.392,1.182176
2087.978,1.1820101
2088.564,1.1818444
2089.15,1.1816785
2089.736,1.181513
2090.322,1.1813474
2090.908,1.1811818
2091.494,1.1810164
2092.08,1.180851
2092.666,1.1806858
2093.252,1.1805204
2093.838,1.1803553
2094.424,1.1801902
2095.01,1.1800251
2095.596,1.1798602
2096.182,1.1796952
2096.768,1.1795305
2097.354,1.1793658
2097.94,1.1792011
2098.526,1.1790365
2099.112,1.1788719
2099.698,1.1787075
2100.284,1.178543
2100.87,1.1783787
2101.456,1.1782144
2102.042,1.1780502
2102.628,1.1778861
2103.214,1.1777221
2103.8,1.1775581
2104.386,1.1773942
2104.972,1.1772302
2105.558,1.1770664
2106.144,1.1769028
2106.73,1.1767391
2107.316,1.1765755
2107.902,1.176412
2108.488,1.1762486
2109.074,1.1760852
2109.66,1.1759219
2110.246,1.1757586
2110.832,1.1755955
2111.418,1.1754324
2112.004,1.1752694
2112.59,1.1751064
2113.176,1.1749434
2113.762,1.1747806
2114.348,1.1746179
2114.934,1.1744552
2115.52,1.1742924
2116.106,1.1741298
2116.692,1.1739672
2117.278,1.1738048
2117.864,1.1736423
2118.45,1.1734799
2119.036,1.1733177
2119.622,1.1731554
2120.208,1.1729932
2120.794,1.1728312
2121.38,1.1726691
2121.966,1.172507
2122.552,1.1723452
2123.138,1.1721834
2123.724,1.1720216
2124.31,1.1718599
2124.896,1.1716983
2125.482,1.1715367
2126.068,1.1713752
2126.654,1.1712137
2127.24,1.1710525
2127.826,1.170891
2128.412,1.1707299
2128.998,1.1705687
2129.584,1.1704077
2130.17,1.1702466
2130.756,1.1700855
2131.342,1.1699247
2131.928,1.1697639
2132.514,1.1696031
2133.1,1.1694424
2133.686,1.1692818
2134.272,1.1691213
2134.858,1.1689607
2135.444,1.1688002
2136.03,1.1686399
2136.616,1.1684797
2137.202,1.1683193
2137.788,1.1681592
2138.374,1.1679991
2138.96,1.1678391
2139.546,1.1676791
2140.132,1.1675192
2140.718,1.1673594
2141.304,1.1671996
2141.89,1.1670399
2142.476,1.1668802
2143.062,1.1667206
2143.648,1.1665611
2144.234,1.1664016
2144.82,1.1662422
2145.406,1.166083
2145.992,1.1659237
2146.578,1.1657646
2147.164,1.1656054
2147.75,1.1654464
2148.336,1.1652874
2148.922,1.1651285
2149.508,1.1649696
2150.094,1.1648108
2150.68,1.1646521
2151.266,1.1644934
2151.852,1.1643348
2152.438,1.1641762
2153.024,1.1640178
2153.61,1.1638594
2154.196,1.1637011
2154.782,1.1635427
2155.368,1.1633846
2155.954,1.1632265
2156.54,1.1630683
2157.126,1.1629103
2157.712,1.1627524
2158.298,1.1625944
2158.884,1.1624367
2159.47,1.1622789
2160.056,1.1621212
2160.642,1.1619636
2161.228,1.161806
2161.814,1.1616485
2162.4,1.161491
2162.986,1.1613337
2163.572,1.1611764
2164.158,1.1610192
2164.744,1.160862
2165.33,1.1607049
2165.916,1.1605479
2166.502,1.1603909
2167.088,1.1602339
2167.674,1.160077
2168.26,1.1599202
2168.846,1.1597635
2169.432,1.1596068
2170.018,1.1594503
2170.604,1.1592937
2171.19,1.1591372
2171.776,1.1589808
2172.362,1.1588244
2172.948,1.1586682
2173.534,1.1585119
2174.12,1.1583557
2174.706,1.1581997
2175.292,1.1580436
2175.878,1.1578877
2176.464,1.1577318
2177.05,1.1575758
2177.636,1.1574202
2178.222,1.1572644
2178.808,1.1571088
2179.394,1.1569531
2179.98,1.1567976
2180.566,1.1566422
2181.152,1.1564867
2181.738,1.1563314
2182.324,1.1561761
2182.91,1.1560209
2183.496,1.1558658
2184.082,1.1557107
2184.668,1.1555556
2185.254,1.1554006
2185.84,1.1552458
2186.426,1.1550909
2187.012,1.1549361
2187.598,1.1547815
2188.184,1.1546267
2188.77,1.1544721
2189.356,1.1543176
2189.942,1.1541632
2190.528,1.1540087
2191.114,1.1538544
2191.7,1.1537001
2192.286,1.153546
2192.872,1.1533918
2193.458,1.1532377
2194.044,1.1530837
2194.63,1.1529297
2195.216,1.1527758
2195.802,1.1526219
2196.388,1.1524681
2196.974,1.1523144
2197.56,1.1521608
2198.146,1.1520072
2198.732,1.1518536
2199.318,1.1517001
2199.904,1.1515467
2200.49,1.1513934
2201.076,1.1512401
2201.662,1.1510868
2202.248,1.1509336
2202.834,1.1507806
2203.42,1.1506275
2204.006,1.1504745
2204.592,1.1503216
2205.178,1.1501688
2205.764,1.150016
2206.35,1.1498632
2206.936,1.1497105
2207.522,1.1495579
2208.108,1.1494054
2208.694,1.1492529
2209.28,1.1491004
2209.866,1.1489481
2210.452,1.1487957
2211.038,1.1486435
2211.624,1.1484913
2212.21,1.1483392
2212.796,1.148187
2213.382,1.148035
2213.968,1.1478831
2214.554,1.1477312
2215.14,1.1475794
2215.726,1.1474277
2216.312,1.1472759
2216.898,1.1471243
2217.484,1.1469727
2218.07,1.1468211
2218.656,1.1466697
2219.242,1.1465182
2219.828,1.146367
2220.414,1.1462157
2221,1.1460644
2221.586,1.1459132
2222.172,1.1457621
2222.758,1.145611
2223.344,1.1454601
2223.93,1.1453092
2224.516,1.1451583
2225.102,1.1450075
2225.688,1.1448568
2226.274,1.144706
2226.86,1.1445554
2227.446,1.1444049
2228.032,1.1442543
2228.618,1.1441039
2229.204,1.1439536
2229.79,1.1438032
2230.376,1.1436529
2230.962,1.1435027
2231.548,1.1433526
2232.134,1.1432024
2232.72,1.1430525
2233.306,1.1429025
2233.892,1.1427525
2234.478,1.1426027
2235.064,1.1424528
2235.65,1.1423031
2236.236,1.1421535
2236.822,1.1420039
2237.408,1.1418543
2237.994,1.1417048
2238.58,1.1415554
2239.166,1.1414059
2239.752,1.1412567
2240.338,1.1411073
2240.924,1.1409582
2241.51,1.1408091
2242.096,1.1406599
2242.682,1.1405109
2243.268,1.1403619
2243.854,1.140213
2244.44,1.1400642
2245.026,1.1399153
2245.612,1.1397667
2246.198,1.139618
2246.784,1.1394694
2247.37,1.1393207
2247.956,1.1391723
2248.542,1.1390238
2249.128,1.1388755
2249.714,1.1387271
2250.3,1.1385789
2250.886,1.1384306
2251.472,1.1382825
2252.058,1.1381344
2252.644,1.1379863
2253.23,1.1378384
2253.816,1.1376904
2254.402,1.1375426
2254.988,1.1373948
2255.574,1.1372471
2256.16,1.1370994
2256.746,1.1369517
2257.332,1.1368041
2257.918,1.1366566
2258.504,1.1365092
2259.09,1.1363617
2259.676,1.1362145
2260.262,1.1360672
2260.848,1.1359199
2261.434,1.1357727
2262.02,1.1356256
2262.606,1.1354786
2263.192,1.1353315
2263.778,1.1351846
2264.364,1.1350378
2264.95,1.1348909
2265.536,1.1347442
2266.122,1.1345974
2266.708,1.1344508
2267.294,1.1343042
2267.88,1.1341577
2268.466,1.1340111
2269.052,1.1338648
2269.638,1.1337184
2270.224,1.1335721
2270.81,1.1334258
2271.396,1.1332796
2271.982,1.1331335
2272.568,1.1329874
2273.154,1.1328413
2273.74,1.1326954
2274.326,1.1325494
2274.912,1.1324036
2275.498,1.1322578
2276.084,1.132112
2276.67,1.1319664
2277.256,1.1318207
2277.842,1.1316751
2278.428,1.1315297
2279.014,1.1313841
2279.6,1.1312388
2280.186,1.1310934
2280.772,1.1309482
2281.358,1.1308029
2281.944,1.1306577
2282.53,1.1305126
2283.116,1.1303675
2283.702,1.1302224
2284.288,1.1300776
2284.874,1.1299326
2285.46,1.1297878
2286.046,1.129643
2286.632,1.1294982
2287.218,1.1293536
2287.804,1.129209
2288.39,1.1290644
2288.976,1.12892
2289.562,1.1287755
2290.148,1.1286311
2290.734,1.1284868
2291.32,1.1283425
2291.906,1.1281983
2292.492,1.128054
2293.078,1.1279099
2293.664,1.1277659
2294.25,1.1276219
2294.836,1.1274779
2295.422,1.127334
2296.008,1.1271901
2296.594,1.1270463
2297.18,1.1269026
2297.766,1.1267589
2298.352,1.1266153
2298.938,1.1264718
2299.524,1.1263282
2300.11,1.1261848
2300.696,1.1260414
2301.282,1.1258981
2301.868,1.1257548
2302.454,1.1256115
2303.04,1.1254684
2303.626,1.1253253
2304.212,1.1251822
2304.798,1.1250392
2305.384,1.1248962
2305.97,1.1247534
2306.556,1.1246104
2307.142,1.1244676
2307.728,1.1243249
2308.314,1.1241822
2308.9,1.1240396
2309.486,1.123897
2310.072,1.1237545
2310.658,1.123612
2311.244,1.1234696
2311.83,1.1233273
2312.416,1.1231849
2313.002,1.1230427
2313.588,1.1229005
2314.174,1.1227584
2314.76,1.1226163
2315.346,1.1224743
2315.932,1.1223323
2316.518,1.1221904
2317.104,1.1220485
2317.69,1.1219066
2318.276,1.1217649
2318.862,1.1216232
2319.448,1.1214815
2320.034,1.1213399
2320.62,1.1211984
2321.206,1.1210569
2321.792,1.1209155
2322.378,1.120774
2322.964,1.1206328
2323.55,1.1204915
2324.136,1.1203502
2324.722,1.1202091
2325.308,1.120068
2325.894,1.1199269
2326.48,1.1197859
2327.066,1.119645
2327.652,1.1195041
2328.238,1.1193632
2328.824,1.1192224
2329.41,1.1190817
2329.996,1.1189411
2330.582,1.1188004
2331.168,1.1186599
2331.754,1.1185193
2332.34,1.1183788
2332.926,1.1182384
2333.512,1.118098
2334.098,1.1179577
2334.684,1.1178175
2335.27,1.1176772
2335.856,1.117537
2336.442,1.117397
2337.028,1.1172569
2337.614,1.1171169
2338.2,1.116977
2338.786,1.1168371
2339.372,1.1166973
2339.958,1.1165575
2340.544,1.1164178
2341.13,1.1162782
2341.716,1.1161385
2342.302,1.115999
2342.888,1.1158594
2343.474,1.1157199
2344.06,1.1155806
2344.646,1.1154412
2345.232,1.1153018
2345.818,1.1151626
2346.404,1.1150234
2346.99,1.1148843
2347.576,1.1147451
2348.162,1.1146061
2348.748,1.1144671
2349.334,1.1143281
2349.92,1.1141893
2350.506,1.1140504
2351.092,1.1139116
2351.678,1.1137729
2352.264,1.1136341
2352.85,1.1134953
2353.436,1.1133567
2354.022,1.1132181
2354.608,1.1130795
2355.194,1.1129409
2355.78,1.1128025
2356.366,1.1126641
2356.952,1.1125257
2357.538,1.1123873
2358.124,1.112249
2358.71,1.1121109
2359.296,1.1119727
2359.882,1.1118345
2360.468,1.1116965
2361.054,1.1115584
2361.64,1.1114205
2362.226,1.1112826
2362.812,1.1111447
2363.398,1.1110069
2363.984,1.1108692
2364.57,1.1107315
2365.156,1.1105938
2365.742,1.1104561
2366.328,1.1103187
2366.914,1.1101811
2367.5,1.1100436
2368.086,1.1099062
2368.672,1.109769
2369.258,1.1096317
2369.844,1.1094943
2370.43,1.1093571
2371.016,1.10922
2371.602,1.1090829
2372.188,1.1089458
2372.774,1.1088089
2373.36,1.1086719
2373.946,1.1085351
2374.532,1.1083982
2375.118,1.1082615
2375.704,1.1081247
2376.29,1.107988
2376.876,1.1078514
2377.462,1.1077148
2378.048,1.1075783
2378.634,1.1074418
2379.22,1.1073054
2379.806,1.107169
2380.392,1.1070327
2380.978,1.1068964
2381.564,1.1067601
2382.15,1.106624
2382.736,1.1064879
2383.322,1.1063517
2383.908,1.1062157
2384.494,1.1060798
2385.08,1.1059438
2385.666,1.105808
2386.252,1.1056721
2386.838,1.1055365
2387.424,1.1054007
2388.01,1.105265
2388.596,1.1051294
2389.182,1.1049938
2389.768,1.1048583
2390.354,1.1047229
2390.94,1.1045873
2391.526,1.104452
2392.112,1.1043167
2392.698,1.1041814
2393.284,1.1040462
2393.87,1.103911
2394.456,1.1037759
2395.042,1.1036408
2395.628,1.1035057
2396.214,1.1033708
2396.8,1.1032358
2397.386,1.103101
2397.972,1.1029662
2398.558,1.1028314
2399.144,1.1026967
2399.73,1.1025621
2400.316,1.1024274
2400.902,1.1022928
2401.488,1.1021583
2402.074,1.1020238
2402.66,1.1018894
2403.246,1.101755
2403.832,1.1016207
2404.418,1.1014864
2405.004,1.1013522
2405.59,1.101218
2406.176,1.1010839
2406.762,1.1009498
2407.348,1.1008158
2407.934,1.1006818
2408.52,1.1005479
2409.106,1.1004139
2409.692,1.1002802
2410.278,1.1001463
2410.864,1.1000127
2411.45,1.0998789
2412.036,1.0997453
2412.622,1.0996116
2413.208,1.0994781
2413.794,1.0993446
2414.38,1.0992112
2414.966,1.0990778
2415.552,1.0989444
2416.138,1.0988113
2416.724,1.0986779
2417.31,1.0985447
2417.896,1.0984116
2418.482,1.0982785
2419.068,1.0981455
2419.654,1.0980124
2420.24,1.0978795
2420.826,1.0977466
2421.412,1.0976137
2421.998,1.0974809
2422.584,1.0973481
2423.17,1.0972154
2423.756,1.0970827
2424.342,1.0969502
2424.928,1.0968176
2425.514,1.0966851
2426.1,1.0965526
2426.686,1.0964202
2427.272,1.0962878
2427.858,1.0961555
2428.444,1.0960232
2429.03,1.095891
2429.616,1.0957588
2430.202,1.0956267
2430.788,1.0954946
2431.374,1.0953625
2431.96,1.0952306
2432.546,1.0950986
2433.132,1.0949668
2433.718,1.0948349
2434.304,1.0947031
2434.89,1.0945714
2435.476,1.0944396
2436.062,1.094308
2436.648,1.0941764
2437.234,1.0940448
2437.82,1.0939133
2438.406,1.0937818
2438.992,1.0936505
2439.578,1.0935191
2440.164,1.0933877
2440.75,1.0932565
2441.336,1.0931252
2441.922,1.0929941
2442.508,1.092863
2443.094,1.0927318
2443.68,1.0926008
2444.266,1.0924699
2444.852,1.0923389
2445.438,1.092208
2446.024,1.0920773
2446.61,1.0919465
2447.196,1.0918157
2447.782,1.0916849
2448.368,1.0915543
2448.954,1.0914237
2449.54,1.0912932
2450.126,1.0911627
2450.712,1.0910321
2451.298,1.0909017
2451.884,1.0907713
2452.47,1.090641
2453.056,1.0905107
2453.642,1.0903805
2454.228,1.0902504
2454.814,1.0901202
2455.4,1.0899901
2455.986,1.0898601
2456.572,1.0897301
2457.158,1.0896002
2457.744,1.0894703
2458.33,1.0893404
2458.916,1.0892106
2459.502,1.0890808
2460.088,1.0889511
2460.674,1.0888215
2461.26,1.0886918
2461.846,1.0885623
2462.432,1.0884328
2463.018,1.0883033
2463.604,1.0881739
2464.19,1.0880444
2464.776,1.0879151
2465.362,1.0877858
2465.948,1.0876566
2466.534,1.0875274
2467.12,1.0873982
2467.706,1.0872691
2468.292,1.0871401
2468.878,1.087011
2469.464,1.0868821
2470.05,1.0867531
2470.636,1.0866243
2471.222,1.0864954
2471.808,1.0863667
2472.394,1.0862379
2472.98,1.0861093
2473.566,1.0859805
2474.152,1.085852
2474.738,1.0857234
2475.324,1.0855949
2475.91,1.0854665
2476.496,1.085338
2477.082,1.0852096
2477.668,1.0850813
2478.254,1.0849531
2478.84,1.0848248
2479.426,1.0846967
2480.012,1.0845685
2480.598,1.0844405
2481.184,1.0843124
2481.77,1.0841844
2482.356,1.0840564
2482.942,1.0839285
2483.528,1.0838007
2484.114,1.0836729
2484.7,1.0835451
2485.286,1.0834173
2485.872,1.0832896
2486.458,1.083162
2487.044,1.0830344
2487.63,1.0829068
2488.216,1.0827794
2488.802,1.0826519
2489.388,1.0825245
2489.974,1.0823971
2490.56,1.0822698
2491.146,1.0821425
2491.732,1.0820153
2492.318,1.0818881
2492.904,1.081761
2493.49,1.0816339
2494.076,1.0815068
2494.662,1.0813799
2495.248,1.0812529
2495.834,1.081126
2496.42,1.0809991
2497.006,1.0808723
2497.592,1.0807456
2498.178,1.0806187
2498.764,1.0804921
2499.35,1.0803654
2499.936,1.0802388
2500.522,1.0801123
2501.108,1.0799857
2501.694,1.0798594
2502.28,1.0797329
2502.866,1.0796065
2503.452,1.0794802
2504.038,1.0793539
2504.624,1.0792277
2505.21,1.0791016
2505.796,1.0789753
2506.382,1.0788493
2506.968,1.0787232
2507.554,1.0785972
2508.14,1.0784712
2508.726,1.0783453
2509.312,1.0782194
2509.898,1.0780935
2510.484,1.0779678
2511.07,1.077842
2511.656,1.0777164
2512.242,1.0775907
2512.828,1.0774651
2513.414,1.0773395
2514,1.077214
2514.586,1.0770885
2515.172,1.0769631
2515.758,1.0768377
2516.344,1.0767123
2516.93,1.076587
2517.516,1.0764617
2518.102,1.0763365
2518.688,1.0762113
2519.274,1.0760862
2519.86,1.0759611
2520.446,1.0758361
2521.032,1.075711
2521.618,1.0755861
2522.204,1.0754613
2522.79,1.0753363
2523.376,1.0752115
2523.962,1.0750867
2524.548,1.074962
2525.134,1.0748373
2525.72,1.0747128
2526.306,1.0745881
2526.892,1.0744635
2527.478,1.074339
2528.064,1.0742146
2528.65,1.0740901
2529.236,1.0739658
2529.822,1.0738413
2530.408,1.0737171
2530.994,1.0735929
2531.58,1.0734687
2532.166,1.0733445
2532.752,1.0732204
2533.338,1.0730963
2533.924,1.0729723
2534.51,1.0728483
2535.096,1.0727243
2535.682,1.0726005
2536.268,1.0724766
2536.854,1.0723528
2537.44,1.072229
2538.026,1.0721053
2538.612,1.0719815
2539.198,1.0718579
2539.784,1.0717343
2540.37,1.0716108
2540.956,1.0714872
2541.542,1.0713637
2542.128,1.0712403
2542.714,1.0711169
2543.3,1.0709935
2543.886,1.0708704
2544.472,1.0707471
2545.058,1.0706239
2545.644,1.0705007
2546.23,1.0703776
2546.816,1.0702544
2547.402,1.0701314
2547.988,1.0700084
2548.574,1.0698855
2549.16,1.0697626
2549.746,1.0696397
2550.332,1.0695169
2550.918,1.0693941
2551.504,1.0692713
2552.09,1.0691487
2552.676,1.069026
2553.262,1.0689032
2553.848,1.0687804
2554.434,1.0686578
2555.02,1.0685352
2555.606,1.0684127
2556.192,1.0682901
2556.778,1.0681676
2557.364,1.0680451
2557.95,1.0679227
2558.536,1.0678004
2559.122,1.0676781
2559.708,1.0675558
2560.294,1.0674335
2560.88,1.0673113
2561.466,1.0671892
2562.052,1.067067
2562.638,1.066945
2563.224,1.066823
2563.81,1.0667009
2564.396,1.0665791
2564.982,1.0664572
2565.568,1.0663353
2566.154,1.0662135
2566.74,1.0660917
2567.326,1.0659699
2567.912,1.0658484
2568.498,1.0657266
2569.084,1.065605
2569.67,1.0654835
2570.256,1.065362
2570.842,1.0652404
2571.428,1.065119
2572.014,1.0649977
2572.6,1.0648763
2573.186,1.064755
2573.772,1.0646337
2574.358,1.0645125
2574.944,1.0643913
2575.53,1.0642701
2576.116,1.064149
2576.702,1.064028
2577.288,1.0639069
2577.874,1.0637859
2578.46,1.063665
2579.046,1.0635442
2579.632,1.0634233
2580.218,1.0633024
2580.804,1.0631818
2581.39,1.063061
2581.976,1.0629402
2582.562,1.0628196
2583.148,1.0626991
2583.734,1.0625784
2584.32,1.0624579
2584.906,1.0623375
2585.492,1.0622171
2586.078,1.0620966
2586.664,1.0619763
2587.25,1.061856
2587.836,1.0617357
2588.422,1.0616155
2589.008,1.0614953
2589.594,1.0613751
2590.18,1.0612551
2590.766,1.0611349
2591.352,1.0610149
2591.938,1.060895
2592.524,1.060775
2593.11,1.0606551
2593.696,1.0605352
2594.282,1.0604154
2594.868,1.0602956
2595.454,1.0601759
2596.04,1.0600562
2596.626,1.0599365
2597.212,1.059817
2597.798,1.0596974
2598.384,1.0595778
2598.97,1.0594584
2599.556,1.0593388
2600.142,1.0592195
2600.728,1.0591
2601.314,1.0589807
2601.9,1.0588615
2602.486,1.0587422
2603.072,1.058623
2603.658,1.0585039
2604.244,1.0583847
2604.83,1.0582656
2605.416,1.0581466
2606.002,1.0580275
2606.588,1.0579087
2607.174,1.0577897
2607.76,1.0576708
2608.346,1.057552
2608.932,1.0574331
2609.518,1.0573144
2610.104,1.0571957
2610.69,1.0570771
2611.276,1.0569583
2611.862,1.0568397
2612.448,1.0567212
2613.034,1.0566027
2613.62,1.0564842
2614.206,1.0563657
2614.792,1.0562474
2615.378,1.056129
2615.964,1.0560106
2616.55,1.0558923
2617.136,1.0557741
2617.722,1.055656
2618.308,1.0555378
2618.894,1.0554197
2619.48,1.0553017
2620.066,1.0551835
2620.652,1.0550655
2621.238,1.0549476
2621.824,1.0548297
2622.41,1.0547118
2622.996,1.0545939
2623.582,1.0544761
2624.168,1.0543584
2624.754,1.0542407
2625.34,1.054123
2625.926,1.0540054
2626.512,1.0538877
2627.098,1.0537702
2627.684,1.0536526
2628.27,1.0535352
2628.856,1.0534178
2629.442,1.0533004
2630.028,1.0531831
2630.614,1.0530657
2631.2,1.0529484
2631.786,1.0528312
2632.372,1.052714
2632.958,1.0525968
2633.544,1.0524796
2634.13,1.0523626
2634.716,1.0522456
2635.302,1.0521286
2635.888,1.0520116
2636.474,1.0518947
2637.06,1.0517778
2637.646,1.0516609
2638.232,1.0515441
2638.818,1.0514274
2639.404,1.0513107
2639.99,1.051194
2640.576,1.0510772
2641.162,1.0509607
2641.748,1.0508441
2642.334,1.0507275
2642.92,1.050611
2643.506,1.0504947
2644.092,1.0503782
2644.678,1.0502619
2645.264,1.0501455
2645.85,1.0500292
2646.436,1.0499129
2647.022,1.0497967
2647.608,1.0496805
2648.194,1.0495644
2648.78,1.0494483
2649.366,1.0493323
2649.952,1.0492162
2650.538,1.0491002
2651.124,1.0489843
2651.71,1.0488684
2652.296,1.0487525
2652.882,1.0486367
2653.468,1.0485209
2654.054,1.0484051
2654.64,1.0482894
2655.226,1.0481738
2655.812,1.048058
2656.398,1.0479425
2656.984,1.0478269
2657.57,1.0477114
2658.156,1.0475959
2658.742,1.0474805
2659.328,1.0473651
2659.914,1.0472497
2660.5,1.0471344
2661.086,1.0470191
2661.672,1.0469038
2662.258,1.0467887
2662.844,1.0466734
2663.43,1.0465583
2664.016,1.0464432
2664.602,1.0463282
2665.188,1.0462132
2665.774,1.0460982
2666.36,1.0459832
2666.946,1.0458683
2667.532,1.0457535
2668.118,1.0456387
2668.704,1.0455239
2669.29,1.0454091
2669.876,1.0452944
2670.462,1.0451797
2671.048,1.045065
2671.634,1.0449505
2672.22,1.0448359
2672.806,1.0447214
2673.392,1.0446069
2673.978,1.0444925
2674.564,1.044378
2675.15,1.0442637
2675.736,1.0441493
2676.322,1.0440351
2676.908,1.0439208
2677.494,1.0438066
2678.08,1.0436924
2678.666,1.0435783
2679.252,1.0434642
2679.838,1.0433501
2680.424,1.043236
2681.01,1.0431221
2681.596,1.0430081
2682.182,1.0428942
2682.768,1.0427804
2683.354,1.0426664
2683.94,1.0425527
2684.526,1.042439
2685.112,1.0423251
2685.698,1.0422115
2686.284,1.0420978
2686.87,1.0419842
2687.456,1.0418707
2688.042,1.0417571
2688.628,1.0416436
2689.214,1.0415301
2689.8,1.0414168
2690.386,1.0413034
2690.972,1.04119
2691.558,1.0410767
2692.144,1.0409634
2692.73,1.0408502
2693.316,1.040737
2693.902,1.0406239
2694.488,1.0405107
2695.074,1.0403976
2695.66,1.0402845
2696.246,1.0401715
2696.832,1.0400586
2697.418,1.0399456
2698.004,1.0398327
2698.59,1.0397198
2699.176,1.039607
2699.762,1.0394943
2700.348,1.0393815
2700.934,1.0392687
2701.52,1.0391561
2702.106,1.0390435
2702.692,1.0389309
2703.278,1.0388184
2703.864,1.0387058
2704.45,1.0385933
2705.036,1.0384809
2705.622,1.0383685
2706.208,1.038256
2706.794,1.0381436
2707.38,1.0380313
2707.966,1.037919
2708.552,1.0378069
2709.138,1.0376947
2709.724,1.0375825
2710.31,1.0374703
2710.896,1.0373583
2711.482,1.0372462
2712.068,1.0371343
2712.654,1.0370222
2713.24,1.0369103
2713.826,1.0367985
2714.412,1.0366865
2714.998,1.0365747
2715.584,1.036463
2716.17,1.0363512
2716.756,1.0362395
2717.342,1.0361278
2717.928,1.0360161
2718.514,1.0359045
2719.1,1.0357929
2719.686,1.0356814
2720.272,1.0355699
2720.858,1.0354584
2721.444,1.0353471
2722.03,1.0352356
2722.616,1.0351243
2723.202,1.035013
2723.788,1.0349017
2724.374,1.0347904
2724.96,1.0346793
2725.546,1.0345681
2726.132,1.034457
2726.718,1.0343459
2727.304,1.0342348
2727.89,1.0341238
2728.476,1.0340128
2729.062,1.0339018
2729.648,1.0337909
2730.234,1.0336801
2730.82,1.0335692
2731.406,1.0334584
2731.992,1.0333476
2732.578,1.0332369
2733.164,1.0331262
2733.75,1.0330155
2734.336,1.0329049
2734.922,1.0327942
2735.508,1.0326837
2736.094,1.0325732
2736.68,1.0324627
2737.266,1.0323523
2737.852,1.0322419
2738.438,1.0321316
2739.024,1.032021
2739.61,1.0319105
2740.196,1.0318002
2740.782,1.0316896
2741.368,1.0315793
2741.954,1.031469
2742.54,1.0313586
2743.126,1.0312483
2743.712,1.0311381
2744.298,1.0310279
2744.884,1.0309178
2745.47,1.0308076
2746.056,1.0306976
2746.642,1.0305874
2747.228,1.0304774
2747.814,1.0303675
2748.4,1.0302575
2748.986,1.0301477
2749.572,1.0300378
2750.158,1.0299278
2750.744,1.0298181
2751.33,1.0297083
2751.916,1.0295986
2752.502,1.0294889
2753.088,1.0293792
2753.674,1.0292696
2754.26,1.02916
2754.846,1.0290505
2755.432,1.0289409
2756.018,1.0288315
2756.604,1.028722
2757.19,1.0286126
2757.776,1.0285033
2758.362,1.0283939
2758.948,1.0282847
2759.534,1.0281754
2760.12,1.0280662
2760.706,1.027957
2761.292,1.0278478
2761.878,1.0277387
2762.464,1.0276296
2763.05,1.0275205
2763.636,1.0274116
2764.222,1.0273026
2764.808,1.0271937
2765.394,1.0270848
2765.98,1.0269759
2766.566,1.026867
2767.152,1.0267583
2767.738,1.0266495
2768.324,1.0265408
2768.91,1.0264322
2769.496,1.0263234
2770.082,1.0262148
2770.668,1.0261062
2771.254,1.0259978
2771.84,1.0258892
2772.426,1.0257808
2773.012,1.0256723
2773.598,1.025564
2774.184,1.0254556
2774.77,1.0253472
2775.356,1.0252389
2775.942,1.0251306
2776.528,1.0250224
2777.114,1.0249143
2777.7,1.0248061
2778.286,1.024698
2778.872,1.0245899
2779.458,1.0244819
2780.044,1.0243739
2780.63,1.0242659
2781.216,1.0241579
2781.802,1.02405
2782.388,1.0239421
2782.974,1.0238343
2783.56,1.0237266
2784.146,1.0236187
2784.732,1.0235111
2785.318,1.0234034
2785.904,1.0232956
2786.49,1.0231881
2787.076,1.0230805
2787.662,1.0229729
2788.248,1.0228654
2788.834,1.0227579
2789.42,1.0226505
2790.006,1.0225431
2790.592,1.0224357
2791.178,1.0223284
2791.764,1.0222211
2792.35,1.0221138
2792.936,1.0220065
2793.522,1.0218993
2794.108,1.0217922
2794.694,1.021685
2795.28,1.021578
2795.866,1.0214708
2796.452,1.0213639
2797.038,1.0212568
2797.624,1.0211499
2798.21,1.0210429
2798.796,1.020936
2799.382,1.0208292
2799.968,1.0207224
2800.554,1.0206156
2801.14,1.0205089
2801.726,1.0204021
2802.312,1.0202954
2802.898,1.0201888
2803.484,1.0200822
2804.07,1.0199757
2804.656,1.0198691
2805.242,1.0197625
2805.828,1.0196561
2806.414,1.0195496
2807,1.0194433
2807.586,1.0193368
2808.172,1.0192305
2808.758,1.0191243
2809.344,1.0190179
2809.93,1.0189117
2810.516,1.0188055
2811.102,1.0186994
2811.688,1.0185932
2812.274,1.0184871
2812.86,1.0183811
2813.446,1.018275
2814.032,1.018169
2814.618,1.0180631
2815.204,1.0179572
2815.79,1.0178512
2816.376,1.0177455
2816.962,1.0176396
2817.548,1.0175338
2818.134,1.017428
2818.72,1.0173223
2819.306,1.0172167
2819.892,1.0171109
2820.478,1.0170054
2821.064,1.0168998
2821.65,1.0167942
2822.236,1.0166887
2822.822,1.0165832
2823.408,1.0164778
2823.994,1.0163724
2824.58,1.0162669
2825.166,1.0161617
2825.752,1.0160563
2826.338,1.015951
2826.924,1.0158459
2827.51,1.0157406
2828.096,1.0156355
2828.682,1.0155303
2829.268,1.0154252
2829.854,1.0153201
2830.44,1.015215
2831.026,1.01511
2831.612,1.0150051
2832.198,1.0149001
2832.784,1.0147952
2833.37,1.0146904
2833.956,1.0145855
2834.542,1.0144807
2835.128,1.0143759
2835.714,1.0142711
2836.3,1.0141665
2836.886,1.0140618
2837.472,1.0139571
2838.058,1.0138526
2838.644,1.013748
2839.23,1.0136434
2839.816,1.013539
2840.402,1.0134344
2840.988,1.01333
2841.574,1.0132256
2842.16,1.0131212
2842.746,1.0130169
2843.332,1.0129125
2843.918,1.0128083
2844.504,1.012704
2845.09,1.0125998
2845.676,1.0124958
2846.262,1.0123916
2846.848,1.0122874
2847.434,1.0121833
2848.02,1.0120794
2848.606,1.0119753
2849.192,1.0118713
2849.778,1.0117674
2850.364,1.0116634
2850.95,1.0115596
2851.536,1.0114558
2852.122,1.0113519
2852.708,1.0112482
2853.294,1.0111445
2853.88,1.0110407
2854.466,1.0109371
2855.052,1.0108334
2855.638,1.0107298
2856.224,1.0106262
2856.81,1.0105226
2857.396,1.0104189
2857.982,1.0103153
2858.568,1.0102116
2859.154,1.010108
2859.74,1.0100043
2860.326,1.0099008
2860.912,1.0097972
2861.498,1.0096937
2862.084,1.0095903
2862.67,1.0094868
2863.256,1.0093834
2863.842,1.0092801
2864.428,1.0091767
2865.014,1.0090734
2865.6,1.0089701
2866.186,1.0088669
2866.772,1.0087637
2867.358,1.0086606
2867.944,1.0085574
2868.53,1.0084543
2869.116,1.0083512
2869.702,1.0082482
2870.288,1.0081452
2870.874,1.0080422
2871.46,1.0079392
2872.046,1.0078363
2872.632,1.0077335
2873.218,1.0076306
2873.804,1.0075278
2874.39,1.007425
2874.976,1.0073222
2875.562,1.0072196
2876.148,1.0071169
2876.734,1.0070142
2877.32,1.0069115
2877.906,1.006809
2878.492,1.0067065
2879.078,1.006604
2879.664,1.0065014
2880.25,1.0063989
2880.836,1.0062965
2881.422,1.0061941
2882.008,1.0060918
2882.594,1.0059894
2883.18,1.0058872
2883.766,1.0057849
2884.352,1.0056827
2884.938,1.0055804
2885.524,1.0054783
2886.11,1.0053761
2886.696,1.0052741
2887.282,1.005172
2887.868,1.00507
2888.454,1.0049679
2889.04,1.0048659
2889.626,1.004764
2890.212,1.004662
2890.798,1.0045602
2891.384,1.0044583
2891.97,1.0043565
2892.556,1.0042547
2893.142,1.004153
2893.728,1.0040512
2894.314,1.0039495
2894.9,1.0038478
2895.486,1.0037463
2896.072,1.0036447
2896.658,1.0035431
2897.244,1.0034416
2897.83,1.0033401
2898.416,1.0032386
2899.002,1.0031372
2899.588,1.0030358
2900.174,1.0029343
2900.76,1.002833
2901.346,1.0027317
2901.932,1.0026305
2902.518,1.0025293
2903.104,1.0024279
2903.69,1.0023268
2904.276,1.0022256
2904.862,1.0021245
2905.448,1.0020235
2906.034,1.0019224
2906.62,1.0018214
2907.206,1.0017204
2907.792,1.0016193
2908.378,1.0015185
2908.964,1.0014175
2909.55,1.0013167
2910.136,1.0012158
2910.722,1.0011151
2911.308,1.0010144
2911.894,1.0009135
2912.48,1.0008128
2913.066,1.0007122
2913.652,1.0006115
2914.238,1.0005109
2914.824,1.0004103
2915.41,1.0003097
2915.996,1.0002092
2916.582,1.0001087
2917.168,1.0000082
2917.754,0.99990779
2918.34,0.99980742
2918.926,0.99970704
2919.512,0.99960667
2920.098,0.99950641
2920.684,0.9994061
2921.27,0.99930584
2921.856,0.99920565
2922.442,0.99910545
2923.028,0.99900532
2923.614,0.99890518
2924.2,0.99880511
2924.786,0.99870503
2925.372,0.99860501
2925.958,0.998505
2926.544,0.99840504
2927.13,0.99830508
2927.716,0.99820518
2928.302,0.99810529
2928.888,0.99800545
2929.474,0.99790561
2930.06,0.99780589
2930.646,0.99770612
2931.232,0.9976064
2931.818,0.99750674
2932.404,0.99740702
2932.99,0.99730742
2933.576,0.99720782
2934.162,0.99710828
2934.748,0.99700874
2935.334,0.9969092
2935.92,0.99680972
2936.506,0.9967103
2937.092,0.99661088
2937.678,0.99651152
2938.264,0.99641216
2938.85,0.9963128
2939.436,0.99621356
2940.022,0.99611425
2940.608,0.99601501
2941.194,0.99591583
2941.78,0.99581665
2942.366,0.99571753
2942.952,0.9956184
2943.538,0.99551934
2944.124,0.99542028
2944.71,0.99532127
2945.296,0.99522227
2945.882,0.99512327
2946.468,0.99502432
2947.054,0.99492544
2947.64,0.99482661
2948.226,0.99472779
2948.812,0.99462897
2949.398,0.9945302
2949.984,0.99443144
2950.57,0.99433273
2951.156,0.99423403
2951.742,0.99413538
2952.328,0.99403679
2952.914,0.99393815
2953.5,0.99383962
2954.086,0.9937411
2954.672,0.99364257
2955.258,0.9935441
2955.844,0.99344563
2956.43,0.99334723
2957.016,0.99324882
2957.602,0.99315047
2958.188,0.99305212
2958.774,0.9929539
2959.36,0.99285561
2959.946,0.99275738
2960.532,0.99265915
2961.118,0.99256098
2961.704,0.99246281
2962.29,0.99236476
2962.876,0.99226665
2963.462,0.99216861
2964.048,0.99207056
2964.634,0.99197257
2965.22,0.99187464
2965.806,0.9917767
2966.392,0.99167877
2966.978,0.9915809
2967.564,0.99148303
2968.15,0.99138522
2968.736,0.99128741
2969.322,0.99118972
2969.908,0.99109191
2970.494,0.99099422
2971.08,0.99089658
2971.666,0.99079895
2972.252,0.99070132
2972.838,0.99060374
2973.424,0.99050623
2974.01,0.99040872
2974.596,0.99031121
2975.182,0.99021369
2975.768,0.9901163
2976.354,0.9900189
2976.94,0.98992151
2977.526,0.98982418
2978.112,0.9897269
2978.698,0.98962963
2979.284,0.98953235
2979.87,0.98943508
2980.456,0.98933792
2981.042,0.98924077
2981.628,0.98914361
2982.214,0.98904645
2982.8,0.98894942
2983.386,0.98885238
2983.972,0.98875535
2984.558,0.98865837
2985.144,0.98856139
2985.73,0.98846447
2986.316,0.98836756
2986.902,0.98827064
2987.488,0.98817378
2988.074,0.98807704
2988.66,0.98798025
2989.246,0.98788351
2989.832,0.98778677
2990.418,0.98769003
2991.004,0.98759335
2991.59,0.98749673
2992.176,0.98740011
2992.762,0.9873035
2993.348,0.987207
2993.934,0.9871105
2994.52,0.987014
2995.106,0.9869175
2995.692,0.98682106
2996.278,0.9867245
2996.864,0.98662788
2997.45,0.98653138
2998.036,0.98643482
2998.622,0.98633838
2999.208,0.98624194
2999.794,0.9861455
3000.38,0.98604912
3000.966,0.98595273
3001.552,0.98585641
3002.138,0.98576009
3002.724,0.98566383
3003.31,0.98556757
3003.896,0.98547137
3004.482,0.98537517
3005.068,0.98527902
3005.654,0.98518288
3006.24,0.9850868
3006.826,0.98499072
3007.412,0.98489463
3007.998,0.98479861
3008.584,0.98470265
3009.17,0.98460668
3009.756,0.98451078
3010.342,0.98441488
3010.928,0.98431903
3011.514,0.98422319
3012.1,0.98412734
3012.686,0.98403156
3013.272,0.98393583
3013.858,0.98384011
3014.444,0.98374438
3015.03,0.98364872
3015.616,0.98355311
3016.202,0.98345751
3016.788,0.9833619
3017.374,0.98326629
3017.96,0.98317081
3018.546,0.98307532
3019.132,0.98297983
3019.718,0.98288441
3020.304,0.98278898
3020.89,0.98269355
3021.476,0.98259825
3022.062,0.98250288
3022.648,0.98240757
3023.234,0.98231232
3023.82,0.98221707
3024.406,0.98212183
3024.992,0.98202664
3025.578,0.98193151
3026.164,0.98183638
3026.75,0.98174131
3027.336,0.98164618
3027.922,0.98155117
3028.508,0.9814561
3029.094,0.98136115
3029.68,0.9812662
3030.266,0.98117125
3030.852,0.98107636
3031.438,0.98098147
3032.024,0.98088664
3032.61,0.98079181
3033.196,0.98069704
3033.782,0.98060226
3034.368,0.98050749
3034.954,0.98041278
3035.54,0.98031813
3036.126,0.98022348
3036.712,0.98012882
3037.298,0.98003423
3037.884,0.9799397
3038.47,0.97984517
3039.056,0.97975063
3039.642,0.97965616
3040.228,0.97956169
3040.814,0.97946727
3041.4,0.97937286
3041.986,0.9792785
3042.572,0.97918415
3043.158,0.97908986
3043.744,0.97899556
3044.33,0.97890133
3044.916,0.97880709
3045.502,0.97871286
3046.088,0.97861868
3046.674,0.97852457
3047.26,0.97843039
3047.846,0.97833633
3048.432,0.97824228
3049.018,0.97814822
3049.604,0.97805423
3050.19,0.97796023
3050.776,0.97786629
3051.362,0.97777236
3051.948,0.97767848
3052.534,0.9775846
3053.12,0.97749072
3053.706,0.97739691
3054.292,0.97730315
3054.878,0.97720939
3055.464,0.97711563
3056.05,0.97702193
3056.636,0.97692829
3057.222,0.9768346
3057.808,0.97674102
3058.394,0.97664738
3058.98,0.9765538
3059.566,0.97646028
3060.152,0.97636676
3060.738,0.9762733
3061.324,0.97617984
3061.91,0.97608644
3062.496,0.97599298
3063.082,0.97589964
3063.668,0.97580624
3064.254,0.97571295
3064.84,0.97561967
3065.426,0.97552639
3066.012,0.97543311
3066.598,0.97533995
3067.184,0.97524673
3067.77,0.97515357
3068.356,0.97506046
3068.942,0.97496736
3069.528,0.97487432
3070.114,0.97478122
3070.7,0.97468823
3071.286,0.97459525
3071.872,0.97450227
3072.458,0.97440934
3073.044,0.97431642
3073.63,0.97422355
3074.216,0.97413069
3074.802,0.97403783
3075.388,0.97394502
3075.974,0.97385228
3076.56,0.97375953
3077.146,0.97366679
3077.732,0.9735741
3078.318,0.97348142
3078.904,0.97338879
3079.49,0.97329617
3080.076,0.9732036
3080.662,0.97311103
3081.248,0.97301847
3081.834,0.97292596
3082.42,0.97283351
3083.006,0.97274107
3083.592,0.97264862
3084.178,0.97255623
3084.764,0.97246385
3085.35,0.97237152
3085.936,0.97227919
3086.522,0.97218692
3087.108,0.97209466
3087.694,0.97200239
3088.28,0.97191018
3088.866,0.97181803
3089.452,0.97172588
3090.038,0.97163373
3090.624,0.97154164
3091.21,0.97144955
3091.796,0.97135752
3092.382,0.97126549
3092.968,0.97117347
3093.554,0.9710815
3094.14,0.97098958
3094.726,0.97089767
3095.312,0.97080576
3095.898,0.97071391
3096.484,0.97062206
3097.07,0.97053027
3097.656,0.97043848
3098.242,0.97034675
3098.828,0.97025502
3099.414,0.97016329
3100,0.97007161
