170,4.3421082
170.586,4.3346477
171.172,4.3272252
171.758,4.3198409
172.344,4.3124948
172.93,4.3051853
173.516,4.2979136
174.102,4.290678
174.688,4.2834792
175.274,4.2763166
175.86,4.2691898
176.446,4.2620983
177.032,4.2550421
177.618,4.2480211
178.204,4.2410345
178.79,4.2340822
179.376,4.2271643
179.962,4.2202797
180.548,4.213429
181.134,4.2066116
181.72,4.1998272
182.306,4.1930752
182.892,4.1863556
183.478,4.1796684
184.064,4.1730127
184.65,4.166389
185.236,4.1597967
185.822,4.1532359
186.408,4.1467056
186.994,4.1402063
187.58,4.1337376
188.166,4.1272988
188.752,4.1208901
189.338,4.114511
189.924,4.1081619
190.51,4.1018419
191.096,4.095551
191.682,4.0892887
192.268,4.0830555
192.854,4.0768504
193.44,4.0706735
194.026,4.0645247
194.612,4.0584035
195.198,4.05231
195.784,4.0462441
196.37,4.040205
196.956,4.034193
197.542,4.0282078
198.128,4.0222487
198.714,4.0163164
199.3,4.0104098
199.886,4.0045295
200.472,3.9986751
201.058,3.9928463
201.644,3.9870427
202.23,3.9812646
202.816,3.9755113
203.402,3.9697831
203.988,3.9640794
204.574,3.9584002
205.16,3.9527454
205.746,3.9471149
206.332,3.9415085
206.918,3.9359257
207.504,3.9303668
208.09,3.9248312
208.676,3.9193189
209.262,3.91383
209.848,3.9083641
210.434,3.9029207
211.02,3.8975003
211.606,3.8921025
212.192,3.8867271
212.778,3.8813736
213.364,3.8760424
213.95,3.8707325
214.536,3.8654447
215.122,3.8601782
215.708,3.8549335
216.294,3.84971
216.88,3.8445077
217.466,3.8393264
218.052,3.834166
218.638,3.8290267
219.224,3.8239076
219.81,3.8188093
220.396,3.8137312
220.982,3.8086734
221.568,3.8036356
222.154,3.7986178
222.74,3.7936199
223.326,3.7886417
223.912,3.7836828
224.498,3.7787435
225.084,3.7738235
225.67,3.7689228
226.256,3.7640409
226.842,3.7591782
227.428,3.754334
228.014,3.7495086
228.6,3.7447019
229.186,3.7399132
229.772,3.7351427
230.358,3.7303908
230.944,3.7256567
231.53,3.7209408
232.116,3.7162428
232.702,3.7115624
233.288,3.7068996
233.874,3.7022545
234.46,3.6976266
235.046,3.6930163
235.632,3.6884229
236.218,3.683847
236.804,3.6792877
237.39,3.6747456
237.976,3.6702201
238.562,3.6657112
239.148,3.6612191
239.734,3.6567433
240.32,3.6522839
240.906,3.6478407
241.492,3.643414
242.078,3.6390033
242.664,3.6346083
243.25,3.6302295
243.836,3.6258662
244.422,3.6215189
245.008,3.6171868
245.594,3.6128705
246.18,3.6085696
246.766,3.604284
247.352,3.6000137
247.938,3.5957584
248.524,3.5915184
249.11,3.5872931
249.696,3.5830829
250.282,3.5788872
250.868,3.5747066
251.454,3.5705402
252.04,3.5663886
252.626,3.5622516
253.212,3.5581286
253.798,3.5540199
254.384,3.5499256
254.97,3.5458455
255.556,3.5417793
256.142,3.5377271
256.728,3.5336888
257.314,3.5296643
257.9,3.5256536
258.486,3.521656
259.072,3.5176723
259.658,3.5137019
260.244,3.5097451
260.83,3.5058017
261.416,3.5018711
262.002,3.4979541
262.588,3.49405
263.174,3.4901593
263.76,3.4862812
264.346,3.4824162
264.932,3.478564
265.518,3.4747245
266.104,3.4708977
266.69,3.4670837
267.276,3.4632821
267.862,3.4594929
268.448,3.4557161
269.034,3.451952
269.62,3.4481997
270.206,3.4444599
270.792,3.4407322
271.378,3.4370167
271.964,3.4333131
272.55,3.4296215
273.136,3.4259417
273.722,3.4222739
274.308,3.4186177
274.894,3.4149735
275.48,3.4113407
276.066,3.4077196
276.652,3.40411
277.238,3.4005117
277.824,3.396925
278.41,3.3933494
278.996,3.3897848
279.582,3.3862314
280.168,3.3826892
280.754,3.3791583
281.34,3.3756382
281.926,3.372129
282.512,3.3686311
283.098,3.3651438
283.684,3.3616674
284.27,3.3582017
284.856,3.3547468
285.442,3.3513026
286.028,3.3478689
286.614,3.3444459
287.2,3.3410332
287.786,3.337631
288.372,3.3342392
288.958,3.3308578
289.544,3.3274865
290.13,3.3241255
290.716,3.3207748
291.302,3.3174341
291.888,3.3141036
292.474,3.3107829
293.06,3.3074722
293.646,3.3041718
294.232,3.3008809
294.818,3.2975998
295.404,3.2943285
295.99,3.2910671
296.576,3.2878153
297.162,3.2845728
297.748,3.2813399
298.334,3.2781165
298.92,3.2749028
299.506,3.2716982
300.092,3.2685032
300.678,3.2653174
301.264,3.262141
301.85,3.2589738
302.436,3.255816
303.022,3.2526672
303.608,3.2495277
304.194,3.246397
304.78,3.2432754
305.366,3.2401628
305.952,3.2370594
306.538,3.2339647
307.124,3.2308788
307.71,3.2278018
308.296,3.2247336
308.882,3.221674
309.468,3.2186234
310.054,3.2155812
310.64,3.2125475
311.226,3.2095227
311.812,3.2065063
312.398,3.2034984
312.984,3.2004988
313.57,3.1975076
314.156,3.194525
314.742,3.1915507
315.328,3.1885846
315.914,3.1856267
316.5,3.182677
317.086,3.1797357
317.672,3.1768024
318.258,3.1738772
318.844,3.1709599
319.43,3.168051
320.016,3.1651499
320.602,3.1622567
321.188,3.1593716
321.774,3.1564941
322.36,3.1536245
322.946,3.150763
323.532,3.1479092
324.118,3.1450629
324.704,3.1422246
325.29,3.1393938
325.876,3.1365705
326.462,3.133755
327.048,3.1309471
327.634,3.1281466
328.22,3.1253536
328.806,3.1225681
329.392,3.1197901
329.978,3.1170194
330.564,3.1142561
331.15,3.1115003
331.736,3.1087518
332.322,3.1060102
332.908,3.1032763
333.494,3.1005492
334.08,3.0978296
334.666,3.0951171
335.252,3.0924115
335.838,3.0897131
336.424,3.0870218
337.01,3.0843375
337.596,3.0816603
338.182,3.0789897
338.768,3.0763264
339.354,3.0736699
339.94,3.0710201
340.526,3.0683775
341.112,3.0657415
341.698,3.0631123
342.284,3.0604899
342.87,3.0578742
343.456,3.0552652
344.042,3.0526626
344.628,3.0500669
345.214,3.047478
345.8,3.0448954
346.386,3.0423193
346.972,3.0397501
347.558,3.0371871
348.144,3.0346305
348.73,3.0320807
349.316,3.0295372
349.902,3.027
350.488,3.0244691
351.074,3.0219448
351.66,3.0194263
352.246,3.0169146
352.832,3.0144088
353.418,3.0119095
354.004,3.0094161
354.59,3.0069287
355.176,3.0044477
355.762,3.0019729
356.348,2.9995041
356.934,2.9970415
357.52,2.9945846
358.106,2.9921341
358.692,2.9896894
359.278,2.9872508
359.864,2.9848182
360.45,2.9823916
361.036,2.9799707
361.622,2.9775558
362.208,2.9751468
362.794,2.9727435
363.38,2.9703462
363.966,2.9679546
364.552,2.9655688
365.138,2.9631886
365.724,2.9608142
366.31,2.9584458
366.896,2.9560828
367.482,2.9537256
368.068,2.9513738
368.654,2.9490278
369.24,2.9466872
369.826,2.9443524
370.412,2.942023
370.998,2.9396994
371.584,2.937381
372.17,2.9350684
372.756,2.932761
373.342,2.930459
373.928,2.9281626
374.514,2.9258716
375.1,2.9235857
375.686,2.9213054
376.272,2.9190304
376.858,2.9167609
377.444,2.9144964
378.03,2.9122372
378.616,2.9099836
379.202,2.9077346
379.788,2.9054911
380.374,2.9032524
380.96,2.9010189
381.546,2.8987906
382.132,2.8965676
382.718,2.8943496
383.304,2.8921366
383.89,2.8899288
384.476,2.8877261
385.062,2.8855283
385.648,2.8833356
386.234,2.8811479
386.82,2.8789651
387.406,2.8767874
387.992,2.8746147
388.578,2.8724468
389.164,2.8702838
389.75,2.8681257
390.336,2.8659725
390.922,2.8638241
391.508,2.8616807
392.094,2.8595419
392.68,2.857408
393.266,2.855279
393.852,2.8531547
394.438,2.8510349
395.024,2.8489201
395.61,2.8468099
396.196,2.8447044
396.782,2.8426034
397.368,2.8405073
397.954,2.8384156
398.54,2.8363287
399.126,2.8342464
399.712,2.8321688
400.298,2.8300955
400.884,2.828027
401.47,2.8259628
402.056,2.8239031
402.642,2.8218482
403.228,2.8197973
403.814,2.8177509
404.4,2.8157089
404.986,2.8136714
405.572,2.8116384
406.158,2.8096097
406.744,2.8075852
407.33,2.8055654
407.916,2.8035498
408.502,2.8015387
409.088,2.7995319
409.674,2.7975292
410.26,2.795531
410.846,2.7935369
411.432,2.7915473
412.018,2.7895617
412.604,2.7875805
413.19,2.7856035
413.776,2.7836306
414.362,2.781662
414.948,2.7796977
415.534,2.7777371
416.12,2.7757812
416.706,2.773829
417.292,2.7718811
417.878,2.7699373
418.464,2.7679977
419.05,2.766062
419.636,2.7641304
420.222,2.7622027
420.808,2.7602792
421.394,2.7583597
421.98,2.7564442
422.566,2.7545328
423.152,2.7526252
423.738,2.7507217
424.324,2.748822
424.91,2.7469263
425.496,2.7450345
426.082,2.7431467
426.668,2.7412627
427.254,2.7393825
427.84,2.7375062
428.426,2.7356336
429.012,2.7337651
429.598,2.7319005
430.184,2.7300396
430.77,2.7281823
431.356,2.7263291
431.942,2.7244794
432.528,2.7226336
433.114,2.7207916
433.7,2.7189531
434.286,2.7171185
434.872,2.7152877
435.458,2.7134604
436.044,2.711637
436.63,2.7098172
437.216,2.7080009
437.802,2.7061884
438.388,2.7043793
438.974,2.702574
439.56,2.7007723
440.146,2.6989744
440.732,2.6971798
441.318,2.6953888
441.904,2.6936016
442.49,2.6918178
443.076,2.6900375
443.662,2.6882608
444.248,2.6864874
444.834,2.6847177
445.42,2.6829515
446.006,2.6811888
446.592,2.6794295
447.178,2.6776736
447.764,2.6759212
448.35,2.6741724
448.936,2.6724267
449.522,2.6706848
450.108,2.668946
450.694,2.6672106
451.28,2.6654787
451.866,2.6637502
452.452,2.662025
453.038,2.6603031
453.624,2.6585846
454.21,2.6568694
454.796,2.6551576
455.382,2.6534488
455.968,2.6517437
456.554,2.6500416
457.14,2.6483428
457.726,2.6466475
458.312,2.6449552
458.898,2.6432662
459.484,2.6415806
460.07,2.6398981
460.656,2.6382186
461.242,2.6365426
461.828,2.6348696
462.414,2.6331999
463,2.6315334
463.586,2.6298699
464.172,2.6282096
464.758,2.6265526
465.344,2.6248984
465.93,2.6232476
466.516,2.6215999
467.102,2.6199553
467.688,2.6183136
468.274,2.6166751
468.86,2.6150398
469.446,2.6134074
470.032,2.611778
470.618,2.6101518
471.204,2.6085286
471.79,2.6069083
472.376,2.6052911
472.962,2.603677
473.548,2.6020658
474.134,2.6004577
474.72,2.5988524
475.306,2.5972502
475.892,2.5956509
476.478,2.5940545
477.064,2.5924611
477.65,2.5908709
478.236,2.5892832
478.822,2.5876987
479.408,2.5861168
479.994,2.584538
480.58,2.582962
481.166,2.5813892
481.752,2.579819
482.338,2.5782516
482.924,2.5766871
483.51,2.5751255
484.096,2.5735667
484.682,2.5720108
485.268,2.5704577
485.854,2.5689075
486.44,2.5673599
487.026,2.5658152
487.612,2.5642731
488.198,2.5627341
488.784,2.5611978
489.37,2.559664
489.956,2.5581331
490.542,2.5566051
491.128,2.5550797
491.714,2.5535572
492.3,2.5520372
492.886,2.5505199
493.472,2.5490055
494.058,2.5474935
494.644,2.5459845
495.23,2.5444779
495.816,2.5429742
496.402,2.5414732
496.988,2.5399747
497.574,2.5384789
498.16,2.5369856
498.746,2.535495
499.332,2.5340073
499.918,2.532522
500.504,2.5310392
501.09,2.5295594
501.676,2.5280819
502.262,2.5266068
502.848,2.5251346
503.434,2.523665
504.02,2.5221977
504.606,2.5207331
505.192,2.5192711
505.778,2.5178115
506.364,2.5163548
506.95,2.5149002
507.536,2.5134482
508.122,2.5119989
508.708,2.5105522
509.294,2.5091076
509.88,2.5076656
510.466,2.5062258
511.052,2.5047886
511.638,2.5033541
512.224,2.5019219
512.81,2.5004921
513.396,2.4990649
513.982,2.4976399
514.568,2.4962175
515.154,2.4947975
515.74,2.4933798
516.326,2.4919648
516.912,2.4905522
517.498,2.4891417
518.084,2.4877338
518.67,2.4863281
519.256,2.484925
519.842,2.4835243
520.428,2.4821258
521.014,2.4807298
521.6,2.479336
522.186,2.4779446
522.772,2.4765556
523.358,2.4751689
523.944,2.4737847
524.53,2.4724026
525.116,2.4710228
525.702,2.4696455
526.288,2.4682705
526.874,2.4668977
527.46,2.4655271
528.046,2.464159
528.632,2.4627931
529.218,2.4614294
529.804,2.460068
530.39,2.4587088
530.976,2.4573519
531.562,2.4559972
532.148,2.4546449
532.734,2.4532948
533.32,2.451947
533.906,2.4506011
534.492,2.4492576
535.078,2.4479165
535.664,2.4465773
536.25,2.4452405
536.836,2.4439058
537.422,2.4425733
538.008,2.4412429
538.594,2.4399149
539.18,2.4385891
539.766,2.4372652
540.352,2.4359436
540.938,2.4346242
541.524,2.4333067
542.11,2.4319916
542.696,2.4306786
543.282,2.4293678
543.868,2.4280589
544.454,2.4267523
545.04,2.4254477
545.626,2.4241452
546.212,2.4228449
546.798,2.4215462
547.384,2.4202497
547.97,2.4189553
548.556,2.4176631
549.142,2.4163728
549.728,2.4150846
550.314,2.4137986
550.9,2.4125144
551.486,2.4112325
552.072,2.4099524
552.658,2.4086747
553.244,2.4073987
553.83,2.4061248
554.416,2.4048531
555.002,2.4035833
555.588,2.4023156
556.174,2.4010499
556.76,2.399786
557.346,2.3985243
557.932,2.3972645
558.518,2.3960068
559.104,2.3947511
559.69,2.3934972
560.276,2.3922455
560.862,2.3909955
561.448,2.3897476
562.034,2.3885016
562.62,2.3872578
563.206,2.3860157
563.792,2.3847756
564.378,2.3835375
564.964,2.3823013
565.55,2.381067
566.136,2.3798347
566.722,2.3786042
567.308,2.3773756
567.894,2.3761489
568.48,2.3749242
569.066,2.3737013
569.652,2.3724804
570.238,2.3712614
570.824,2.3700442
571.41,2.3688288
571.996,2.3676155
572.582,2.3664038
573.168,2.3651943
573.754,2.3639865
574.34,2.3627803
574.926,2.3615763
575.512,2.360374
576.098,2.3591735
576.684,2.3579748
577.27,2.3567781
577.856,2.355583
578.442,2.3543894
579.028,2.3531981
579.614,2.3520081
580.2,2.3508203
580.786,2.3496339
581.372,2.3484497
581.958,2.3472672
582.544,2.3460863
583.13,2.3449073
583.716,2.34373
584.302,2.3425546
584.888,2.3413808
585.474,2.340209
586.06,2.3390386
586.646,2.3378704
587.232,2.3367035
587.818,2.3355389
588.404,2.3343756
588.99,2.333214
589.576,2.3320544
590.162,2.3308966
590.748,2.3297403
591.334,2.3285856
591.92,2.3274329
592.506,2.3262818
593.092,2.3251324
593.678,2.3239849
594.264,2.3228388
594.85,2.3216946
595.436,2.3205519
596.022,2.319411
596.608,2.3182719
597.194,2.3171344
597.78,2.3159986
598.366,2.3148644
598.952,2.3137317
599.538,2.3126009
600.124,2.3114717
600.71,2.3103442
601.296,2.3092184
601.882,2.308094
602.468,2.3069715
603.054,2.3058505
603.64,2.3047311
604.226,2.3036134
604.812,2.3024974
605.398,2.301383
605.984,2.3002701
606.57,2.299159
607.156,2.2980492
607.742,2.2969413
608.328,2.2958348
608.914,2.2947299
609.5,2.2936268
610.086,2.2925253
610.672,2.2914252
611.258,2.2903268
611.844,2.2892299
612.43,2.2881346
613.016,2.2870409
613.602,2.2859488
614.188,2.2848582
614.774,2.2837691
615.36,2.2826817
615.946,2.2815957
616.532,2.2805114
617.118,2.2794285
617.704,2.2783473
618.29,2.2772675
618.876,2.2761893
619.462,2.2751126
620.048,2.2740376
620.634,2.2729638
621.22,2.2718918
621.806,2.2708211
622.392,2.269752
622.978,2.2686846
623.564,2.2676184
624.15,2.2665539
624.736,2.2654908
625.322,2.2644293
625.908,2.2633693
626.494,2.2623107
627.08,2.2612534
627.666,2.2601979
628.252,2.2591438
628.838,2.258091
629.424,2.2570398
630.01,2.25599
630.596,2.2549417
631.182,2.253895
631.768,2.2528496
632.354,2.2518058
632.94,2.2507634
633.526,2.2497225
634.112,2.2486827
634.698,2.2476447
635.284,2.246608
635.87,2.2455728
636.456,2.2445388
637.042,2.2435064
637.628,2.2424755
638.214,2.241446
638.8,2.2404177
639.386,2.2393911
639.972,2.2383657
640.558,2.2373419
641.144,2.2363193
641.73,2.2352982
642.316,2.2342784
642.902,2.2332602
643.488,2.2322433
644.074,2.2312279
644.66,2.2302136
645.246,2.2292008
645.832,2.2281892
646.418,2.2271793
647.004,2.2261705
647.59,2.225163
648.176,2.2241571
648.762,2.2231526
649.348,2.2221494
649.934,2.2211475
650.52,2.2201469
651.106,2.2191477
651.692,2.2181499
652.278,2.2171533
652.864,2.2161582
653.45,2.2151644
654.036,2.2141719
654.622,2.2131808
655.208,2.2121909
655.794,2.2112026
656.38,2.2102153
656.966,2.2092295
657.552,2.208245
658.138,2.2072618
658.724,2.20628
659.31,2.2052994
659.896,2.2043202
660.482,2.2033422
661.068,2.2023654
661.654,2.20139
662.24,2.2004161
662.826,2.1994433
663.412,2.1984718
663.998,2.1975017
664.584,2.1965327
665.17,2.195565
665.756,2.1945987
666.342,2.1936336
666.928,2.1926699
667.514,2.1917074
668.1,2.1907458
668.686,2.189786
669.272,2.1888273
669.858,2.1878698
670.444,2.1869135
671.03,2.1859584
671.616,2.1850047
672.202,2.1840522
672.788,2.1831009
673.374,2.1821511
673.96,2.1812024
674.546,2.1802547
675.132,2.1793084
675.718,2.1783636
676.304,2.1774197
676.89,2.176477
677.476,2.1755357
678.062,2.1745956
678.648,2.1736567
679.234,2.1727188
679.82,2.1717823
680.406,2.1708472
680.992,2.1699131
681.578,2.1689801
682.164,2.1680484
682.75,2.1671178
683.336,2.1661887
683.922,2.1652606
684.508,2.1643336
685.094,2.163408
685.68,2.1624835
686.266,2.1615601
686.852,2.1606379
687.438,2.1597171
688.024,2.1587973
688.61,2.1578786
689.196,2.1569612
689.782,2.1560447
690.368,2.1551297
690.954,2.1542158
691.54,2.1533031
692.126,2.1523914
692.712,2.1514809
693.298,2.1505716
693.884,2.1496634
694.47,2.1487565
695.056,2.1478505
695.642,2.146946
696.228,2.1460423
696.814,2.1451399
697.4,2.1442385
697.986,2.1433384
698.572,2.1424394
699.158,2.1415415
699.744,2.1406448
700.33,2.1397493
700.916,2.1388547
701.502,2.1379611
702.088,2.137069
702.674,2.1361778
703.26,2.1352878
703.846,2.1343987
704.432,2.1335111
705.018,2.1326244
705.604,2.1317387
706.19,2.1308541
706.776,2.1299708
707.362,2.1290884
707.948,2.1282072
708.534,2.127327
709.12,2.1264479
709.706,2.1255698
710.292,2.1246929
710.878,2.123817
711.464,2.1229422
712.05,2.1220686
712.636,2.121196
713.222,2.1203246
713.808,2.1194541
714.394,2.1185849
714.98,2.1177166
715.566,2.1168492
716.152,2.115983
716.738,2.115118
717.324,2.114254
717.91,2.1133909
718.496,2.112529
719.082,2.1116681
719.668,2.1108081
720.254,2.1099496
720.84,2.1090918
721.426,2.1082351
722.012,2.1073794
722.598,2.1065249
723.184,2.1056712
723.77,2.1048188
724.356,2.1039672
724.942,2.1031168
725.528,2.1022675
726.114,2.101419
726.7,2.1005716
727.286,2.0997252
727.872,2.0988798
728.458,2.0980356
729.044,2.0971923
729.63,2.09635
730.216,2.0955088
730.802,2.0946684
731.388,2.0938294
731.974,2.0929911
732.56,2.0921538
733.146,2.0913177
733.732,2.0904825
734.318,2.0896482
734.904,2.088815
735.49,2.0879827
736.076,2.0871515
736.662,2.0863214
737.248,2.0854921
737.834,2.0846636
738.42,2.0838366
739.006,2.0830102
739.592,2.0821848
740.178,2.0813606
740.764,2.0805373
741.35,2.0797148
741.936,2.0788934
742.522,2.078073
743.108,2.0772536
743.694,2.0764351
744.28,2.0756176
744.866,2.074801
745.452,2.0739853
746.038,2.0731709
746.624,2.0723572
747.21,2.0715444
747.796,2.0707326
748.382,2.069922
748.968,2.0691121
749.554,2.0683031
750.14,2.0674953
750.726,2.0666883
751.312,2.0658822
751.898,2.0650771
752.484,2.0642729
753.07,2.0634696
753.656,2.0626674
754.242,2.061866
754.828,2.0610657
755.414,2.060266
756,2.0594676
756.586,2.05867
757.172,2.0578732
757.758,2.0570774
758.344,2.0562825
758.93,2.0554886
759.516,2.0546956
760.102,2.0539036
760.688,2.0531123
761.274,2.0523221
761.86,2.0515327
762.446,2.0507443
763.032,2.0499568
763.618,2.0491703
764.204,2.0483844
764.79,2.0475996
765.376,2.0468156
765.962,2.0460327
766.548,2.0452507
767.134,2.0444694
767.72,2.043689
768.306,2.0429096
768.892,2.0421312
769.478,2.0413535
770.064,2.0405767
770.65,2.0398009
771.236,2.039026
771.822,2.0382519
772.408,2.0374787
772.994,2.0367062
773.58,2.0359349
774.166,2.0351644
774.752,2.0343945
775.338,2.0336258
775.924,2.0328579
776.51,2.0320907
777.096,2.0313244
777.682,2.0305591
778.268,2.0297947
778.854,2.029031
779.44,2.0282683
780.026,2.0275064
780.612,2.0267453
781.198,2.0259852
781.784,2.0252259
782.37,2.0244675
782.956,2.0237098
783.542,2.022953
784.128,2.0221972
784.714,2.0214422
785.3,2.0206878
785.886,2.0199347
786.472,2.019182
787.058,2.0184302
787.644,2.0176795
788.23,2.0169296
788.816,2.0161803
789.402,2.0154321
789.988,2.0146844
790.574,2.013938
791.16,2.0131922
791.746,2.0124471
792.332,2.011703
792.918,2.0109596
793.504,2.0102172
794.09,2.0094755
794.676,2.0087345
795.262,2.0079944
795.848,2.0072553
796.434,2.0065169
797.02,2.0057793
797.606,2.0050423
798.192,2.0043061
798.778,2.0035708
799.364,2.0028362
799.95,2.0021026
800.536,2.0013695
801.122,2.0006375
801.708,1.9999062
802.294,1.9991757
802.88,1.998446
803.466,1.997717
804.052,1.996989
804.638,1.9962616
805.224,1.9955351
805.81,1.9948094
806.396,1.9940845
806.982,1.9933604
807.568,1.992637
808.154,1.9919144
808.74,1.9911927
809.326,1.9904717
809.912,1.9897515
810.498,1.989032
811.084,1.9883134
811.67,1.9875956
812.256,1.9868785
812.842,1.9861623
813.428,1.9854467
814.014,1.9847319
814.6,1.984018
815.186,1.9833047
815.772,1.9825923
816.358,1.9818807
816.944,1.9811698
817.53,1.9804597
818.116,1.9797503
818.702,1.9790417
819.288,1.9783338
819.874,1.9776268
820.46,1.9769205
821.046,1.9762149
821.632,1.9755101
822.218,1.9748061
822.804,1.9741027
823.39,1.9734002
823.976,1.9726985
824.562,1.9719974
825.148,1.9712971
825.734,1.9705976
826.32,1.9698988
826.906,1.9692007
827.492,1.9685034
828.078,1.9678069
828.664,1.9671111
829.25,1.966416
829.836,1.9657216
830.422,1.965028
831.008,1.9643351
831.594,1.9636431
832.18,1.9629517
832.766,1.962261
833.352,1.961571
833.938,1.9608818
834.524,1.9601933
835.11,1.9595056
835.696,1.9588186
836.282,1.9581323
836.868,1.9574467
837.454,1.9567618
838.04,1.9560777
838.626,1.9553943
839.212,1.9547117
839.798,1.9540296
840.384,1.9533484
840.97,1.9526678
841.556,1.951988
842.142,1.9513088
842.728,1.9506304
843.314,1.9499527
843.9,1.9492757
844.486,1.9485995
845.072,1.9479239
845.658,1.9472491
846.244,1.9465748
846.83,1.9459014
847.416,1.9452287
848.002,1.9445566
848.588,1.9438852
849.174,1.9432145
849.76,1.9425446
850.346,1.9418753
850.932,1.9412067
851.518,1.9405389
852.104,1.9398717
852.69,1.9392052
853.276,1.9385394
853.862,1.937874
854.448,1.9372092
855.034,1.9365453
855.62,1.935882
856.206,1.9352193
856.792,1.9345573
857.378,1.9338961
857.964,1.9332354
858.55,1.9325755
859.136,1.9319162
859.722,1.9312577
860.308,1.9305998
860.894,1.9299426
861.48,1.9292861
862.066,1.9286302
862.652,1.9279751
863.238,1.9273205
863.824,1.9266666
864.41,1.9260135
864.996,1.925361
865.582,1.9247092
866.168,1.924058
866.754,1.9234074
867.34,1.9227576
867.926,1.9221084
868.512,1.9214599
869.098,1.920812
869.684,1.9201648
870.27,1.9195182
870.856,1.9188724
871.442,1.9182272
872.028,1.9175825
872.614,1.9169387
873.2,1.9162954
873.786,1.9156528
874.372,1.9150108
874.958,1.9143695
875.544,1.9137287
876.13,1.9130887
876.716,1.9124494
877.302,1.9118105
877.888,1.9111725
878.474,1.910535
879.06,1.9098982
879.646,1.9092621
880.232,1.9086264
880.818,1.9079915
881.404,1.9073573
881.99,1.9067237
882.576,1.9060907
883.162,1.9054583
883.748,1.9048266
884.334,1.9041955
884.92,1.903565
885.506,1.9029351
886.092,1.902306
886.678,1.9016774
887.264,1.9010495
887.85,1.9004221
888.436,1.8997953
889.022,1.8991692
889.608,1.8985438
890.194,1.8979189
890.78,1.8972946
891.366,1.8966711
891.952,1.8960482
892.538,1.8954258
893.124,1.894804
893.71,1.8941828
894.296,1.8935623
894.882,1.8929423
895.468,1.892323
896.054,1.8917043
896.64,1.8910862
897.226,1.8904688
897.812,1.8898519
898.398,1.8892356
898.984,1.88862
899.57,1.8880049
900.156,1.8873903
900.742,1.8867761
901.328,1.8861626
901.914,1.8855498
902.5,1.8849374
903.086,1.8843257
903.672,1.8837147
904.258,1.8831041
904.844,1.8824942
905.43,1.8818849
906.016,1.8812762
906.602,1.880668
907.188,1.8800606
907.774,1.8794535
908.36,1.8788472
908.946,1.8782415
909.532,1.8776363
910.118,1.8770317
910.704,1.8764278
911.29,1.8758243
911.876,1.8752215
912.462,1.8746192
913.048,1.8740176
913.634,1.8734165
914.22,1.872816
914.806,1.872216
915.392,1.8716167
915.978,1.8710179
916.564,1.8704197
917.15,1.8698221
917.736,1.869225
918.322,1.8686286
918.908,1.8680327
919.494,1.8674374
920.08,1.8668426
920.666,1.8662484
921.252,1.8656548
921.838,1.8650618
922.424,1.8644693
923.01,1.8638773
923.596,1.863286
924.182,1.8626952
924.768,1.862105
925.354,1.8615154
925.94,1.8609263
926.526,1.8603377
927.112,1.8597498
927.698,1.8591623
928.284,1.8585755
928.87,1.8579892
929.456,1.8574034
930.042,1.8568182
930.628,1.8562336
931.214,1.8556495
931.8,1.8550659
932.386,1.854483
932.972,1.8539006
933.558,1.8533187
934.144,1.8527373
934.73,1.8521565
935.316,1.8515763
935.902,1.8509966
936.488,1.8504175
937.074,1.8498389
937.66,1.8492608
938.246,1.8486834
938.832,1.8481064
939.418,1.8475299
940.004,1.846954
940.59,1.8463787
941.176,1.8458039
941.762,1.8452296
942.348,1.8446559
942.934,1.8440827
943.52,1.84351
944.106,1.8429379
944.692,1.8423663
945.278,1.8417952
945.864,1.8412247
946.45,1.8406547
947.036,1.8400853
947.622,1.8395163
948.208,1.8389479
948.794,1.83838
949.38,1.8378127
949.966,1.8372458
950.552,1.8366796
951.138,1.8361138
951.724,1.8355485
952.31,1.8349838
952.896,1.8344196
953.482,1.8338559
954.068,1.8332927
954.654,1.8327301
955.24,1.832168
955.826,1.8316063
956.412,1.8310453
956.998,1.8304846
957.584,1.8299246
958.17,1.829365
958.756,1.8288059
959.342,1.8282474
959.928,1.8276894
960.514,1.8271319
961.1,1.8265749
961.686,1.8260185
962.272,1.8254625
962.858,1.8249071
963.444,1.824352
964.03,1.8237976
964.616,1.8232437
965.202,1.8226902
965.788,1.8221374
966.374,1.8215848
966.96,1.821033
967.546,1.8204815
968.132,1.8199306
968.718,1.8193802
969.304,1.8188303
969.89,1.8182809
970.476,1.8177317
971.062,1.8171833
971.648,1.8166351
972.234,1.8160876
972.82,1.8155404
973.406,1.814994
973.992,1.8144479
974.578,1.8139023
975.164,1.8133571
975.75,1.8128126
976.336,1.8122685
976.922,1.8117248
977.508,1.8111817
978.094,1.810639
978.68,1.8100969
979.266,1.8095552
979.852,1.809014
980.438,1.8084733
981.024,1.8079331
981.61,1.8073933
982.196,1.8068541
982.782,1.8063153
983.368,1.8057771
983.954,1.8052393
984.54,1.8047019
985.126,1.8041651
985.712,1.8036288
986.298,1.803093
986.884,1.8025575
987.47,1.8020226
988.056,1.8014882
988.642,1.8009541
989.228,1.8004206
989.814,1.7998877
990.4,1.7993551
990.986,1.798823
991.572,1.7982914
992.158,1.7977604
992.744,1.7972296
993.33,1.7966995
993.916,1.7961698
994.502,1.7956405
995.088,1.7951117
995.674,1.7945834
996.26,1.7940556
996.846,1.7935282
997.432,1.7930013
998.018,1.7924749
998.604,1.7919488
999.19,1.7914233
999.776,1.7908982
1000.362,1.7903737
1000.948,1.7898495
1001.534,1.7893258
1002.12,1.7888026
1002.706,1.7882799
1003.292,1.7877575
1003.878,1.7872357
1004.464,1.7867143
1005.05,1.7861934
1005.636,1.7856729
1006.222,1.7851529
1006.808,1.7846334
1007.394,1.7841142
1007.98,1.7835957
1008.566,1.7830775
1009.152,1.7825596
1009.738,1.7820424
1010.324,1.7815255
1010.91,1.7810091
1011.496,1.7804931
1012.082,1.7799777
1012.668,1.7794627
1013.254,1.7789481
1013.84,1.7784338
1014.426,1.7779201
1015.012,1.7774069
1015.598,1.7768941
1016.184,1.7763816
1016.77,1.7758697
1017.356,1.7753583
1017.942,1.7748471
1018.528,1.7743366
1019.114,1.7738265
1019.7,1.7733167
1020.286,1.7728075
1020.872,1.7722986
1021.458,1.7717901
1022.044,1.7712822
1022.63,1.7707746
1023.216,1.7702676
1023.802,1.769761
1024.388,1.7692547
1024.974,1.7687489
1025.56,1.7682436
1026.146,1.7677386
1026.732,1.7672341
1027.318,1.7667301
1027.904,1.7662264
1028.49,1.7657232
1029.076,1.7652204
1029.662,1.7647181
1030.248,1.7642162
1030.834,1.7637147
1031.42,1.7632136
1032.006,1.7627131
1032.592,1.7622128
1033.178,1.761713
1033.764,1.7612137
1034.35,1.7607148
1034.936,1.7602162
1035.522,1.7597182
1036.108,1.7592205
1036.694,1.7587233
1037.28,1.7582264
1037.866,1.7577301
1038.452,1.7572341
1039.038,1.7567385
1039.624,1.7562435
1040.21,1.7557487
1040.796,1.7552544
1041.382,1.7547605
1041.968,1.7542671
1042.554,1.753774
1043.14,1.7532814
1043.726,1.7527891
1044.312,1.7522974
1044.898,1.751806
1045.484,1.751315
1046.07,1.7508245
1046.656,1.7503343
1047.242,1.7498446
1047.828,1.7493552
1048.414,1.7488663
1049,1.7483778
1049.586,1.7478898
1050.172,1.7474021
1050.758,1.7469147
1051.344,1.7464279
1051.93,1.7459414
1052.516,1.7454554
1053.102,1.7449697
1053.688,1.7444844
1054.274,1.7439996
1054.86,1.7435151
1055.446,1.7430311
1056.032,1.7425475
1056.618,1.7420642
1057.204,1.7415814
1057.79,1.741099
1058.376,1.740617
1058.962,1.7401353
1059.548,1.7396542
1060.134,1.7391733
1060.72,1.7386929
1061.306,1.7382128
1061.892,1.7377332
1062.478,1.737254
1063.064,1.7367752
1063.65,1.7362967
1064.236,1.7358186
1064.822,1.735341
1065.408,1.7348636
1065.994,1.7343868
1066.58,1.7339103
1067.166,1.7334343
1067.752,1.7329587
1068.338,1.7324834
1068.924,1.7320083
1069.51,1.7315339
1070.096,1.7310598
1070.682,1.7305861
1071.268,1.7301127
1071.854,1.7296396
1072.44,1.7291671
1073.026,1.7286949
1073.612,1.7282231
1074.198,1.7277517
1074.784,1.7272807
1075.37,1.7268101
1075.956,1.7263398
1076.542,1.7258699
1077.128,1.7254004
1077.714,1.7249314
1078.3,1.7244626
1078.886,1.7239943
1079.472,1.7235262
1080.058,1.7230587
1080.644,1.7225915
1081.23,1.7221247
1081.816,1.7216582
1082.402,1.7211921
1082.988,1.7207265
1083.574,1.7202612
1084.16,1.7197963
1084.746,1.7193317
1085.332,1.7188675
1085.918,1.7184037
1086.504,1.7179403
1087.09,1.7174772
1087.676,1.7170146
1088.262,1.7165523
1088.848,1.7160903
1089.434,1.7156287
1090.02,1.7151676
1090.606,1.7147068
1091.192,1.7142463
1091.778,1.7137862
1092.364,1.7133266
1092.95,1.7128671
1093.536,1.7124083
1094.122,1.7119497
1094.708,1.7114915
1095.294,1.7110336
1095.88,1.7105761
1096.466,1.710119
1097.052,1.7096622
1097.638,1.7092059
1098.224,1.7087498
1098.81,1.7082942
1099.396,1.7078388
1099.982,1.7073839
1100.568,1.7069293
1101.154,1.7064751
1101.74,1.7060213
1102.326,1.7055677
1102.912,1.7051146
1103.498,1.7046618
1104.084,1.7042094
1104.67,1.7037574
1105.256,1.7033057
1105.842,1.7028544
1106.428,1.7024034
1107.014,1.7019528
1107.6,1.7015026
1108.186,1.7010527
1108.772,1.7006031
1109.358,1.7001539
1109.944,1.6997051
1110.53,1.6992567
1111.116,1.6988086
1111.702,1.6983608
1112.288,1.6979134
1112.874,1.6974664
1113.46,1.6970196
1114.046,1.6965734
1114.632,1.6961273
1115.218,1.6956817
1115.804,1.6952364
1116.39,1.6947914
1116.976,1.6943468
1117.562,1.6939026
1118.148,1.6934587
1118.734,1.6930152
1119.32,1.6925719
1119.906,1.6921291
1120.492,1.6916866
1121.078,1.6912445
1121.664,1.6908027
1122.25,1.6903611
1122.836,1.6899201
1123.422,1.6894792
1124.008,1.6890389
1124.594,1.6885988
1125.18,1.688159
1125.766,1.6877196
1126.352,1.6872805
1126.938,1.6868418
1127.524,1.6864035
1128.11,1.6859654
1128.696,1.6855278
1129.282,1.6850904
1129.868,1.6846534
1130.454,1.6842167
1131.04,1.6837804
1131.626,1.6833445
1132.212,1.6829088
1132.798,1.6824735
1133.384,1.6820385
1133.97,1.6816039
1134.556,1.6811695
1135.142,1.6807356
1135.728,1.680302
1136.314,1.6798687
1136.9,1.6794357
1137.486,1.6790031
1138.072,1.6785707
1138.658,1.6781389
1139.244,1.6777073
1139.83,1.6772759
1140.416,1.676845
1141.002,1.6764144
1141.588,1.675984
1142.174,1.675554
1142.76,1.6751245
1143.346,1.6746953
1143.932,1.6742662
1144.518,1.6738375
1145.104,1.6734092
1145.69,1.6729813
1146.276,1.6725535
1146.862,1.6721263
1147.448,1.6716993
1148.034,1.6712726
1148.62,1.6708462
1149.206,1.6704202
1149.792,1.6699946
1150.378,1.6695691
1150.964,1.6691442
1151.55,1.6687194
1152.136,1.668295
1152.722,1.6678709
1153.308,1.6674471
1153.894,1.6670238
1154.48,1.6666007
1155.066,1.6661779
1155.652,1.6657554
1156.238,1.6653333
1156.824,1.6649114
1157.41,1.66449
1157.996,1.6640687
1158.582,1.6636479
1159.168,1.6632273
1159.754,1.6628071
1160.34,1.6623873
1160.926,1.6619676
1161.512,1.6615484
1162.098,1.6611295
1162.684,1.6607108
1163.27,1.6602925
1163.856,1.6598744
1164.442,1.6594567
1165.028,1.6590394
1165.614,1.6586224
1166.2,1.6582056
1166.786,1.6577892
1167.372,1.6573731
1167.958,1.6569573
1168.544,1.6565417
1169.13,1.6561266
1169.716,1.6557118
1170.302,1.6552972
1170.888,1.6548829
1171.474,1.654469
1172.06,1.6540554
1172.646,1.6536421
1173.232,1.6532291
1173.818,1.6528164
1174.404,1.652404
1174.99,1.651992
1175.576,1.6515801
1176.162,1.6511687
1176.748,1.6507576
1177.334,1.6503466
1177.92,1.6499362
1178.506,1.6495259
1179.092,1.6491159
1179.678,1.6487064
1180.264,1.6482971
1180.85,1.6478881
1181.436,1.6474793
1182.022,1.6470709
1182.608,1.6466628
1183.194,1.646255
1183.78,1.6458476
1184.366,1.6454403
1184.952,1.6450335
1185.538,1.6446269
1186.124,1.6442206
1186.71,1.6438147
1187.296,1.643409
1187.882,1.6430036
1188.468,1.6425985
1189.054,1.6421937
1189.64,1.6417892
1190.226,1.6413851
1190.812,1.6409811
1191.398,1.6405776
1191.984,1.6401743
1192.57,1.6397713
1193.156,1.6393685
1193.742,1.6389662
1194.328,1.6385641
1194.914,1.6381623
1195.5,1.6377608
1196.086,1.6373596
1196.672,1.6369586
1197.258,1.6365581
1197.844,1.6361576
1198.43,1.6357576
1199.016,1.6353579
1199.602,1.6349584
1200.188,1.6345593
1200.774,1.6341604
1201.36,1.6337619
1201.946,1.6333636
1202.532,1.6329656
1203.118,1.6325679
1203.704,1.6321704
1204.29,1.6317734
1204.876,1.6313765
1205.462,1.6309799
1206.048,1.6305838
1206.634,1.6301877
1207.22,1.6297921
1207.806,1.6293967
1208.392,1.6290016
1208.978,1.6286068
1209.564,1.6282122
1210.15,1.627818
1210.736,1.627424
1211.322,1.6270304
1211.908,1.626637
1212.494,1.6262439
1213.08,1.625851
1213.666,1.6254586
1214.252,1.6250663
1214.838,1.6246743
1215.424,1.6242827
1216.01,1.6238914
1216.596,1.6235002
1217.182,1.6231093
1217.768,1.6227188
1218.354,1.6223286
1218.94,1.6219386
1219.526,1.6215489
1220.112,1.6211594
1220.698,1.6207703
1221.284,1.6203815
1221.87,1.6199929
1222.456,1.6196046
1223.042,1.6192166
1223.628,1.6188289
1224.214,1.6184415
1224.8,1.6180543
1225.386,1.6176673
1225.972,1.6172807
1226.558,1.6168944
1227.144,1.6165082
1227.73,1.6161225
1228.316,1.615737
1228.902,1.6153518
1229.488,1.6149668
1230.074,1.6145821
1230.66,1.6141976
1231.246,1.6138135
1231.832,1.6134297
1232.418,1.6130461
1233.004,1.6126628
1233.59,1.6122797
1234.176,1.6118969
1234.762,1.6115144
1235.348,1.6111323
1235.934,1.6107503
1236.52,1.6103686
1237.106,1.6099871
1237.692,1.609606
1238.278,1.6092252
1238.864,1.6088446
1239.45,1.6084642
1240.036,1.6080842
1240.622,1.6077044
1241.208,1.6073248
1241.794,1.6069456
1242.38,1.6065667
1242.966,1.6061879
1243.552,1.6058095
1244.138,1.6054313
1244.724,1.6050534
1245.31,1.6046758
1245.896,1.6042984
1246.482,1.6039212
1247.068,1.6035444
1247.654,1.6031678
1248.24,1.6027915
1248.826,1.6024154
1249.412,1.6020397
1249.998,1.6016642
1250.584,1.6012889
1251.17,1.600914
1251.756,1.6005392
1252.342,1.6001648
1252.928,1.5997906
1253.514,1.5994166
1254.1,1.5990429
1254.686,1.5986695
1255.272,1.5982964
1255.858,1.5979234
1256.444,1.5975509
1257.03,1.5971785
1257.616,1.5968064
1258.202,1.5964346
1258.788,1.5960629
1259.374,1.5956917
1259.96,1.5953206
1260.546,1.5949497
1261.132,1.5945792
1261.718,1.5942088
1262.304,1.5938388
1262.89,1.5934691
1263.476,1.5930996
1264.062,1.5927304
1264.648,1.5923613
1265.234,1.5919926
1265.82,1.5916241
1266.406,1.5912559
1266.992,1.5908879
1267.578,1.5905201
1268.164,1.5901527
1268.75,1.5897856
1269.336,1.5894185
1269.922,1.5890518
1270.508,1.5886854
1271.094,1.5883192
1271.68,1.5879533
1272.266,1.5875876
1272.852,1.5872221
1273.438,1.586857
1274.024,1.5864921
1274.61,1.5861274
1275.196,1.585763
1275.782,1.5853988
1276.368,1.5850348
1276.954,1.5846711
1277.54,1.5843078
1278.126,1.5839446
1278.712,1.5835817
1279.298,1.5832191
1279.884,1.5828567
1280.47,1.5824945
1281.056,1.5821326
1281.642,1.5817709
1282.228,1.5814095
1282.814,1.5810483
1283.4,1.5806873
1283.986,1.5803267
1284.572,1.5799663
1285.158,1.5796061
1285.744,1.579246
1286.33,1.5788864
1286.916,1.578527
1287.502,1.5781678
1288.088,1.5778089
1288.674,1.57745
1289.26,1.5770917
1289.846,1.5767335
1290.432,1.5763755
1291.018,1.5760177
1291.604,1.5756602
1292.19,1.575303
1292.776,1.574946
1293.362,1.5745893
1293.948,1.5742327
1294.534,1.5738765
1295.12,1.5735203
1295.706,1.5731645
1296.292,1.5728089
1296.878,1.5724534
1297.464,1.5720983
1298.05,1.5717434
1298.636,1.5713886
1299.222,1.5710342
1299.808,1.57068
1300.394,1.5703261
1300.98,1.5699723
1301.566,1.5696188
1302.152,1.5692656
1302.738,1.5689126
1303.324,1.5685598
1303.91,1.5682073
1304.496,1.567855
1305.082,1.5675029
1305.668,1.5671511
1306.254,1.5667995
1306.84,1.5664481
1307.426,1.566097
1308.012,1.5657462
1308.598,1.5653955
1309.184,1.5650451
1309.77,1.564695
1310.356,1.564345
1310.942,1.5639954
1311.528,1.563646
1312.114,1.5632967
1312.7,1.5629476
1313.286,1.5625989
1313.872,1.5622504
1314.458,1.561902
1315.044,1.5615541
1315.63,1.5612062
1316.216,1.5608586
1316.802,1.5605112
1317.388,1.5601641
1317.974,1.5598172
1318.56,1.5594705
1319.146,1.5591241
1319.732,1.5587779
1320.318,1.558432
1320.904,1.5580862
1321.49,1.5577408
1322.076,1.5573955
1322.662,1.5570503
1323.248,1.5567056
1323.834,1.556361
1324.42,1.5560166
1325.006,1.5556725
1325.592,1.5553286
1326.178,1.5549849
1326.764,1.5546415
1327.35,1.5542982
1327.936,1.5539553
1328.522,1.5536125
1329.108,1.55327
1329.694,1.5529276
1330.28,1.5525856
1330.866,1.5522437
1331.452,1.5519021
1332.038,1.5515606
1332.624,1.5512195
1333.21,1.5508785
1333.796,1.5505378
1334.382,1.5501974
1334.968,1.549857
1335.554,1.549517
1336.14,1.5491772
1336.726,1.5488375
1337.312,1.5484982
1337.898,1.548159
1338.484,1.5478201
1339.07,1.5474813
1339.656,1.5471429
1340.242,1.5468045
1340.828,1.5464665
1341.414,1.5461287
1342,1.545791
1342.586,1.5454537
1343.172,1.5451165
1343.758,1.5447797
1344.344,1.5444429
1344.93,1.5441064
1345.516,1.5437701
1346.102,1.543434
1346.688,1.5430982
1347.274,1.5427626
1347.86,1.5424272
1348.446,1.5420921
1349.032,1.5417571
1349.618,1.5414224
1350.204,1.5410879
1350.79,1.5407535
1351.376,1.5404195
1351.962,1.5400856
1352.548,1.5397519
1353.134,1.5394185
1353.72,1.5390853
1354.306,1.5387523
1354.892,1.5384195
1355.478,1.5380869
1356.064,1.5377545
1356.65,1.5374225
1357.236,1.5370905
1357.822,1.5367588
1358.408,1.5364274
1358.994,1.5360961
1359.58,1.5357651
1360.166,1.5354341
1360.752,1.5351036
1361.338,1.5347731
1361.924,1.5344429
1362.51,1.5341129
1363.096,1.5337832
1363.682,1.5334536
1364.268,1.5331242
1364.854,1.5327952
1365.44,1.5324662
1366.026,1.5321375
1366.612,1.531809
1367.198,1.5314807
1367.784,1.5311526
1368.37,1.5308248
1368.956,1.5304972
1369.542,1.5301697
1370.128,1.5298425
1370.714,1.5295155
1371.3,1.5291886
1371.886,1.528862
1372.472,1.5285356
1373.058,1.5282094
1373.644,1.5278835
1374.23,1.5275577
1374.816,1.5272322
1375.402,1.5269068
1375.988,1.5265818
1376.574,1.5262568
1377.16,1.5259321
1377.746,1.5256076
1378.332,1.5252832
1378.918,1.5249592
1379.504,1.5246353
1380.09,1.5243115
1380.676,1.5239881
1381.262,1.5236648
1381.848,1.5233419
1382.434,1.523019
1383.02,1.5226963
1383.606,1.5223739
1384.192,1.5220516
1384.778,1.5217296
1385.364,1.5214078
1385.95,1.5210861
1386.536,1.5207648
1387.122,1.5204436
1387.708,1.5201225
1388.294,1.5198017
1388.88,1.5194811
1389.466,1.5191607
1390.052,1.5188406
1390.638,1.5185205
1391.224,1.5182008
1391.81,1.5178812
1392.396,1.5175618
1392.982,1.5172427
1393.568,1.5169237
1394.154,1.5166049
1394.74,1.5162863
1395.326,1.5159678
1395.912,1.5156498
1396.498,1.5153317
1397.084,1.5150139
1397.67,1.5146965
1398.256,1.5143791
1398.842,1.5140619
1399.428,1.513745
1400.014,1.5134282
1400.6,1.5131116
1401.186,1.5127953
1401.772,1.5124791
1402.358,1.512163
1402.944,1.5118474
1403.53,1.5115318
1404.116,1.5112164
1404.702,1.5109012
1405.288,1.5105863
1405.874,1.5102715
1406.46,1.509957
1407.046,1.5096425
1407.632,1.5093284
1408.218,1.5090144
1408.804,1.5087006
1409.39,1.508387
1409.976,1.5080736
1410.562,1.5077604
1411.148,1.5074474
1411.734,1.5071346
1412.32,1.5068219
1412.906,1.5065095
1413.492,1.5061973
1414.078,1.5058852
1414.664,1.5055734
1415.25,1.5052618
1415.836,1.5049503
1416.422,1.504639
1417.008,1.504328
1417.594,1.5040171
1418.18,1.5037063
1418.766,1.5033957
1419.352,1.5030853
1419.938,1.502775
1420.524,1.5024649
1421.11,1.5021551
1421.696,1.5018455
1422.282,1.501536
1422.868,1.5012267
1423.454,1.5009176
1424.04,1.5006087
1424.626,1.5002999
1425.212,1.4999914
1425.798,1.4996831
1426.384,1.499375
1426.97,1.4990671
1427.556,1.4987593
1428.142,1.4984517
1428.728,1.4981444
1429.314,1.4978372
1429.9,1.4975302
1430.486,1.4972234
1431.072,1.4969168
1431.658,1.4966104
1432.244,1.496304
1432.83,1.4959981
1433.416,1.4956923
1434.002,1.4953865
1434.588,1.4950811
1435.174,1.4947758
1435.76,1.4944707
1436.346,1.4941658
1436.932,1.493861
1437.518,1.4935564
1438.104,1.4932522
1438.69,1.4929479
1439.276,1.492644
1439.862,1.4923401
1440.448,1.4920365
1441.034,1.4917331
1441.62,1.4914298
1442.206,1.4911268
1442.792,1.4908239
1443.378,1.4905212
1443.964,1.4902188
1444.55,1.4899164
1445.136,1.4896144
1445.722,1.4893123
1446.308,1.4890106
1446.894,1.488709
1447.48,1.4884076
1448.066,1.4881064
1448.652,1.4878054
1449.238,1.4875046
1449.824,1.4872038
1450.41,1.4869034
1450.996,1.4866031
1451.582,1.4863031
1452.168,1.486003
1452.754,1.4857033
1453.34,1.4854038
1453.926,1.4851044
1454.512,1.4848052
1455.098,1.4845061
1455.684,1.4842074
1456.27,1.4839087
1456.856,1.4836102
1457.442,1.4833119
1458.028,1.4830137
1458.614,1.4827158
1459.2,1.4824181
1459.786,1.4821206
1460.372,1.4818232
1460.958,1.4815259
1461.544,1.4812289
1462.13,1.4809321
1462.716,1.4806354
1463.302,1.4803389
1463.888,1.4800426
1464.474,1.4797465
1465.06,1.4794505
1465.646,1.4791547
1466.232,1.4788591
1466.818,1.4785637
1467.404,1.4782684
1467.99,1.4779733
1468.576,1.4776784
1469.162,1.4773837
1469.748,1.4770893
1470.334,1.476795
1470.92,1.4765007
1471.506,1.4762067
1472.092,1.4759129
1472.678,1.4756192
1473.264,1.4753257
1473.85,1.4750324
1474.436,1.4747393
1475.022,1.4744464
1475.608,1.4741536
1476.194,1.473861
1476.78,1.4735686
1477.366,1.4732764
1477.952,1.4729843
1478.538,1.4726924
1479.124,1.4724007
1479.71,1.4721091
1480.296,1.4718177
1480.882,1.4715266
1481.468,1.4712355
1482.054,1.4709446
1482.64,1.470654
1483.226,1.4703635
1483.812,1.4700732
1484.398,1.4697829
1484.984,1.469493
1485.57,1.4692032
1486.156,1.4689136
1486.742,1.4686241
1487.328,1.4683348
1487.914,1.4680457
1488.5,1.4677567
1489.086,1.4674679
1489.672,1.4671793
1490.258,1.4668909
1490.844,1.4666027
1491.43,1.4663146
1492.016,1.4660265
1492.602,1.4657389
1493.188,1.4654512
1493.774,1.4651638
1494.36,1.4648765
1494.946,1.4645895
1495.532,1.4643027
1496.118,1.464016
1496.704,1.4637294
1497.29,1.4634429
1497.876,1.4631567
1498.462,1.4628707
1499.048,1.4625849
1499.634,1.4622991
1500.22,1.4620135
1500.806,1.4617281
1501.392,1.4614429
1501.978,1.4611579
1502.564,1.460873
1503.15,1.4605882
1503.736,1.4603037
1504.322,1.4600194
1504.908,1.4597352
1505.494,1.4594511
1506.08,1.4591672
1506.666,1.4588835
1507.252,1.4585999
1507.838,1.4583167
1508.424,1.4580334
1509.01,1.4577503
1509.596,1.4574674
1510.182,1.4571848
1510.768,1.4569023
1511.354,1.4566199
1511.94,1.4563377
1512.526,1.4560556
1513.112,1.4557737
1513.698,1.455492
1514.284,1.4552104
1514.87,1.454929
1515.456,1.4546478
1516.042,1.4543668
1516.628,1.4540859
1517.214,1.4538052
1517.8,1.4535245
1518.386,1.4532439
1518.972,1.4529635
1519.558,1.4526832
1520.144,1.4524031
1520.73,1.452123
1521.316,1.4518433
1521.902,1.4515637
1522.488,1.4512842
1523.074,1.4510049
1523.66,1.4507257
1524.246,1.4504467
1524.832,1.4501679
1525.418,1.4498893
1526.004,1.4496108
1526.59,1.4493325
1527.176,1.4490542
1527.762,1.4487762
1528.348,1.4484985
1528.934,1.4482207
1529.52,1.4479432
1530.106,1.4476659
1530.692,1.4473886
1531.278,1.4471117
1531.864,1.4468348
1532.45,1.4465581
1533.036,1.4462816
1533.622,1.4460051
1534.208,1.4457289
1534.794,1.4454529
1535.38,1.445177
1535.966,1.4449012
1536.552,1.4446256
1537.138,1.4443501
1537.724,1.4440749
1538.31,1.4437997
1538.896,1.4435248
1539.482,1.4432501
1540.068,1.4429754
1540.654,1.442701
1541.24,1.4424267
1541.826,1.4421525
1542.412,1.4418784
1542.998,1.4416046
1543.584,1.4413309
1544.17,1.4410574
1544.756,1.4407841
1545.342,1.4405109
1545.928,1.4402378
1546.514,1.4399649
1547.1,1.4396921
1547.686,1.4394196
1548.272,1.4391471
1548.858,1.4388748
1549.444,1.4386027
1550.03,1.4383308
1550.616,1.438059
1551.202,1.4377873
1551.788,1.4375159
1552.374,1.4372445
1552.96,1.4369733
1553.546,1.4367024
1554.132,1.4364314
1554.718,1.4361607
1555.304,1.4358902
1555.89,1.4356197
1556.476,1.4353495
1557.062,1.4350795
1557.648,1.4348094
1558.234,1.4345397
1558.82,1.43427
1559.406,1.4340006
1559.992,1.4337312
1560.578,1.433462
1561.164,1.4331931
1561.75,1.4329242
1562.336,1.4326555
1562.922,1.4323869
1563.508,1.4321185
1564.094,1.4318502
1564.68,1.4315821
1565.266,1.4313142
1565.852,1.4310464
1566.438,1.4307787
1567.024,1.4305112
1567.61,1.4302438
1568.196,1.4299767
1568.782,1.4297097
1569.368,1.4294428
1569.954,1.4291761
1570.54,1.4289094
1571.126,1.428643
1571.712,1.4283767
1572.298,1.4281106
1572.884,1.4278445
1573.47,1.4275788
1574.056,1.4273131
1574.642,1.4270475
1575.228,1.4267821
1575.814,1.4265169
1576.4,1.4262518
1576.986,1.4259869
1577.572,1.4257221
1578.158,1.4254575
1578.744,1.425193
1579.33,1.4249287
1579.916,1.4246644
1580.502,1.4244003
1581.088,1.4241365
1581.674,1.4238727
1582.26,1.4236091
1582.846,1.4233457
1583.432,1.4230824
1584.018,1.4228193
1584.604,1.4225562
1585.19,1.4222933
1585.776,1.4220306
1586.362,1.4217681
1586.948,1.4215056
1587.534,1.4212433
1588.12,1.4209812
1588.706,1.4207193
1589.292,1.4204574
1589.878,1.4201957
1590.464,1.4199342
1591.05,1.4196727
1591.636,1.4194115
1592.222,1.4191504
1592.808,1.4188894
1593.394,1.4186285
1593.98,1.4183675
1594.566,1.4181068
1595.152,1.4178462
1595.738,1.4175857
1596.324,1.4173255
1596.91,1.4170654
1597.496,1.4168054
1598.082,1.4165455
1598.668,1.4162858
1599.254,1.4160261
1599.84,1.4157667
1600.426,1.4155074
1601.012,1.4152483
1601.598,1.4149894
1602.184,1.4147304
1602.77,1.4144717
1603.356,1.4142132
1603.942,1.4139547
1604.528,1.4136965
1605.114,1.4134383
1605.7,1.4131804
1606.286,1.4129225
1606.872,1.4126648
1607.458,1.4124072
1608.044,1.4121498
1608.63,1.4118925
1609.216,1.4116354
1609.802,1.4113784
1610.388,1.4111215
1610.974,1.4108647
1611.56,1.4106082
1612.146,1.4103518
1612.732,1.4100955
1613.318,1.4098393
1613.904,1.4095833
1614.49,1.4093274
1615.076,1.4090717
1615.662,1.4088161
1616.248,1.4085606
1616.834,1.4083053
1617.42,1.4080502
1618.006,1.4077952
1618.592,1.4075402
1619.178,1.4072855
1619.764,1.4070309
1620.35,1.4067764
1620.936,1.406522
1621.522,1.4062679
1622.108,1.4060138
1622.694,1.4057599
1623.28,1.4055061
1623.866,1.4052525
1624.452,1.404999
1625.038,1.4047456
1625.624,1.4044924
1626.21,1.4042393
1626.796,1.4039863
1627.382,1.4037336
1627.968,1.4034809
1628.554,1.4032284
1629.14,1.4029759
1629.726,1.4027237
1630.312,1.4024715
1630.898,1.4022195
1631.484,1.4019678
1632.07,1.401716
1632.656,1.4014645
1633.242,1.401213
1633.828,1.4009618
1634.414,1.4007106
1635,1.4004595
1635.586,1.4002086
1636.172,1.3999579
1636.758,1.3997072
1637.344,1.3994567
1637.93,1.3992064
1638.516,1.3989562
1639.102,1.3987061
1639.688,1.3984561
1640.274,1.3982064
1640.86,1.3979566
1641.446,1.3977071
1642.032,1.3974577
1642.618,1.3972085
1643.204,1.3969593
1643.79,1.3967103
1644.376,1.3964615
1644.962,1.3962127
1645.548,1.3959641
1646.134,1.3957156
1646.72,1.3954673
1647.306,1.3952191
1647.892,1.394971
1648.478,1.3947231
1649.064,1.3944753
1649.65,1.3942276
1650.236,1.3939801
1650.822,1.3937327
1651.408,1.3934854
1651.994,1.3932383
1652.58,1.3929913
1653.166,1.3927444
1653.752,1.3924977
1654.338,1.3922511
1654.924,1.3920046
1655.51,1.3917582
1656.096,1.391512
1656.682,1.391266
1657.268,1.3910199
1657.854,1.3907741
1658.44,1.3905286
1659.026,1.390283
1659.612,1.3900375
1660.198,1.3897922
1660.784,1.3895471
1661.37,1.389302
1661.956,1.3890572
1662.542,1.3888124
1663.128,1.3885677
1663.714,1.3883232
1664.3,1.3880788
1664.886,1.3878345
1665.472,1.3875904
1666.058,1.3873465
1666.644,1.3871026
1667.23,1.3868588
1667.816,1.3866153
1668.402,1.3863719
1668.988,1.3861284
1669.574,1.3858852
1670.16,1.3856422
1670.746,1.3853992
1671.332,1.3851564
1671.918,1.3849137
1672.504,1.3846711
1673.09,1.3844286
1673.676,1.3841863
1674.262,1.3839442
1674.848,1.383702
1675.434,1.3834602
1676.02,1.3832183
1676.606,1.3829767
1677.192,1.3827351
1677.778,1.3824937
1678.364,1.3822523
1678.95,1.3820112
1679.536,1.3817701
1680.122,1.3815292
1680.708,1.3812884
1681.294,1.3810478
1681.88,1.3808073
1682.466,1.3805668
1683.052,1.3803266
1683.638,1.3800864
1684.224,1.3798463
1684.81,1.3796065
1685.396,1.3793668
1685.982,1.379127
1686.568,1.3788875
1687.154,1.3786482
1687.74,1.3784089
1688.326,1.3781697
1688.912,1.3779306
1689.498,1.3776917
1690.084,1.377453
1690.67,1.3772143
1691.256,1.3769759
1691.842,1.3767374
1692.428,1.3764989
1693.014,1.3762605
1693.6,1.3760223
1694.186,1.3757844
1694.772,1.3755463
1695.358,1.3753086
1695.944,1.3750709
1696.53,1.3748333
1697.116,1.3745959
1697.702,1.3743585
1698.288,1.3741214
1698.874,1.3738843
1699.46,1.3736475
1700.046,1.3734106
1700.632,1.373174
1701.218,1.3729373
1701.804,1.3727008
1702.39,1.3724645
1702.976,1.3722284
1703.562,1.3719922
1704.148,1.3717563
1704.734,1.3715205
1705.32,1.3712847
1705.906,1.3710492
1706.492,1.3708137
1707.078,1.3705783
1707.664,1.3703431
1708.25,1.370108
1708.836,1.369873
1709.422,1.3696382
1710.008,1.3694035
1710.594,1.3691689
1711.18,1.3689343
1711.766,1.3686999
1712.352,1.3684657
1712.938,1.3682315
1713.524,1.3679975
1714.11,1.3677636
1714.696,1.3675299
1715.282,1.3672962
1715.868,1.3670627
1716.454,1.3668293
1717.04,1.366596
1717.626,1.3663628
1718.212,1.3661299
1718.798,1.3658968
1719.384,1.3656641
1719.97,1.3654314
1720.556,1.3651989
1721.142,1.3649664
1721.728,1.3647341
1722.314,1.3645018
1722.9,1.3642697
1723.486,1.3640378
1724.072,1.3638059
1724.658,1.3635741
1725.244,1.3633425
1725.83,1.363111
1726.416,1.3628796
1727.002,1.3626484
1727.588,1.3624173
1728.174,1.3621862
1728.76,1.3619553
1729.346,1.3617245
1729.932,1.3614939
1730.518,1.3612633
1731.104,1.3610328
1731.69,1.3608025
1732.276,1.3605723
1732.862,1.3603423
1733.448,1.3601123
1734.034,1.3598825
1734.62,1.3596528
1735.206,1.3594232
1735.792,1.3591937
1736.378,1.3589642
1736.964,1.358735
1737.55,1.3585058
1738.136,1.3582768
1738.722,1.3580478
1739.308,1.3578191
1739.894,1.3575904
1740.48,1.3573619
1741.066,1.3571334
1741.652,1.3569051
1742.238,1.3566768
1742.824,1.3564488
1743.41,1.3562207
1743.996,1.3559929
1744.582,1.3557651
1745.168,1.3555375
1745.754,1.35531
1746.34,1.3550825
1746.926,1.3548553
1747.512,1.3546281
1748.098,1.354401
1748.684,1.3541741
1749.27,1.3539473
1749.856,1.3537205
1750.442,1.3534939
1751.028,1.3532674
1751.614,1.3530411
1752.2,1.3528148
1752.786,1.3525887
1753.372,1.3523625
1753.958,1.3521366
1754.544,1.3519108
1755.13,1.3516852
1755.716,1.3514595
1756.302,1.3512341
1756.888,1.3510088
1757.474,1.3507835
1758.06,1.3505584
1758.646,1.3503333
1759.232,1.3501084
1759.818,1.3498837
1760.404,1.349659
1760.99,1.3494344
1761.576,1.3492099
1762.162,1.3489857
1762.748,1.3487613
1763.334,1.3485372
1763.92,1.3483132
1764.506,1.3480893
1765.092,1.3478656
1765.678,1.3476419
1766.264,1.3474184
1766.85,1.3471949
1767.436,1.3469716
1768.022,1.3467484
1768.608,1.3465253
1769.194,1.3463023
1769.78,1.3460793
1770.366,1.3458565
1770.952,1.345634
1771.538,1.3454113
1772.124,1.345189
1772.71,1.3449665
1773.296,1.3447443
1773.882,1.3445222
1774.468,1.3443003
1775.054,1.3440784
1775.64,1.3438566
1776.226,1.343635
1776.812,1.3434134
1777.398,1.3431919
1777.984,1.3429706
1778.57,1.3427494
1779.156,1.3425282
1779.742,1.3423072
1780.328,1.3420863
1780.914,1.3418655
1781.5,1.3416448
1782.086,1.3414242
1782.672,1.3412038
1783.258,1.3409834
1783.844,1.3407632
1784.43,1.340543
1785.016,1.340323
1785.602,1.3401031
1786.188,1.3398833
1786.774,1.3396636
1787.36,1.339444
1787.946,1.3392245
1788.532,1.3390051
1789.118,1.3387859
1789.704,1.3385667
1790.29,1.3383477
1790.876,1.3381287
1791.462,1.3379098
1792.048,1.3376911
1792.634,1.3374724
1793.22,1.3372539
1793.806,1.3370357
1794.392,1.3368173
1794.978,1.3365991
1795.564,1.336381
1796.15,1.336163
1796.736,1.3359451
1797.322,1.3357273
1797.908,1.3355098
1798.494,1.3352922
1799.08,1.3350748
1799.666,1.3348575
1800.252,1.3346401
1800.838,1.3344231
1801.424,1.334206
1802.01,1.3339891
1802.596,1.3337723
1803.182,1.3335556
1803.768,1.333339
1804.354,1.3331225
1804.94,1.3329061
1805.526,1.3326899
1806.112,1.3324736
1806.698,1.3322576
1807.284,1.3320416
1807.87,1.3318257
1808.456,1.3316101
1809.042,1.3313944
1809.628,1.3311789
1810.214,1.3309634
1810.8,1.3307481
1811.386,1.3305329
1811.972,1.3303177
1812.558,1.3301027
1813.144,1.3298877
1813.73,1.3296731
1814.316,1.3294584
1814.902,1.3292437
1815.488,1.3290292
1816.074,1.3288149
1816.66,1.3286005
1817.246,1.3283863
1817.832,1.3281722
1818.418,1.3279583
1819.004,1.3277444
1819.59,1.3275306
1820.176,1.327317
1820.762,1.3271035
1821.348,1.32689
1821.934,1.3266766
1822.52,1.3264633
1823.106,1.3262502
1823.692,1.3260372
1824.278,1.3258243
1824.864,1.3256114
1825.45,1.3253987
1826.036,1.325186
1826.622,1.3249735
1827.208,1.324761
1827.794,1.3245487
1828.38,1.3243365
1828.966,1.3241243
1829.552,1.3239124
1830.138,1.3237004
1830.724,1.3234886
1831.31,1.3232769
1831.896,1.3230653
1832.482,1.3228538
1833.068,1.3226423
1833.654,1.3224311
1834.24,1.3222198
1834.826,1.3220087
1835.412,1.3217977
1835.998,1.3215868
1836.584,1.321376
1837.17,1.3211653
1837.756,1.3209547
1838.342,1.3207443
1838.928,1.3205339
1839.514,1.3203236
1840.1,1.3201134
1840.686,1.3199033
1841.272,1.3196932
1841.858,1.3194832
1842.444,1.3192732
1843.03,1.3190635
1843.616,1.3188539
1844.202,1.3186442
1844.788,1.3184347
1845.374,1.3182254
1845.96,1.3180161
1846.546,1.317807
1847.132,1.3175979
1847.718,1.3173889
1848.304,1.3171799
1848.89,1.3169712
1849.476,1.3167624
1850.062,1.316554
1850.648,1.3163455
1851.234,1.3161371
1851.82,1.3159287
1852.406,1.3157206
1852.992,1.3155124
1853.578,1.3153045
1854.164,1.3150966
1854.75,1.3148887
1855.336,1.3146811
1855.922,1.3144735
1856.508,1.314266
1857.094,1.3140585
1857.68,1.3138512
1858.266,1.3136441
1858.852,1.313437
1859.438,1.31323
1860.024,1.3130231
1860.61,1.3128163
1861.196,1.3126096
1861.782,1.312403
1862.368,1.3121964
1862.954,1.31199
1863.54,1.3117837
1864.126,1.3115774
1864.712,1.3113713
1865.298,1.3111653
1865.884,1.3109593
1866.47,1.3107536
1867.056,1.3105478
1867.642,1.3103422
1868.228,1.3101366
1868.814,1.3099312
1869.4,1.3097258
1869.986,1.3095206
1870.572,1.3093154
1871.158,1.3091103
1871.744,1.3089054
1872.33,1.3087006
1872.916,1.3084958
1873.502,1.3082911
1874.088,1.3080865
1874.674,1.3078821
1875.26,1.3076776
1875.846,1.3074734
1876.432,1.3072691
1877.018,1.307065
1877.604,1.306861
1878.19,1.3066572
1878.776,1.3064533
1879.362,1.3062496
1879.948,1.306046
1880.534,1.3058425
1881.12,1.305639
1881.706,1.3054358
1882.292,1.3052325
1882.878,1.3050294
1883.464,1.3048263
1884.05,1.3046234
1884.636,1.3044205
1885.222,1.3042177
1885.808,1.304015
1886.394,1.3038125
1886.98,1.3036101
1887.566,1.3034077
1888.152,1.3032054
1888.738,1.3030032
1889.324,1.302801
1889.91,1.3025991
1890.496,1.3023971
1891.082,1.3021953
1891.668,1.3019936
1892.254,1.3017919
1892.84,1.3015904
1893.426,1.301389
1894.012,1.3011876
1894.598,1.3009864
1895.184,1.3007852
1895.77,1.3005842
1896.356,1.3003832
1896.942,1.3001823
1897.528,1.2999815
1898.114,1.2997808
1898.7,1.2995802
1899.286,1.2993797
1899.872,1.2991793
1900.458,1.2989789
1901.044,1.2987788
1901.63,1.2985786
1902.216,1.2983786
1902.802,1.2981786
1903.388,1.2979788
1903.974,1.297779
1904.56,1.2975793
1905.146,1.2973797
1905.732,1.2971802
1906.318,1.2969809
1906.904,1.2967815
1907.49,1.2965823
1908.076,1.2963831
1908.662,1.2961842
1909.248,1.2959852
1909.834,1.2957864
1910.42,1.2955877
1911.006,1.2953889
1911.592,1.2951903
1912.178,1.2949919
1912.764,1.2947935
1913.35,1.2945952
1913.936,1.294397
1914.522,1.2941989
1915.108,1.2940009
1915.694,1.293803
1916.28,1.2936051
1916.866,1.2934073
1917.452,1.2932097
1918.038,1.2930121
1918.624,1.2928146
1919.21,1.2926172
1919.796,1.2924199
1920.382,1.2922227
1920.968,1.2920257
1921.554,1.2918286
1922.14,1.2916317
1922.726,1.2914349
1923.312,1.2912381
1923.898,1.2910414
1924.484,1.2908448
1925.07,1.2906483
1925.656,1.290452
1926.242,1.2902557
1926.828,1.2900594
1927.414,1.2898633
1928,1.2896672
1928.586,1.2894713
1929.172,1.2892754
1929.758,1.2890797
1930.344,1.288884
1930.93,1.2886884
1931.516,1.2884929
1932.102,1.2882975
1932.688,1.2881021
1933.274,1.2879069
1933.86,1.2877117
1934.446,1.2875167
1935.032,1.2873218
1935.618,1.2871269
1936.204,1.2869321
1936.79,1.2867374
1937.376,1.2865428
1937.962,1.2863482
1938.548,1.2861538
1939.134,1.2859595
1939.72,1.2857652
1940.306,1.2855711
1940.892,1.2853769
1941.478,1.285183
1942.064,1.284989
1942.65,1.2847953
1943.236,1.2846014
1943.822,1.2844079
1944.408,1.2842143
1944.994,1.2840208
1945.58,1.2838274
1946.166,1.2836342
1946.752,1.2834409
1947.338,1.2832478
1947.924,1.2830548
1948.51,1.2828618
1949.096,1.2826689
1949.682,1.2824762
1950.268,1.2822835
1950.854,1.2820909
1951.44,1.2818984
1952.026,1.281706
1952.612,1.2815137
1953.198,1.2813214
1953.784,1.2811292
1954.37,1.2809372
1954.956,1.2807451
1955.542,1.2805532
1956.128,1.2803614
1956.714,1.2801697
1957.3,1.279978
1957.886,1.2797866
1958.472,1.279595
1959.058,1.2794037
1959.644,1.2792124
1960.23,1.2790211
1960.816,1.2788301
1961.402,1.278639
1961.988,1.278448
1962.574,1.2782571
1963.16,1.2780664
1963.746,1.2778757
1964.332,1.277685
1964.918,1.2774945
1965.504,1.2773041
1966.09,1.2771137
1966.676,1.2769234
1967.262,1.2767333
1967.848,1.2765431
1968.434,1.2763531
1969.02,1.2761632
1969.606,1.2759733
1970.192,1.2757835
1970.778,1.2755939
1971.364,1.2754043
1971.95,1.2752148
1972.536,1.2750254
1973.122,1.2748361
1973.708,1.2746468
1974.294,1.2744576
1974.88,1.2742685
1975.466,1.2740794
1976.052,1.2738906
1976.638,1.2737017
1977.224,1.273513
1977.81,1.2733243
1978.396,1.2731357
1978.982,1.2729472
1979.568,1.2727588
1980.154,1.2725705
1980.74,1.2723823
1981.326,1.272194
1981.912,1.2720059
1982.498,1.2718179
1983.084,1.27163
1983.67,1.2714422
1984.256,1.2712544
1984.842,1.2710668
1985.428,1.2708791
1986.014,1.2706918
1986.6,1.2705044
1987.186,1.270317
1987.772,1.2701297
1988.358,1.2699425
1988.944,1.2697555
1989.53,1.2695684
1990.116,1.2693815
1990.702,1.2691947
1991.288,1.2690079
1991.874,1.2688212
1992.46,1.2686347
1993.046,1.2684481
1993.632,1.2682618
1994.218,1.2680755
1994.804,1.2678891
1995.39,1.2677029
1995.976,1.2675169
1996.562,1.2673309
1997.148,1.2671449
1997.734,1.2669591
1998.32,1.2667733
1998.906,1.2665876
1999.492,1.266402
2000.078,1.2662165
2000.664,1.266031
2001.25,1.2658457
2001.836,1.2656604
2002.422,1.2654752
2003.008,1.2652901
2003.594,1.265105
2004.18,1.2649201
2004.766,1.2647352
2005.352,1.2645504
2005.938,1.2643657
2006.524,1.264181
2007.11,1.2639965
2007.696,1.2638121
2008.282,1.2636276
2008.868,1.2634434
2009.454,1.2632592
2010.04,1.263075
2010.626,1.2628909
2011.212,1.262707
2011.798,1.2625231
2012.384,1.2623392
2012.97,1.2621554
2013.556,1.2619718
2014.142,1.2617882
2014.728,1.2616047
2015.314,1.2614213
2015.9,1.261238
2016.486,1.2610546
2017.072,1.2608715
2017.658,1.2606884
2018.244,1.2605053
2018.83,1.2603225
2019.416,1.2601396
2020.002,1.2599568
2020.588,1.2597741
2021.174,1.2595915
2021.76,1.259409
2022.346,1.2592264
2022.932,1.2590441
2023.518,1.2588618
2024.104,1.2586795
2024.69,1.2584974
2025.276,1.2583153
2025.862,1.2581333
2026.448,1.2579514
2027.034,1.2577696
2027.62,1.2575878
2028.206,1.2574061
2028.792,1.2572246
2029.378,1.257043
2029.964,1.2568616
2030.55,1.2566803
2031.136,1.2564989
2031.722,1.2563177
2032.308,1.2561365
2032.894,1.2559556
2033.48,1.2557746
2034.066,1.2555937
2034.652,1.2554128
2035.238,1.2552321
2035.824,1.2550515
2036.41,1.2548709
2036.996,1.2546904
2037.582,1.2545099
2038.168,1.2543297
2038.754,1.2541493
2039.34,1.2539692
2039.926,1.2537891
2040.512,1.2536091
2041.098,1.2534291
2041.684,1.2532492
2042.27,1.2530694
2042.856,1.2528896
2043.442,1.25271
2044.028,1.2525305
2044.614,1.2523509
2045.2,1.2521715
2045.786,1.2519922
2046.372,1.2518129
2046.958,1.2516338
2047.544,1.2514546
2048.13,1.2512755
2048.716,1.2510966
2049.302,1.2509178
2049.888,1.250739
2050.474,1.2505603
2051.06,1.2503816
2051.646,1.250203
2052.232,1.2500246
2052.818,1.2498461
2053.404,1.2496678
2053.99,1.2494895
2054.576,1.2493113
2055.162,1.2491332
2055.748,1.2489551
2056.334,1.2487772
2056.92,1.2485993
2057.506,1.2484215
2058.092,1.2482438
2058.678,1.2480662
2059.264,1.2478886
2059.85,1.2477111
2060.436,1.2475336
2061.022,1.2473563
2061.608,1.247179
2062.194,1.2470018
2062.78,1.2468246
2063.366,1.2466476
2063.952,1.2464706
2064.538,1.2462937
2065.124,1.2461169
2065.71,1.2459401
2066.296,1.2457634
2066.882,1.2455869
2067.468,1.2454103
2068.054,1.2452339
2068.64,1.2450576
2069.226,1.2448813
2069.812,1.244705
2070.398,1.2445289
2070.984,1.2443528
2071.57,1.2441767
2072.156,1.2440008
2072.742,1.243825
2073.328,1.2436492
2073.914,1.2434735
2074.5,1.2432979
2075.086,1.2431223
2075.672,1.2429469
2076.258,1.2427714
2076.844,1.2425961
2077.43,1.2424209
2078.016,1.2422457
2078.602,1.2420706
2079.188,1.2418956
2079.774,1.2417206
2080.36,1.2415457
2080.946,1.2413709
2081.532,1.2411962
2082.118,1.2410215
2082.704,1.2408469
2083.29,1.2406723
2083.876,1.2404979
2084.462,1.2403235
2085.048,1.2401493
2085.634,1.2399751
2086.22,1.2398009
2086.806,1.2396268
2087.392,1.2394528
2087.978,1.2392789
2088.564,1.239105
2089.15,1.2389313
2089.736,1.2387575
2090.322,1.2385839
2090.908,1.2384104
2091.494,1.2382368
2092.08,1.2380635
2092.666,1.23789
2093.252,1.2377168
2093.838,1.2375436
2094.424,1.2373705
2095.01,1.2371974
2095.596,1.2370244
2096.182,1.2368515
2096.768,1.2366787
2097.354,1.2365059
2097.94,1.2363333
2098.526,1.2361606
2099.112,1.235988
2099.698,1.2358155
2100.284,1.2356431
2100.87,1.2354709
2101.456,1.2352985
2102.042,1.2351264
2102.628,1.2349542
2103.214,1.2347822
2103.8,1.2346103
2104.386,1.2344383
2104.972,1.2342665
2105.558,1.2340947
2106.144,1.2339231
2106.73,1.2337514
2107.316,1.23358
2107.902,1.2334085
2108.488,1.233237
2109.074,1.2330657
2109.66,1.2328945
2110.246,1.2327234
2110.832,1.2325522
2111.418,1.2323811
2112.004,1.2322102
2112.59,1.2320392
2113.176,1.2318685
2113.762,1.2316977
2114.348,1.231527
2114.934,1.2313564
2115.52,1.2311858
2116.106,1.2310153
2116.692,1.230845
2117.278,1.2306746
2117.864,1.2305044
2118.45,1.2303342
2119.036,1.2301641
2119.622,1.2299941
2120.208,1.2298241
2120.794,1.2296541
2121.38,1.2294843
2121.966,1.2293144
2122.552,1.2291448
2123.138,1.2289752
2123.724,1.2288057
2124.31,1.2286361
2124.896,1.2284667
2125.482,1.2282974
2126.068,1.2281281
2126.654,1.2279589
2127.24,1.2277898
2127.826,1.2276206
2128.412,1.2274517
2128.998,1.2272828
2129.584,1.2271138
2130.17,1.2269452
2130.756,1.2267764
2131.342,1.2266077
2131.928,1.2264391
2132.514,1.2262707
2133.1,1.2261022
2133.686,1.2259338
2134.272,1.2257656
2134.858,1.2255973
2135.444,1.2254292
2136.03,1.2252611
2136.616,1.225093
2137.202,1.224925
2137.788,1.2247572
2138.374,1.2245893
2138.96,1.2244216
2139.546,1.2242539
2140.132,1.2240863
2140.718,1.2239188
2141.304,1.2237513
2141.89,1.2235839
2142.476,1.2234166
2143.062,1.2232493
2143.648,1.2230821
2144.234,1.2229149
2144.82,1.2227478
2145.406,1.2225809
2145.992,1.2224139
2146.578,1.2222471
2147.164,1.2220802
2147.75,1.2219136
2148.336,1.2217469
2148.922,1.2215804
2149.508,1.2214139
2150.094,1.2212474
2150.68,1.221081
2151.266,1.2209147
2151.852,1.2207484
2152.438,1.2205822
2153.024,1.2204162
2153.61,1.2202501
2154.196,1.2200841
2154.782,1.2199183
2155.368,1.2197524
2155.954,1.2195866
2156.54,1.2194209
2157.126,1.2192553
2157.712,1.2190897
2158.298,1.2189242
2158.884,1.2187587
2159.47,1.2185934
2160.056,1.2184281
2160.642,1.2182629
2161.228,1.2180977
2161.814,1.2179326
2162.4,1.2177676
2162.986,1.2176026
2163.572,1.2174377
2164.158,1.2172729
2164.744,1.2171081
2165.33,1.2169434
2165.916,1.2167788
2166.502,1.2166142
2167.088,1.2164497
2167.674,1.2162853
2168.26,1.216121
2168.846,1.2159567
2169.432,1.2157924
2170.018,1.2156283
2170.604,1.2154641
2171.19,1.2153001
2171.776,1.2151362
2172.362,1.2149723
2172.948,1.2148085
2173.534,1.2146447
2174.12,1.214481
2174.706,1.2143173
2175.292,1.2141538
2175.878,1.2139902
2176.464,1.2138269
2177.05,1.2136635
2177.636,1.2135001
2178.222,1.2133369
2178.808,1.2131737
2179.394,1.2130107
2179.98,1.2128476
2180.566,1.2126846
2181.152,1.2125218
2181.738,1.212359
2182.324,1.2121961
2182.91,1.2120334
2183.496,1.2118708
2184.082,1.2117082
2184.668,1.2115457
2185.254,1.2113832
2185.84,1.2112209
2186.426,1.2110585
2187.012,1.2108963
2187.598,1.2107341
2188.184,1.210572
2188.77,1.2104099
2189.356,1.2102479
2189.942,1.210086
2190.528,1.2099241
2191.114,1.2097623
2191.7,1.2096006
2192.286,1.2094389
2192.872,1.2092773
2193.458,1.2091157
2194.044,1.2089543
2194.63,1.2087929
2195.216,1.2086315
2195.802,1.2084702
2196.388,1.2083091
2196.974,1.2081479
2197.56,1.2079868
2198.146,1.2078258
2198.732,1.2076648
2199.318,1.2075039
2199.904,1.2073431
2200.49,1.2071823
2201.076,1.2070216
2201.662,1.206861
2202.248,1.2067004
2202.834,1.2065399
2203.42,1.2063794
2204.006,1.2062191
2204.592,1.2060587
2205.178,1.2058985
2205.764,1.2057383
2206.35,1.2055782
2206.936,1.2054181
2207.522,1.2052581
2208.108,1.2050982
2208.694,1.2049383
2209.28,1.2047786
2209.866,1.2046188
2210.452,1.2044591
2211.038,1.2042994
2211.624,1.2041399
2212.21,1.2039804
2212.796,1.2038211
2213.382,1.2036617
2213.968,1.2035023
2214.554,1.2033432
2215.14,1.2031839
2215.726,1.2030249
2216.312,1.2028657
2216.898,1.2027068
2217.484,1.2025479
2218.07,1.202389
2218.656,1.2022302
2219.242,1.2020714
2219.828,1.2019128
2220.414,1.2017542
2221,1.2015957
2221.586,1.2014371
2222.172,1.2012787
2222.758,1.2011204
2223.344,1.2009621
2223.93,1.2008039
2224.516,1.2006457
2225.102,1.2004876
2225.688,1.2003295
2226.274,1.2001716
2226.86,1.2000136
2227.446,1.1998558
2228.032,1.199698
2228.618,1.1995403
2229.204,1.1993825
2229.79,1.1992249
2230.376,1.1990675
2230.962,1.19891
2231.548,1.1987525
2232.134,1.1985952
2232.72,1.1984378
2233.306,1.1982806
2233.892,1.1981235
2234.478,1.1979663
2235.064,1.1978093
2235.65,1.1976523
2236.236,1.1974953
2236.822,1.1973385
2237.408,1.1971817
2237.994,1.1970249
2238.58,1.1968683
2239.166,1.1967117
2239.752,1.196555
2240.338,1.1963986
2240.924,1.1962421
2241.51,1.1960858
2242.096,1.1959294
2242.682,1.1957732
2243.268,1.1956171
2243.854,1.1954609
2244.44,1.1953049
2245.026,1.1951488
2245.612,1.1949929
2246.198,1.194837
2246.784,1.1946812
2247.37,1.1945254
2247.956,1.1943697
2248.542,1.194214
2249.128,1.1940585
2249.714,1.193903
2250.3,1.1937475
2250.886,1.1935921
2251.472,1.1934367
2252.058,1.1932815
2252.644,1.1931263
2253.23,1.1929711
2253.816,1.192816
2254.402,1.1926609
2254.988,1.192506
2255.574,1.1923511
2256.16,1.1921962
2256.746,1.1920414
2257.332,1.1918867
2257.918,1.191732
2258.504,1.1915774
2259.09,1.1914228
2259.676,1.1912683
2260.262,1.1911139
2260.848,1.1909596
2261.434,1.1908053
2262.02,1.1906511
2262.606,1.1904968
2263.192,1.1903427
2263.778,1.1901886
2264.364,1.1900346
2264.95,1.1898806
2265.536,1.1897267
2266.122,1.1895729
2266.708,1.1894192
2267.294,1.1892654
2267.88,1.1891117
2268.466,1.1889582
2269.052,1.1888046
2269.638,1.1886511
2270.224,1.1884977
2270.81,1.1883444
2271.396,1.1881911
2271.982,1.1880379
2272.568,1.1878847
2273.154,1.1877315
2273.74,1.1875784
2274.326,1.1874255
2274.912,1.1872725
2275.498,1.1871196
2276.084,1.1869668
2276.67,1.1868141
2277.256,1.1866614
2277.842,1.1865087
2278.428,1.1863561
2279.014,1.1862036
2279.6,1.1860511
2280.186,1.1858987
2280.772,1.1857463
2281.358,1.185594
2281.944,1.1854417
2282.53,1.1852896
2283.116,1.1851375
2283.702,1.1849854
2284.288,1.1848334
2284.874,1.1846815
2285.46,1.1845295
2286.046,1.1843778
2286.632,1.184226
2287.218,1.1840743
2287.804,1.1839226
2288.39,1.183771
2288.976,1.1836195
2289.562,1.183468
2290.148,1.1833166
2290.734,1.1831652
2291.32,1.1830139
2291.906,1.1828626
2292.492,1.1827115
2293.078,1.1825603
2293.664,1.1824093
2294.25,1.1822582
2294.836,1.1821073
2295.422,1.1819564
2296.008,1.1818056
2296.594,1.1816548
2297.18,1.181504
2297.766,1.1813534
2298.352,1.1812028
2298.938,1.1810522
2299.524,1.1809018
2300.11,1.1807513
2300.696,1.1806009
2301.282,1.1804506
2301.868,1.1803004
2302.454,1.1801502
2303.04,1.1799999
2303.626,1.1798499
2304.212,1.1796998
2304.798,1.1795499
2305.384,1.1794
2305.97,1.1792501
2306.556,1.1791003
2307.142,1.1789505
2307.728,1.1788008
2308.314,1.1786512
2308.9,1.1785016
2309.486,1.1783521
2310.072,1.1782026
2310.658,1.1780533
2311.244,1.1779039
2311.83,1.1777545
2312.416,1.1776054
2313.002,1.1774561
2313.588,1.177307
2314.174,1.1771579
2314.76,1.177009
2315.346,1.17686
2315.932,1.1767111
2316.518,1.1765623
2317.104,1.1764134
2317.69,1.1762648
2318.276,1.176116
2318.862,1.1759675
2319.448,1.1758189
2320.034,1.1756704
2320.62,1.175522
2321.206,1.1753736
2321.792,1.1752251
2322.378,1.175077
2322.964,1.1749287
2323.55,1.1747805
2324.136,1.1746324
2324.722,1.1744844
2325.308,1.1743363
2325.894,1.1741884
2326.48,1.1740406
2327.066,1.1738927
2327.652,1.1737449
2328.238,1.1735972
2328.824,1.1734495
2329.41,1.1733019
2329.996,1.1731544
2330.582,1.1730069
2331.168,1.1728594
2331.754,1.1727121
2332.34,1.1725647
2332.926,1.1724175
2333.512,1.1722702
2334.098,1.1721231
2334.684,1.171976
2335.27,1.1718289
2335.856,1.1716819
2336.442,1.171535
2337.028,1.171388
2337.614,1.1712413
2338.2,1.1710944
2338.786,1.1709478
2339.372,1.170801
2339.958,1.1706545
2340.544,1.1705079
2341.13,1.1703614
2341.716,1.1702149
2342.302,1.1700686
2342.888,1.1699222
2343.474,1.169776
2344.06,1.1696297
2344.646,1.1694835
2345.232,1.1693374
2345.818,1.1691914
2346.404,1.1690453
2346.99,1.1688994
2347.576,1.1687535
2348.162,1.1686077
2348.748,1.1684619
2349.334,1.1683161
2349.92,1.1681705
2350.506,1.1680249
2351.092,1.1678793
2351.678,1.1677338
2352.264,1.1675884
2352.85,1.1674429
2353.436,1.1672976
2354.022,1.1671523
2354.608,1.167007
2355.194,1.1668618
2355.78,1.1667167
2356.366,1.1665716
2356.952,1.1664265
2357.538,1.1662816
2358.124,1.1661366
2358.71,1.1659918
2359.296,1.1658469
2359.882,1.1657022
2360.468,1.1655575
2361.054,1.1654129
2361.64,1.1652683
2362.226,1.1651237
2362.812,1.1649792
2363.398,1.1648347
2363.984,1.1646905
2364.57,1.1645461
2365.156,1.1644018
2365.742,1.1642576
2366.328,1.1641134
2366.914,1.1639693
2367.5,1.1638253
2368.086,1.1636813
2368.672,1.1635373
2369.258,1.1633934
2369.844,1.1632495
2370.43,1.1631058
2371.016,1.162962
2371.602,1.1628183
2372.188,1.1626747
2372.774,1.1625311
2373.36,1.1623876
2373.946,1.1622441
2374.532,1.1621007
2375.118,1.1619574
2375.704,1.1618141
2376.29,1.1616708
2376.876,1.1615275
2377.462,1.1613845
2378.048,1.1612413
2378.634,1.1610982
2379.22,1.1609553
2379.806,1.1608124
2380.392,1.1606694
2380.978,1.1605266
2381.564,1.1603838
2382.15,1.1602411
2382.736,1.1600984
2383.322,1.1599557
2383.908,1.1598132
2384.494,1.1596707
2385.08,1.1595281
2385.666,1.1593858
2386.252,1.1592435
2386.838,1.1591011
2387.424,1.1589588
2388.01,1.1588166
2388.596,1.1586745
2389.182,1.1585324
2389.768,1.1583903
2390.354,1.1582483
2390.94,1.1581064
2391.526,1.1579645
2392.112,1.1578226
2392.698,1.1576809
2393.284,1.1575391
2393.87,1.1573975
2394.456,1.1572559
2395.042,1.1571143
2395.628,1.1569728
2396.214,1.1568313
2396.8,1.1566898
2397.386,1.1565484
2397.972,1.1564071
2398.558,1.1562659
2399.144,1.1561246
2399.73,1.1559834
2400.316,1.1558423
2400.902,1.1557013
2401.488,1.1555603
2402.074,1.1554193
2402.66,1.1552784
2403.246,1.1551375
2403.832,1.1549968
2404.418,1.154856
2405.004,1.1547153
2405.59,1.1545746
2406.176,1.1544341
2406.762,1.1542935
2407.348,1.154153
2407.934,1.1540126
2408.52,1.1538721
2409.106,1.1537318
2409.692,1.1535915
2410.278,1.1534513
2410.864,1.1533111
2411.45,1.1531709
2412.036,1.1530309
2412.622,1.1528908
2413.208,1.1527508
2413.794,1.1526109
2414.38,1.1524711
2414.966,1.1523312
2415.552,1.1521914
2416.138,1.1520517
2416.724,1.151912
2417.31,1.1517724
2417.896,1.1516328
2418.482,1.1514933
2419.068,1.1513538
2419.654,1.1512144
2420.24,1.151075
2420.826,1.1509356
2421.412,1.1507964
2421.998,1.1506572
2422.584,1.1505181
2423.17,1.1503789
2423.756,1.1502398
2424.342,1.1501008
2424.928,1.1499618
2425.514,1.149823
2426.1,1.1496841
2426.686,1.1495452
2427.272,1.1494064
2427.858,1.1492678
2428.444,1.149129
2429.03,1.1489905
2429.616,1.1488519
2430.202,1.1487134
2430.788,1.1485749
2431.374,1.1484365
2431.96,1.1482981
2432.546,1.1481599
2433.132,1.1480216
2433.718,1.1478833
2434.304,1.1477451
2434.89,1.1476071
2435.476,1.147469
2436.062,1.147331
2436.648,1.1471931
2437.234,1.147055
2437.82,1.1469172
2438.406,1.1467794
2438.992,1.1466416
2439.578,1.1465039
2440.164,1.1463662
2440.75,1.1462287
2441.336,1.1460911
2441.922,1.1459535
2442.508,1.1458161
2443.094,1.1456786
2443.68,1.1455413
2444.266,1.145404
2444.852,1.1452667
2445.438,1.1451294
2446.024,1.1449922
2446.61,1.1448551
2447.196,1.1447181
2447.782,1.1445811
2448.368,1.1444441
2448.954,1.1443071
2449.54,1.1441703
2450.126,1.1440334
2450.712,1.1438967
2451.298,1.14376
2451.884,1.1436232
2452.47,1.1434866
2453.056,1.14335
2453.642,1.1432135
2454.228,1.143077
2454.814,1.1429405
2455.4,1.1428041
2455.986,1.1426679
2456.572,1.1425315
2457.158,1.1423954
2457.744,1.1422591
2458.33,1.142123
2458.916,1.1419868
2459.502,1.1418508
2460.088,1.1417148
2460.674,1.1415789
2461.26,1.141443
2461.846,1.1413071
2462.432,1.1411713
2463.018,1.1410356
2463.604,1.1408999
2464.19,1.1407642
2464.776,1.1406286
2465.362,1.140493
2465.948,1.1403575
2466.534,1.1402221
2467.12,1.1400867
2467.706,1.1399513
2468.292,1.1398159
2468.878,1.1396807
2469.464,1.1395454
2470.05,1.1394103
2470.636,1.1392752
2471.222,1.1391401
2471.808,1.1390051
2472.394,1.1388701
2472.98,1.1387352
2473.566,1.1386002
2474.152,1.1384654
2474.738,1.1383307
2475.324,1.1381959
2475.91,1.1380612
2476.496,1.1379266
2477.082,1.137792
2477.668,1.1376574
2478.254,1.1375229
2478.84,1.1373885
2479.426,1.137254
2480.012,1.1371197
2480.598,1.1369854
2481.184,1.1368511
2481.77,1.1367168
2482.356,1.1365827
2482.942,1.1364486
2483.528,1.1363145
2484.114,1.1361805
2484.7,1.1360465
2485.286,1.1359125
2485.872,1.1357787
2486.458,1.1356449
2487.044,1.135511
2487.63,1.1353773
2488.216,1.1352437
2488.802,1.13511
2489.388,1.1349764
2489.974,1.1348429
2490.56,1.1347094
2491.146,1.1345758
2491.732,1.1344424
2492.318,1.1343091
2492.904,1.1341758
2493.49,1.1340425
2494.076,1.1339092
2494.662,1.1337761
2495.248,1.133643
2495.834,1.1335099
2496.42,1.1333768
2497.006,1.1332439
2497.592,1.133111
2498.178,1.1329781
2498.764,1.1328452
2499.35,1.1327124
2499.936,1.1325797
2500.522,1.1324469
2501.108,1.1323143
2501.694,1.1321816
2502.28,1.1320491
2502.866,1.1319166
2503.452,1.1317841
2504.038,1.1316516
2504.624,1.1315193
2505.21,1.131387
2505.796,1.1312547
2506.382,1.1311224
2506.968,1.1309903
2507.554,1.1308581
2508.14,1.130726
2508.726,1.1305939
2509.312,1.1304619
2509.898,1.13033
2510.484,1.130198
2511.07,1.1300662
2511.656,1.1299343
2512.242,1.1298026
2512.828,1.1296709
2513.414,1.1295391
2514,1.1294075
2514.586,1.1292759
2515.172,1.1291444
2515.758,1.1290128
2516.344,1.1288813
2516.93,1.12875
2517.516,1.1286186
2518.102,1.1284873
2518.688,1.1283561
2519.274,1.1282248
2519.86,1.1280937
2520.446,1.1279625
2521.032,1.1278315
2521.618,1.1277003
2522.204,1.1275694
2522.79,1.1274384
2523.376,1.1273075
2523.962,1.1271766
2524.548,1.1270459
2525.134,1.1269151
2525.72,1.1267843
2526.306,1.1266537
2526.892,1.126523
2527.478,1.1263925
2528.064,1.1262619
2528.65,1.1261314
2529.236,1.126001
2529.822,1.1258706
2530.408,1.1257403
2530.994,1.1256099
2531.58,1.1254796
2532.166,1.1253494
2532.752,1.1252192
2533.338,1.125089
2533.924,1.124959
2534.51,1.1248289
2535.096,1.124699
2535.682,1.1245691
2536.268,1.1244391
2536.854,1.1243093
2537.44,1.1241795
2538.026,1.1240497
2538.612,1.12392
2539.198,1.1237903
2539.784,1.1236607
2540.37,1.123531
2540.956,1.1234015
2541.542,1.1232719
2542.128,1.1231426
2542.714,1.1230131
2543.3,1.1228838
2543.886,1.1227545
2544.472,1.1226251
2545.058,1.1224959
2545.644,1.1223668
2546.23,1.1222376
2546.816,1.1221085
2547.402,1.1219795
2547.988,1.1218505
2548.574,1.1217215
2549.16,1.1215925
2549.746,1.1214637
2550.332,1.1213349
2550.918,1.121206
2551.504,1.1210773
2552.09,1.1209487
2552.676,1.1208199
2553.262,1.1206914
2553.848,1.1205628
2554.434,1.1204343
2555.02,1.1203058
2555.606,1.1201774
2556.192,1.120049
2556.778,1.1199206
2557.364,1.1197923
2557.95,1.1196641
2558.536,1.1195359
2559.122,1.1194078
2559.708,1.1192796
2560.294,1.1191516
2560.88,1.1190234
2561.466,1.1188955
2562.052,1.1187675
2562.638,1.1186397
2563.224,1.1185118
2563.81,1.118384
2564.396,1.1182562
2564.982,1.1181285
2565.568,1.1180009
2566.154,1.1178732
2566.74,1.1177455
2567.326,1.117618
2567.912,1.1174905
2568.498,1.1173631
2569.084,1.1172357
2569.67,1.1171082
2570.256,1.1169809
2570.842,1.1168536
2571.428,1.1167264
2572.014,1.1165992
2572.6,1.116472
2573.186,1.1163449
2573.772,1.1162179
2574.358,1.1160909
2574.944,1.1159638
2575.53,1.1158369
2576.116,1.11571
2576.702,1.1155832
2577.288,1.1154563
2577.874,1.1153295
2578.46,1.1152029
2579.046,1.1150762
2579.632,1.1149496
2580.218,1.114823
2580.804,1.1146964
2581.39,1.1145699
2581.976,1.1144434
2582.562,1.1143171
2583.148,1.1141907
2583.734,1.1140643
2584.32,1.113938
2584.906,1.1138117
2585.492,1.1136856
2586.078,1.1135594
2586.664,1.1134332
2587.25,1.1133072
2587.836,1.1131811
2588.422,1.1130552
2589.008,1.1129292
2589.594,1.1128033
2590.18,1.1126775
2590.766,1.1125517
2591.352,1.1124259
2591.938,1.1123002
2592.524,1.1121745
2593.11,1.1120489
2593.696,1.1119232
2594.282,1.1117977
2594.868,1.1116722
2595.454,1.1115466
2596.04,1.1114212
2596.626,1.1112958
2597.212,1.1111704
2597.798,1.1110451
2598.384,1.1109198
2598.97,1.1107947
2599.556,1.1106695
2600.142,1.1105444
2600.728,1.1104193
2601.314,1.1102942
2601.9,1.1101692
2602.486,1.1100442
2603.072,1.1099193
2603.658,1.1097945
2604.244,1.1096696
2604.83,1.1095448
2605.416,1.1094201
2606.002,1.1092954
2606.588,1.1091707
2607.174,1.109046
2607.76,1.1089214
2608.346,1.1087968
2608.932,1.1086724
2609.518,1.1085479
2610.104,1.1084235
2610.69,1.1082991
2611.276,1.1081748
2611.862,1.1080506
2612.448,1.1079262
2613.034,1.107802
2613.62,1.1076779
2614.206,1.1075538
2614.792,1.1074296
2615.378,1.1073056
2615.964,1.1071817
2616.55,1.1070577
2617.136,1.1069337
2617.722,1.10681
2618.308,1.1066861
2618.894,1.1065623
2619.48,1.1064385
2620.066,1.1063149
2620.652,1.1061912
2621.238,1.1060675
2621.824,1.105944
2622.41,1.1058204
2622.996,1.1056969
2623.582,1.1055734
2624.168,1.10545
2624.754,1.1053267
2625.34,1.1052033
2625.926,1.10508
2626.512,1.1049567
2627.098,1.1048336
2627.684,1.1047103
2628.27,1.1045873
2628.856,1.1044643
2629.442,1.1043411
2630.028,1.1042181
2630.614,1.1040952
2631.2,1.1039723
2631.786,1.1038494
2632.372,1.1037266
2632.958,1.1036037
2633.544,1.1034811
2634.13,1.1033583
2634.716,1.1032356
2635.302,1.1031131
2635.888,1.1029904
2636.474,1.1028678
2637.06,1.1027453
2637.646,1.1026227
2638.232,1.1025003
2638.818,1.1023779
2639.404,1.1022555
2639.99,1.102133
2640.576,1.1020107
2641.162,1.1018884
2641.748,1.1017662
2642.334,1.101644
2642.92,1.1015218
2643.506,1.1013997
2644.092,1.1012776
2644.678,1.1011556
2645.264,1.1010336
2645.85,1.1009116
2646.436,1.1007897
2647.022,1.1006678
2647.608,1.100546
2648.194,1.1004242
2648.78,1.1003025
2649.366,1.1001806
2649.952,1.100059
2650.538,1.0999374
2651.124,1.0998158
2651.71,1.0996943
2652.296,1.0995727
2652.882,1.0994512
2653.468,1.0993298
2654.054,1.0992084
2654.64,1.0990871
2655.226,1.0989658
2655.812,1.0988444
2656.398,1.0987232
2656.984,1.0986021
2657.57,1.0984809
2658.156,1.0983597
2658.742,1.0982387
2659.328,1.0981177
2659.914,1.0979966
2660.5,1.0978757
2661.086,1.0977548
2661.672,1.097634
2662.258,1.0975131
2662.844,1.0973923
2663.43,1.0972716
2664.016,1.0971508
2664.602,1.0970302
2665.188,1.0969095
2665.774,1.0967889
2666.36,1.0966684
2666.946,1.0965478
2667.532,1.0964274
2668.118,1.0963069
2668.704,1.0961865
2669.29,1.0960662
2669.876,1.0959458
2670.462,1.0958257
2671.048,1.0957054
2671.634,1.0955851
2672.22,1.0954651
2672.806,1.0953449
2673.392,1.0952247
2673.978,1.0951048
2674.564,1.0949848
2675.15,1.0948648
2675.736,1.0947449
2676.322,1.094625
2676.908,1.0945052
2677.494,1.0943854
2678.08,1.0942656
2678.666,1.0941459
2679.252,1.0940262
2679.838,1.0939065
2680.424,1.093787
2681.01,1.0936674
2681.596,1.0935478
2682.182,1.0934284
2682.768,1.0933089
2683.354,1.0931896
2683.94,1.0930701
2684.526,1.0929508
2685.112,1.0928315
2685.698,1.0927123
2686.284,1.0925931
2686.87,1.092474
2687.456,1.0923548
2688.042,1.0922357
2688.628,1.0921166
2689.214,1.0919976
2689.8,1.0918787
2690.386,1.0917597
2690.972,1.0916408
2691.558,1.0915219
2692.144,1.0914031
2692.73,1.0912843
2693.316,1.0911655
2693.902,1.0910468
2694.488,1.0909282
2695.074,1.0908096
2695.66,1.090691
2696.246,1.0905725
2696.832,1.090454
2697.418,1.0903355
2698.004,1.090217
2698.59,1.0900986
2699.176,1.0899802
2699.762,1.0898619
2700.348,1.0897436
2700.934,1.0896255
2701.52,1.0895072
2702.106,1.0893891
2702.692,1.0892709
2703.278,1.0891528
2703.864,1.0890348
2704.45,1.0889168
2705.036,1.0887989
2705.622,1.0886809
2706.208,1.088563
2706.794,1.0884451
2707.38,1.0883273
2707.966,1.0882095
2708.552,1.0880919
2709.138,1.0879741
2709.724,1.0878564
2710.31,1.0877388
2710.896,1.0876212
2711.482,1.0875037
2712.068,1.0873861
2712.654,1.0872687
2713.24,1.0871513
2713.826,1.0870339
2714.412,1.0869164
2714.998,1.0867991
2715.584,1.0866818
2716.17,1.0865647
2716.756,1.0864475
2717.342,1.0863303
2717.928,1.0862131
2718.514,1.086096
2719.1,1.085979
2719.686,1.0858619
2720.272,1.085745
2720.858,1.085628
2721.444,1.0855111
2722.03,1.0853943
2722.616,1.0852774
2723.202,1.0851606
2723.788,1.0850439
2724.374,1.0849272
2724.96,1.0848105
2725.546,1.0846939
2726.132,1.0845773
2726.718,1.0844607
2727.304,1.0843441
2727.89,1.0842277
2728.476,1.0841112
2729.062,1.0839949
2729.648,1.0838785
2730.234,1.0837622
2730.82,1.0836458
2731.406,1.0835296
2731.992,1.0834134
2732.578,1.0832971
2733.164,1.083181
2733.75,1.0830649
2734.336,1.0829488
2734.922,1.0828328
2735.508,1.0827168
2736.094,1.0826008
2736.68,1.0824848
2737.266,1.082369
2737.852,1.0822531
2738.438,1.0821373
2739.024,1.0820216
2739.61,1.0819058
2740.196,1.0817902
2740.782,1.0816745
2741.368,1.0815588
2741.954,1.0814432
2742.54,1.0813277
2743.126,1.0812122
2743.712,1.0810968
2744.298,1.0809813
2744.884,1.0808659
2745.47,1.0807505
2746.056,1.0806352
2746.642,1.0805199
2747.228,1.0804046
2747.814,1.0802894
2748.4,1.0801742
2748.986,1.0800591
2749.572,1.079944
2750.158,1.0798289
2750.744,1.0797138
2751.33,1.0795989
2751.916,1.0794839
2752.502,1.0793689
2753.088,1.079254
2753.674,1.0791392
2754.26,1.0790244
2754.846,1.0789096
2755.432,1.078795
2756.018,1.0786803
2756.604,1.0785656
2757.19,1.0784509
2757.776,1.0783364
2758.362,1.0782218
2758.948,1.0781072
2759.534,1.0779928
2760.12,1.0778784
2760.706,1.0777639
2761.292,1.0776496
2761.878,1.0775352
2762.464,1.0774209
2763.05,1.0773066
2763.636,1.0771924
2764.222,1.0770782
2764.808,1.076964
2765.394,1.0768499
2765.98,1.0767359
2766.566,1.0766218
2767.152,1.0765078
2767.738,1.0763938
2768.324,1.0762799
2768.91,1.076166
2769.496,1.0760522
2770.082,1.0759383
2770.668,1.0758245
2771.254,1.0757108
2771.84,1.075597
2772.426,1.0754833
2773.012,1.0753697
2773.598,1.0752561
2774.184,1.0751425
2774.77,1.075029
2775.356,1.0749155
2775.942,1.074802
2776.528,1.0746887
2777.114,1.0745752
2777.7,1.0744618
2778.286,1.0743486
2778.872,1.0742352
2779.458,1.0741221
2780.044,1.0740088
2780.63,1.0738957
2781.216,1.0737824
2781.802,1.0736693
2782.388,1.0735563
2782.974,1.0734433
2783.56,1.0733303
2784.146,1.0732173
2784.732,1.0731044
2785.318,1.0729915
2785.904,1.0728787
2786.49,1.0727658
2787.076,1.0726531
2787.662,1.0725403
2788.248,1.0724276
2788.834,1.0723149
2789.42,1.0722023
2790.006,1.0720897
2790.592,1.071977
2791.178,1.0718646
2791.764,1.0717521
2792.35,1.0716395
2792.936,1.0715271
2793.522,1.0714148
2794.108,1.0713024
2794.694,1.0711901
2795.28,1.0710778
2795.866,1.0709655
2796.452,1.0708534
2797.038,1.0707412
2797.624,1.070629
2798.21,1.0705169
2798.796,1.0704049
2799.382,1.0702928
2799.968,1.0701808
2800.554,1.0700688
2801.14,1.0699569
2801.726,1.0698451
2802.312,1.0697331
2802.898,1.0696213
2803.484,1.0695096
2804.07,1.0693978
2804.656,1.0692861
2805.242,1.0691744
2805.828,1.0690627
2806.414,1.0689511
2807,1.0688396
2807.586,1.068728
2808.172,1.0686165
2808.758,1.068505
2809.344,1.0683936
2809.93,1.0682821
2810.516,1.0681708
2811.102,1.0680596
2811.688,1.0679482
2812.274,1.0678369
2812.86,1.0677257
2813.446,1.0676146
2814.032,1.0675033
2814.618,1.0673922
2815.204,1.0672811
2815.79,1.06717
2816.376,1.067059
2816.962,1.0669481
2817.548,1.0668371
2818.134,1.0667262
2818.72,1.0666153
2819.306,1.0665045
2819.892,1.0663937
2820.478,1.0662829
2821.064,1.0661721
2821.65,1.0660615
2822.236,1.0659508
2822.822,1.0658401
2823.408,1.0657295
2823.994,1.065619
2824.58,1.0655085
2825.166,1.065398
2825.752,1.0652875
2826.338,1.0651771
2826.924,1.0650667
2827.51,1.0649563
2828.096,1.0648459
2828.682,1.0647357
2829.268,1.0646254
2829.854,1.0645152
2830.44,1.064405
2831.026,1.0642948
2831.612,1.0641848
2832.198,1.0640746
2832.784,1.0639646
2833.37,1.0638546
2833.956,1.0637445
2834.542,1.0636346
2835.128,1.0635247
2835.714,1.0634148
2836.3,1.063305
2836.886,1.0631952
2837.472,1.0630854
2838.058,1.0629756
2838.644,1.062866
2839.23,1.0627563
2839.816,1.0626466
2840.402,1.0625371
2840.988,1.0624275
2841.574,1.062318
2842.16,1.0622084
2842.746,1.062099
2843.332,1.0619895
2843.918,1.0618801
2844.504,1.0617707
2845.09,1.0616614
2845.676,1.0615522
2846.262,1.0614429
2846.848,1.0613337
2847.434,1.0612245
2848.02,1.0611153
2848.606,1.0610061
2849.192,1.060897
2849.778,1.0607879
2850.364,1.060679
2850.95,1.06057
2851.536,1.0604609
2852.122,1.0603521
2852.708,1.0602431
2853.294,1.0601343
2853.88,1.0600255
2854.466,1.0599167
2855.052,1.0598079
2855.638,1.0596992
2856.224,1.0595905
2856.81,1.0594819
2857.396,1.0593731
2857.982,1.0592647
2858.568,1.0591561
2859.154,1.0590476
2859.74,1.0589391
2860.326,1.0588306
2860.912,1.0587221
2861.498,1.0586138
2862.084,1.0585054
2862.67,1.0583972
2863.256,1.0582888
2863.842,1.0581806
2864.428,1.0580723
2865.014,1.0579641
2865.6,1.057856
2866.186,1.0577478
2866.772,1.0576398
2867.358,1.0575317
2867.944,1.0574237
2868.53,1.0573157
2869.116,1.0572078
2869.702,1.0570998
2870.288,1.0569919
2870.874,1.0568841
2871.46,1.0567763
2872.046,1.0566685
2872.632,1.0565608
2873.218,1.056453
2873.804,1.0563453
2874.39,1.0562376
2874.976,1.0561301
2875.562,1.0560224
2876.148,1.0559149
2876.734,1.0558074
2877.32,1.0556998
2877.906,1.0555924
2878.492,1.055485
2879.078,1.0553776
2879.664,1.0552702
2880.25,1.0551629
2880.836,1.0550556
2881.422,1.0549483
2882.008,1.0548412
2882.594,1.0547339
2883.18,1.0546267
2883.766,1.0545197
2884.352,1.0544125
2884.938,1.0543054
2885.524,1.0541984
2886.11,1.0540915
2886.696,1.0539845
2887.282,1.0538776
2887.868,1.0537707
2888.454,1.0536637
2889.04,1.0535569
2889.626,1.0534501
2890.212,1.0533434
2890.798,1.0532366
2891.384,1.0531299
2891.97,1.0530232
2892.556,1.0529166
2893.142,1.0528101
2893.728,1.0527035
2894.314,1.0525969
2894.9,1.0524904
2895.486,1.0523839
2896.072,1.0522774
2896.658,1.052171
2897.244,1.0520647
2897.83,1.0519583
2898.416,1.051852
2899.002,1.0517458
2899.588,1.0516396
2900.174,1.0515333
2900.76,1.0514271
2901.346,1.051321
2901.932,1.0512148
2902.518,1.0511087
2903.104,1.0510027
2903.69,1.0508966
2904.276,1.0507907
2904.862,1.0506848
2905.448,1.0505788
2906.034,1.050473
2906.62,1.050367
2907.206,1.0502613
2907.792,1.0501554
2908.378,1.0500497
2908.964,1.0499439
2909.55,1.0498382
2910.136,1.0497326
2910.722,1.0496269
2911.308,1.0495213
2911.894,1.0494158
2912.48,1.0493102
2913.066,1.0492047
2913.652,1.0490993
2914.238,1.0489938
2914.824,1.0488884
2915.41,1.0487831
2915.996,1.0486777
2916.582,1.0485724
2917.168,1.048467
2917.754,1.0483619
2918.34,1.0482566
2918.926,1.0481515
2919.512,1.0480462
2920.098,1.0479412
2920.684,1.0478361
2921.27,1.047731
2921.856,1.047626
2922.442,1.047521
2923.028,1.0474161
2923.614,1.0473111
2924.2,1.0472062
2924.786,1.0471014
2925.372,1.0469965
2925.958,1.0468917
2926.544,1.0467869
2927.13,1.0466821
2927.716,1.0465775
2928.302,1.0464728
2928.888,1.0463681
2929.474,1.0462635
2930.06,1.0461589
2930.646,1.0460544
2931.232,1.0459498
2931.818,1.0458454
2932.404,1.0457408
2932.99,1.0456364
2933.576,1.0455319
2934.162,1.0454274
2934.748,1.045323
2935.334,1.0452186
2935.92,1.0451143
2936.506,1.04501
2937.092,1.0449057
2937.678,1.0448015
2938.264,1.0446972
2938.85,1.044593
2939.436,1.0444888
2940.022,1.0443847
2940.608,1.0442805
2941.194,1.0441765
2941.78,1.0440725
2942.366,1.0439684
2942.952,1.0438644
2943.538,1.0437605
2944.124,1.0436566
2944.71,1.0435526
2945.296,1.0434489
2945.882,1.043345
2946.468,1.0432413
2947.054,1.0431374
2947.64,1.0430337
2948.226,1.04293
2948.812,1.0428264
2949.398,1.0427227
2949.984,1.0426191
2950.57,1.0425155
2951.156,1.042412
2951.742,1.0423084
2952.328,1.042205
2952.914,1.0421015
2953.5,1.0419981
2954.086,1.0418947
2954.672,1.0417913
2955.258,1.0416881
2955.844,1.0415847
2956.43,1.0414815
2957.016,1.0413783
2957.602,1.041275
2958.188,1.0411719
2958.774,1.0410688
2959.36,1.0409657
2959.946,1.0408626
2960.532,1.0407594
2961.118,1.0406564
2961.704,1.0405535
2962.29,1.0404505
2962.876,1.0403476
2963.462,1.0402447
2964.048,1.0401418
2964.634,1.0400389
2965.22,1.0399362
2965.806,1.0398334
2966.392,1.0397307
2966.978,1.0396279
2967.564,1.0395253
2968.15,1.0394226
2968.736,1.03932
2969.322,1.0392175
2969.908,1.0391148
2970.494,1.0390123
2971.08,1.0389098
2971.666,1.0388073
2972.252,1.0387049
2972.838,1.0386025
2973.424,1.0385001
2974.01,1.0383978
2974.596,1.0382954
2975.182,1.0381932
2975.768,1.0380909
2976.354,1.0379887
2976.94,1.0378865
2977.526,1.0377843
2978.112,1.0376822
2978.698,1.0375801
2979.284,1.037478
2979.87,1.037376
2980.456,1.037274
2981.042,1.037172
2981.628,1.03707
2982.214,1.0369681
2982.8,1.0368662
2983.386,1.0367644
2983.972,1.0366626
2984.558,1.0365608
2985.144,1.036459
2985.73,1.0363572
2986.316,1.0362555
2986.902,1.0361538
2987.488,1.0360522
2988.074,1.0359505
2988.66,1.035849
2989.246,1.0357474
2989.832,1.0356458
2990.418,1.0355444
2991.004,1.0354428
2991.59,1.0353415
2992.176,1.0352401
2992.762,1.0351387
2993.348,1.0350373
2993.934,1.034936
2994.52,1.0348347
2995.106,1.0347334
2995.692,1.0346322
2996.278,1.034531
2996.864,1.0344299
2997.45,1.0343287
2998.036,1.0342276
2998.622,1.0341265
2999.208,1.0340254
2999.794,1.0339245
3000.38,1.0338235
3000.966,1.0337225
3001.552,1.0336215
3002.138,1.0335207
3002.724,1.0334197
3003.31,1.0333189
3003.896,1.0332181
3004.482,1.0331173
3005.068,1.0330166
3005.654,1.0329158
3006.24,1.0328152
3006.826,1.0327145
3007.412,1.0326139
3007.998,1.0325133
3008.584,1.0324126
3009.17,1.0323122
3009.756,1.0322117
3010.342,1.0321112
3010.928,1.0320107
3011.514,1.0319103
3012.1,1.0318098
3012.686,1.0317094
3013.272,1.0316092
3013.858,1.0315088
3014.444,1.0314085
3015.03,1.0313083
3015.616,1.031208
3016.202,1.0311079
3016.788,1.0310078
3017.374,1.0309075
3017.96,1.0308075
3018.546,1.0307074
3019.132,1.0306073
3019.718,1.0305073
3020.304,1.0304073
3020.89,1.0303074
3021.476,1.0302074
3022.062,1.0301075
3022.648,1.0300077
3023.234,1.0299078
3023.82,1.029808
3024.406,1.0297083
3024.992,1.0296085
3025.578,1.0295088
3026.164,1.0294091
3026.75,1.0293094
3027.336,1.0292099
3027.922,1.0291102
3028.508,1.0290107
3029.094,1.028911
3029.68,1.0288116
3030.266,1.028712
3030.852,1.0286126
3031.438,1.0285132
3032.024,1.0284138
3032.61,1.0283144
3033.196,1.0282151
3033.782,1.0281156
3034.368,1.0280164
3034.954,1.0279171
3035.54,1.027818
3036.126,1.0277187
3036.712,1.0276196
3037.298,1.0275204
3037.884,1.0274214
3038.47,1.0273222
3039.056,1.0272231
3039.642,1.0271242
3040.228,1.0270251
3040.814,1.0269262
3041.4,1.0268272
3041.986,1.0267283
3042.572,1.0266294
3043.158,1.0265305
3043.744,1.0264317
3044.33,1.0263329
3044.916,1.0262341
3045.502,1.0261354
3046.088,1.0260367
3046.674,1.025938
3047.26,1.0258393
3047.846,1.0257407
3048.432,1.0256422
3049.018,1.0255436
3049.604,1.025445
3050.19,1.0253465
3050.776,1.0252481
3051.362,1.0251496
3051.948,1.0250512
3052.534,1.0249528
3053.12,1.0248544
3053.706,1.0247561
3054.292,1.0246577
3054.878,1.0245595
3055.464,1.0244613
3056.05,1.024363
3056.636,1.0242648
3057.222,1.0241666
3057.808,1.0240685
3058.394,1.0239704
3058.98,1.0238723
3059.566,1.0237743
3060.152,1.0236763
3060.738,1.0235783
3061.324,1.0234803
3061.91,1.0233823
3062.496,1.0232844
3063.082,1.0231866
3063.668,1.0230887
3064.254,1.0229908
3064.84,1.0228931
3065.426,1.0227952
3066.012,1.0226976
3066.598,1.0225998
3067.184,1.0225022
3067.77,1.0224044
3068.356,1.0223068
3068.942,1.0222092
3069.528,1.0221117
3070.114,1.0220141
3070.7,1.0219166
3071.286,1.0218191
3071.872,1.0217216
3072.458,1.0216242
3073.044,1.0215268
3073.63,1.0214294
3074.216,1.0213321
3074.802,1.0212348
3075.388,1.0211375
3075.974,1.0210402
3076.56,1.0209429
3077.146,1.0208458
3077.732,1.0207486
3078.318,1.0206515
3078.904,1.0205543
3079.49,1.0204571
3080.076,1.0203601
3080.662,1.0202631
3081.248,1.020166
3081.834,1.0200691
3082.42,1.0199721
3083.006,1.0198752
3083.592,1.0197783
3084.178,1.0196815
3084.764,1.0195845
3085.35,1.0194877
3085.936,1.0193909
3086.522,1.0192943
3087.108,1.0191975
3087.694,1.0191008
3088.28,1.0190041
3088.866,1.0189074
3089.452,1.0188109
3090.038,1.0187142
3090.624,1.0186176
3091.21,1.0185211
3091.796,1.0184246
3092.382,1.0183281
3092.968,1.0182316
3093.554,1.0181352
3094.14,1.0180389
3094.726,1.0179424
3095.312,1.0178461
3095.898,1.0177498
3096.484,1.0176535
3097.07,1.0175573
3097.656,1.0174611
3098.242,1.0173649
3098.828,1.0172687
3099.414,1.0171725
3100,1.0170764
