170,4.1936417
170.586,4.1864352
171.172,4.1792665
171.758,4.1721339
172.344,4.1650381
172.93,4.1579781
173.516,4.1509538
174.102,4.1439652
174.688,4.137012
175.274,4.1300931
175.86,4.1232095
176.446,4.1163597
177.032,4.1095443
177.618,4.1027627
178.204,4.0960145
178.79,4.0892992
179.376,4.0826173
179.962,4.0759678
180.548,4.0693507
181.134,4.0627661
181.72,4.0562129
182.306,4.0496907
182.892,4.0432005
183.478,4.0367408
184.064,4.0303125
184.65,4.0239148
185.236,4.0175471
185.822,4.01121
186.408,4.0049028
186.994,3.9986248
187.58,3.9923768
188.166,3.9861579
188.752,3.9799678
189.338,3.9738066
189.924,3.967674
190.51,3.9615695
191.096,3.9554935
191.682,3.949445
192.268,3.9434245
192.854,3.9374311
193.44,3.9314651
194.026,3.9255264
194.612,3.9196141
195.198,3.9137285
195.784,3.9078691
196.37,3.902036
196.956,3.8962288
197.542,3.8904479
198.128,3.8846924
198.714,3.8789623
199.3,3.8732576
199.886,3.867578
200.472,3.8619232
201.058,3.8562932
201.644,3.8506877
202.23,3.8451068
202.816,3.83955
203.402,3.8340173
203.988,3.8285084
204.574,3.8230231
205.16,3.8175611
205.746,3.8121228
206.332,3.8067076
206.918,3.8013153
207.504,3.7959461
208.09,3.7905993
208.676,3.7852752
209.262,3.7799735
209.848,3.774694
210.434,3.7694364
211.02,3.7642009
211.606,3.7589869
212.192,3.7537949
212.778,3.7486241
213.364,3.7434747
213.95,3.7383466
214.536,3.7332392
215.122,3.728153
215.708,3.7230873
216.294,3.7180421
216.88,3.7130177
217.466,3.7080135
218.052,3.7030294
218.638,3.6980655
219.224,3.6931214
219.81,3.6881971
220.396,3.6832922
220.982,3.6784067
221.568,3.6735408
222.154,3.6686943
222.74,3.6638665
223.326,3.6590581
223.912,3.6542683
224.498,3.6494975
225.084,3.6447451
225.67,3.6400113
226.256,3.6352961
226.842,3.630599
227.428,3.6259201
228.014,3.6212592
228.6,3.6166162
229.186,3.6119912
229.772,3.607384
230.358,3.6027942
230.944,3.5982218
231.53,3.593667
232.116,3.5891294
232.702,3.584609
233.288,3.5801055
233.874,3.5756192
234.46,3.5711496
235.046,3.5666969
235.632,3.5622606
236.218,3.5578411
236.804,3.5534377
237.39,3.5490506
237.976,3.5446792
238.562,3.5403242
239.148,3.5359852
239.734,3.5316622
240.32,3.5273547
240.906,3.5230634
241.492,3.5187874
242.078,3.5145273
242.664,3.5102823
243.25,3.506053
243.836,3.5018387
244.422,3.4976397
245.008,3.4934559
245.594,3.4892869
246.18,3.4851327
246.766,3.4809935
247.352,3.4768691
247.938,3.4727592
248.524,3.4686639
249.11,3.4645832
249.696,3.4605167
250.282,3.4564645
250.868,3.4524264
251.454,3.4484029
252.04,3.4443929
252.626,3.440397
253.212,3.436415
253.798,3.4324465
254.384,3.4284918
254.97,3.4245505
255.556,3.4206233
256.142,3.4167092
256.728,3.4128084
257.314,3.4089212
257.9,3.4050472
258.486,3.4011865
259.072,3.3973386
259.658,3.3935039
260.244,3.3896823
260.83,3.3858733
261.416,3.3820775
262.002,3.378294
262.588,3.3745236
263.174,3.3707657
263.76,3.3670201
264.346,3.363287
264.932,3.3595665
265.518,3.3558581
266.104,3.3521621
266.69,3.3484781
267.276,3.3448064
267.862,3.3411467
268.448,3.3374991
269.034,3.3338633
269.62,3.3302393
270.206,3.3266273
270.792,3.3230269
271.378,3.3194382
271.964,3.315861
272.55,3.3122954
273.136,3.3087413
273.722,3.3051987
274.308,3.3016672
274.894,3.2981472
275.48,3.2946384
276.066,3.2911408
276.652,3.2876544
277.238,3.2841787
277.824,3.2807145
278.41,3.2772608
278.996,3.2738183
279.582,3.2703865
280.168,3.2669654
280.754,3.263555
281.34,3.2601554
281.926,3.2567663
282.512,3.2533879
283.098,3.25002
283.684,3.2466621
284.27,3.243315
284.856,3.2399783
285.442,3.2366517
286.028,3.2333353
286.614,3.2300291
287.2,3.2267332
287.786,3.2234471
288.372,3.2201712
288.958,3.2169051
289.544,3.213649
290.13,3.210403
290.716,3.2071667
291.302,3.2039399
291.888,3.2007232
292.474,3.197516
293.06,3.1943183
293.646,3.1911302
294.232,3.1879518
294.818,3.1847827
295.404,3.1816235
295.99,3.1784732
296.576,3.1753323
297.162,3.1722009
297.748,3.1690786
298.334,3.1659656
298.92,3.1628616
299.506,3.1597669
300.092,3.1566813
300.678,3.1536045
301.264,3.1505365
301.85,3.1474774
302.436,3.1444273
303.022,3.141386
303.608,3.1383536
304.194,3.13533
304.78,3.1323149
305.366,3.1293087
305.952,3.1263111
306.538,3.123322
307.124,3.1203415
307.71,3.1173697
308.296,3.1144061
308.882,3.1114511
309.468,3.1085045
310.054,3.1055663
310.64,3.1026363
311.226,3.0997148
311.812,3.0968013
312.398,3.0938962
312.984,3.0909991
313.57,3.0881102
314.156,3.0852294
314.742,3.0823567
315.328,3.0794921
315.914,3.0766354
316.5,3.0737865
317.086,3.0709457
317.672,3.0681129
318.258,3.0652876
318.844,3.0624702
319.43,3.0596607
320.016,3.0568588
320.602,3.0540648
321.188,3.0512781
321.774,3.0484996
322.36,3.0457282
322.946,3.0429645
323.532,3.0402076
324.118,3.0374587
324.704,3.0347168
325.29,3.0319827
325.876,3.0292559
326.462,3.0265362
327.048,3.0238242
327.634,3.0211191
328.22,3.0184216
328.806,3.0157313
329.392,3.0130479
329.978,3.0103719
330.564,3.0077031
331.15,3.0050414
331.736,3.0023866
332.322,2.9997389
332.908,2.9970982
333.494,2.9944644
334.08,2.9918377
334.666,2.989218
335.252,2.9866049
335.838,2.9839988
336.424,2.9813995
337.01,2.978807
337.596,2.9762213
338.182,2.9736423
338.768,2.9710701
339.354,2.9685044
339.94,2.9659452
340.526,2.963393
341.112,2.9608471
341.698,2.958308
342.284,2.9557753
342.87,2.953249
343.456,2.9507289
344.042,2.9482152
344.628,2.945708
345.214,2.9432073
345.8,2.9407129
346.386,2.9382246
346.972,2.9357429
347.558,2.9332674
348.144,2.9307981
348.73,2.9283352
349.316,2.9258783
349.902,2.9234276
350.488,2.9209831
351.074,2.9185448
351.66,2.9161127
352.246,2.9136863
352.832,2.9112663
353.418,2.9088521
354.004,2.9064441
354.59,2.9040418
355.176,2.9016457
355.762,2.8992555
356.348,2.8968711
356.934,2.8944926
357.52,2.8921201
358.106,2.8897531
358.692,2.8873923
359.278,2.8850372
359.864,2.8826876
360.45,2.8803437
361.036,2.878006
361.622,2.8756735
362.208,2.8733468
362.794,2.8710258
363.38,2.8687105
363.966,2.8664007
364.552,2.8640964
365.138,2.8617976
365.724,2.8595045
366.31,2.8572168
366.896,2.8549347
367.482,2.852658
368.068,2.8503866
368.654,2.8481207
369.24,2.8458602
369.826,2.8436053
370.412,2.8413556
370.998,2.8391111
371.584,2.8368721
372.17,2.8346381
372.756,2.8324096
373.342,2.8301864
373.928,2.8279684
374.514,2.8257554
375.1,2.8235476
375.686,2.8213451
376.272,2.8191478
376.858,2.8169558
377.444,2.8147686
378.03,2.8125865
378.616,2.8104095
379.202,2.8082376
379.788,2.8060708
380.374,2.8039088
380.96,2.8017519
381.546,2.7995999
382.132,2.7974529
382.718,2.795311
383.304,2.7931738
383.89,2.7910414
384.476,2.788914
385.062,2.7867916
385.648,2.7846739
386.234,2.7825611
386.82,2.780453
387.406,2.7783496
387.992,2.7762511
388.578,2.7741573
389.164,2.7720683
389.75,2.769984
390.336,2.7679043
390.922,2.7658293
391.508,2.7637591
392.094,2.7616935
392.68,2.7596323
393.266,2.757576
393.852,2.7555242
394.438,2.7534769
395.024,2.7514341
395.61,2.7493961
396.196,2.7473624
396.782,2.7453332
397.368,2.7433085
397.954,2.7412884
398.54,2.7392726
399.126,2.7372613
399.712,2.7352545
400.298,2.733252
400.884,2.7312541
401.47,2.7292602
402.056,2.7272711
402.642,2.725286
403.228,2.7233055
403.814,2.721329
404.4,2.719357
404.986,2.7173891
405.572,2.7154257
406.158,2.7134664
406.744,2.7115114
407.33,2.7095606
407.916,2.7076142
408.502,2.7056718
409.088,2.7037334
409.674,2.7017994
410.26,2.6998696
410.846,2.6979437
411.432,2.696022
412.018,2.6941044
412.604,2.6921911
413.19,2.6902816
413.776,2.6883764
414.362,2.686475
414.948,2.6845777
415.534,2.6826847
416.12,2.6807952
416.706,2.67891
417.292,2.6770287
417.878,2.6751513
418.464,2.6732781
419.05,2.6714087
419.636,2.669543
420.222,2.6676815
420.808,2.6658237
421.394,2.6639698
421.98,2.6621199
422.566,2.6602738
423.152,2.6584315
423.738,2.6565931
424.324,2.6547585
424.91,2.6529274
425.496,2.6511004
426.082,2.6492772
426.668,2.6474576
427.254,2.6456418
427.84,2.6438298
428.426,2.6420214
429.012,2.6402168
429.598,2.6384161
430.184,2.6366186
430.77,2.6348252
431.356,2.6330352
431.942,2.631249
432.528,2.6294663
433.114,2.6276875
433.7,2.625912
434.286,2.62414
434.872,2.6223714
435.458,2.6206067
436.044,2.6188452
436.63,2.6170876
437.216,2.6153333
437.802,2.6135826
438.388,2.6118352
438.974,2.6100917
439.56,2.6083515
440.146,2.6066148
440.732,2.6048815
441.318,2.6031516
441.904,2.6014254
442.49,2.5997024
443.076,2.5979829
443.662,2.5962667
444.248,2.5945542
444.834,2.5928447
445.42,2.5911388
446.006,2.5894363
446.592,2.5877371
447.178,2.5860412
447.764,2.5843487
448.35,2.5826597
448.936,2.5809739
449.522,2.5792911
450.108,2.5776119
450.694,2.5759358
451.28,2.5742633
451.866,2.5725937
452.452,2.5709276
453.038,2.5692647
453.624,2.5676048
454.21,2.5659482
454.796,2.5642951
455.382,2.5626447
455.968,2.560998
456.554,2.5593543
457.14,2.5577137
457.726,2.5560763
458.312,2.5544419
458.898,2.5528107
459.484,2.5511827
460.07,2.5495579
460.656,2.5479362
461.242,2.5463173
461.828,2.5447018
462.414,2.5430894
463,2.5414801
463.586,2.5398736
464.172,2.5382702
464.758,2.53667
465.344,2.5350726
465.93,2.5334778
466.516,2.5318863
467.102,2.5302975
467.688,2.528712
468.274,2.5271294
468.86,2.5255499
469.446,2.523973
470.032,2.5223994
470.618,2.5208285
471.204,2.5192606
471.79,2.5176959
472.376,2.5161338
472.962,2.5145748
473.548,2.5130186
474.134,2.5114655
474.72,2.5099151
475.306,2.5083675
475.892,2.5068228
476.478,2.5052812
477.064,2.5037422
477.65,2.5022061
478.236,2.5006731
478.822,2.4991426
479.408,2.4976149
479.994,2.4960902
480.58,2.4945681
481.166,2.4930489
481.752,2.4915326
482.338,2.4900188
482.924,2.488508
483.51,2.4869998
484.096,2.4854944
484.682,2.4839919
485.268,2.482492
485.854,2.4809947
486.44,2.4795001
487.026,2.4780083
487.612,2.4765193
488.198,2.4750328
488.784,2.4735491
489.37,2.4720681
489.956,2.4705896
490.542,2.4691138
491.128,2.4676409
491.714,2.4661703
492.3,2.4647024
492.886,2.4632368
493.472,2.4617739
494.058,2.4603136
494.644,2.4588559
495.23,2.4574008
495.816,2.4559484
496.402,2.4544983
496.988,2.4530511
497.574,2.4516063
498.16,2.4501638
498.746,2.4487243
499.332,2.4472871
499.918,2.4458525
500.504,2.4444203
501.09,2.4429908
501.676,2.4415636
502.262,2.4401391
502.848,2.4387169
503.434,2.4372973
504.02,2.4358802
504.606,2.4344656
505.192,2.4330535
505.778,2.4316437
506.364,2.4302366
506.95,2.4288316
507.536,2.4274292
508.122,2.4260292
508.708,2.4246318
509.294,2.4232366
509.88,2.421844
510.466,2.4204535
511.052,2.4190657
511.638,2.4176803
512.224,2.4162972
512.81,2.4149163
513.396,2.413538
513.982,2.4121618
514.568,2.4107881
515.154,2.4094169
515.74,2.4080479
516.326,2.4066811
516.912,2.4053168
517.498,2.4039547
518.084,2.402595
518.67,2.4012377
519.256,2.3998826
519.842,2.3985298
520.428,2.3971791
521.014,2.3958309
521.6,2.394485
522.186,2.3931413
522.772,2.3917999
523.358,2.3904607
523.944,2.3891237
524.53,2.387789
525.116,2.3864565
525.702,2.3851264
526.288,2.3837984
526.874,2.3824725
527.46,2.3811491
528.046,2.3798275
528.632,2.3785083
529.218,2.3771913
529.804,2.3758767
530.39,2.3745639
530.976,2.3732536
531.562,2.3719454
532.148,2.3706393
532.734,2.3693352
533.32,2.3680334
533.906,2.3667338
534.492,2.3654363
535.078,2.3641407
535.664,2.3628476
536.25,2.3615565
536.836,2.3602674
537.422,2.3589804
538.008,2.3576956
538.594,2.3564129
539.18,2.3551323
539.766,2.3538537
540.352,2.3525772
540.938,2.3513029
541.524,2.3500304
542.11,2.3487604
542.696,2.347492
543.282,2.346226
543.868,2.3449619
544.454,2.3436997
545.04,2.3424397
545.626,2.3411818
546.212,2.3399258
546.798,2.3386717
547.384,2.3374197
547.97,2.33617
548.556,2.3349218
549.142,2.3336759
549.728,2.332432
550.314,2.3311899
550.9,2.3299499
551.486,2.3287117
552.072,2.3274755
552.658,2.3262415
553.244,2.3250093
553.83,2.3237791
554.416,2.3225508
555.002,2.3213246
555.588,2.3201001
556.174,2.3188777
556.76,2.3176572
557.346,2.3164387
557.932,2.315222
558.518,2.314007
559.104,2.3127942
559.69,2.3115835
560.276,2.3103743
560.862,2.3091671
561.448,2.3079619
562.034,2.3067586
562.62,2.305557
563.206,2.3043575
563.792,2.3031597
564.378,2.301964
564.964,2.30077
565.55,2.2995777
566.136,2.2983875
566.722,2.297199
567.308,2.2960124
567.894,2.2948277
568.48,2.2936447
569.066,2.2924638
569.652,2.2912843
570.238,2.290107
570.824,2.2889314
571.41,2.2877574
571.996,2.2865853
572.582,2.2854152
573.168,2.2842467
573.754,2.2830801
574.34,2.2819152
574.926,2.2807522
575.512,2.2795908
576.098,2.2784314
576.684,2.2772737
577.27,2.2761176
577.856,2.2749634
578.442,2.2738109
579.028,2.2726603
579.614,2.2715111
580.2,2.2703638
580.786,2.2692184
581.372,2.2680745
581.958,2.2669325
582.544,2.2657924
583.13,2.2646537
583.716,2.2635167
584.302,2.2623816
584.888,2.2612481
585.474,2.2601163
586.06,2.2589862
586.646,2.257858
587.232,2.2567313
587.818,2.2556064
588.404,2.254483
588.99,2.2533615
589.576,2.2522414
590.162,2.251123
590.748,2.2500064
591.334,2.2488916
591.92,2.2477782
592.506,2.2466664
593.092,2.2455566
593.678,2.2444482
594.264,2.2433414
594.85,2.2422364
595.436,2.2411327
596.022,2.240031
596.608,2.2389309
597.194,2.2378323
597.78,2.2367353
598.366,2.23564
598.952,2.2345462
599.538,2.233454
600.124,2.2323635
600.71,2.2312746
601.296,2.2301872
601.882,2.2291014
602.468,2.2280171
603.054,2.2269344
603.64,2.2258534
604.226,2.2247739
604.812,2.223696
605.398,2.2226195
605.984,2.2215447
606.57,2.2204714
607.156,2.2193997
607.742,2.2183297
608.328,2.2172608
608.914,2.2161939
609.5,2.2151284
610.086,2.2140644
610.672,2.213002
611.258,2.211941
611.844,2.2108815
612.43,2.2098236
613.016,2.2087672
613.602,2.2077124
614.188,2.2066588
614.774,2.2056072
615.36,2.2045567
615.946,2.2035079
616.532,2.2024605
617.118,2.2014148
617.704,2.2003703
618.29,2.1993275
618.876,2.1982861
619.462,2.1972461
620.048,2.1962078
620.634,2.1951706
621.22,2.1941352
621.806,2.1931012
622.392,2.1920686
622.978,2.1910374
623.564,2.1900077
624.15,2.1889794
624.736,2.1879525
625.322,2.1869273
625.908,2.1859033
626.494,2.184881
627.08,2.1838598
627.666,2.1828403
628.252,2.1818221
628.838,2.1808054
629.424,2.17979
630.01,2.1787763
630.596,2.1777637
631.182,2.1767526
631.768,2.1757429
632.354,2.1747346
632.94,2.1737278
633.526,2.1727223
634.112,2.1717181
634.698,2.1707156
635.284,2.1697142
635.87,2.1687143
636.456,2.1677158
637.042,2.1667185
637.628,2.1657228
638.214,2.1647284
638.8,2.1637354
639.386,2.1627438
639.972,2.1617534
640.558,2.1607645
641.144,2.1597769
641.73,2.1587906
642.316,2.1578057
642.902,2.1568222
643.488,2.1558399
644.074,2.1548593
644.66,2.1538796
645.246,2.1529014
645.832,2.1519246
646.418,2.1509492
647.004,2.1499751
647.59,2.1490021
648.176,2.1480305
648.762,2.1470604
649.348,2.1460915
649.934,2.1451237
650.52,2.1441576
651.106,2.1431925
651.692,2.1422288
652.278,2.1412666
652.864,2.1403055
653.45,2.1393456
654.036,2.1383872
654.622,2.13743
655.208,2.1364741
655.794,2.1355195
656.38,2.1345661
656.966,2.1336141
657.552,2.1326632
658.138,2.1317136
658.724,2.1307654
659.31,2.1298184
659.896,2.1288726
660.482,2.1279283
661.068,2.1269851
661.654,2.1260431
662.24,2.1251023
662.826,2.1241629
663.412,2.1232247
663.998,2.1222878
664.584,2.121352
665.17,2.1204176
665.756,2.1194842
666.342,2.1185522
666.928,2.1176214
667.514,2.1166921
668.1,2.1157637
668.686,2.1148365
669.272,2.1139107
669.858,2.1129861
670.444,2.1120625
671.03,2.1111403
671.616,2.1102192
672.202,2.1092994
672.788,2.1083808
673.374,2.1074636
673.96,2.1065471
674.546,2.1056323
675.132,2.1047184
675.718,2.1038058
676.304,2.1028943
676.89,2.101984
677.476,2.1010749
678.062,2.100167
678.648,2.0992603
679.234,2.0983548
679.82,2.0974503
680.406,2.0965466
680.992,2.0956445
681.578,2.0947433
682.164,2.0938435
682.75,2.0929446
683.336,2.092047
683.922,2.0911505
684.508,2.0902553
685.094,2.0893612
685.68,2.0884681
686.266,2.0875764
686.852,2.0866857
687.438,2.0857961
688.024,2.0849078
688.61,2.0840204
689.196,2.0831342
689.782,2.0822492
690.368,2.0813653
690.954,2.0804825
691.54,2.0796008
692.126,2.0787203
692.712,2.077841
693.298,2.0769627
693.884,2.0760856
694.47,2.0752094
695.056,2.0743344
695.642,2.0734606
696.228,2.072588
696.814,2.0717163
697.4,2.0708458
697.986,2.0699763
698.572,2.069108
699.158,2.0682409
699.744,2.0673747
700.33,2.0665095
700.916,2.0656457
701.502,2.0647829
702.088,2.063921
702.674,2.0630603
703.26,2.0622005
703.846,2.0613422
704.432,2.0604846
705.018,2.0596282
705.604,2.0587728
706.19,2.0579185
706.776,2.0570655
707.362,2.0562134
707.948,2.0553622
708.534,2.0545123
709.12,2.0536633
709.706,2.0528152
710.292,2.0519686
710.878,2.0511227
711.464,2.0502779
712.05,2.0494342
712.636,2.0485916
713.222,2.04775
713.808,2.0469093
714.394,2.0460699
714.98,2.0452313
715.566,2.0443938
716.152,2.0435574
716.738,2.042722
717.324,2.0418878
717.91,2.0410542
718.496,2.0402219
719.082,2.0393906
719.668,2.0385604
720.254,2.0377312
720.84,2.0369029
721.426,2.0360756
722.012,2.0352495
722.598,2.0344241
723.184,2.0335999
723.77,2.0327768
724.356,2.0319545
724.942,2.0311334
725.528,2.0303133
726.114,2.0294938
726.7,2.0286758
727.286,2.0278583
727.872,2.0270417
728.458,2.026226
729.044,2.0254116
729.63,2.0245979
730.216,2.0237854
730.802,2.0229738
731.388,2.0221632
731.974,2.0213535
732.56,2.0205448
733.146,2.019737
733.732,2.0189302
734.318,2.0181246
734.904,2.0173197
735.49,2.016516
736.076,2.015713
736.662,2.0149112
737.248,2.0141103
737.834,2.0133102
738.42,2.0125113
739.006,2.0117133
739.592,2.010916
740.178,2.0101199
740.764,2.0093248
741.35,2.0085304
741.936,2.0077372
742.522,2.0069449
743.108,2.0061533
743.694,2.005363
744.28,2.0045733
744.866,2.0037849
745.452,2.0029972
746.038,2.0022104
746.624,2.0014246
747.21,2.0006397
747.796,1.9998559
748.382,1.9990728
748.968,1.9982907
749.554,1.9975096
750.14,1.9967293
750.726,1.9959499
751.312,1.9951715
751.898,1.9943941
752.484,1.9936174
753.07,1.9928418
753.656,1.992067
754.242,1.9912932
754.828,1.9905202
755.414,1.9897481
756,1.988977
756.586,1.9882067
757.172,1.9874374
757.758,1.9866688
758.344,1.9859014
758.93,1.9851347
759.516,1.9843689
760.102,1.9836041
760.688,1.9828401
761.274,1.9820769
761.86,1.9813148
762.446,1.9805534
763.032,1.979793
763.618,1.9790334
764.204,1.9782746
764.79,1.9775168
765.376,1.9767598
765.962,1.9760036
766.548,1.9752483
767.134,1.9744936
767.72,1.9737399
768.306,1.9729869
768.892,1.972235
769.478,1.9714838
770.064,1.9707335
770.65,1.9699841
771.236,1.9692354
771.822,1.9684876
772.408,1.9677408
772.994,1.9669948
773.58,1.9662496
774.166,1.9655052
774.752,1.9647617
775.338,1.9640192
775.924,1.9632773
776.51,1.9625363
777.096,1.9617963
777.682,1.9610569
778.268,1.9603186
778.854,1.959581
779.44,1.9588442
780.026,1.9581083
780.612,1.9573731
781.198,1.9566389
781.784,1.9559056
782.37,1.9551729
782.956,1.9544411
783.542,1.9537101
784.128,1.95298
784.714,1.9522507
785.3,1.9515222
785.886,1.9507946
786.472,1.9500676
787.058,1.9493417
787.644,1.9486164
788.23,1.947892
788.816,1.9471684
789.402,1.9464456
789.988,1.9457235
790.574,1.9450023
791.16,1.9442819
791.746,1.9435624
792.332,1.9428436
792.918,1.9421257
793.504,1.9414084
794.09,1.9406921
794.676,1.9399765
795.262,1.9392617
795.848,1.9385476
796.434,1.9378344
797.02,1.937122
797.606,1.9364103
798.192,1.9356995
798.778,1.9349893
799.364,1.9342802
799.95,1.9335716
800.536,1.9328638
801.122,1.9321569
801.708,1.9314507
802.294,1.9307454
802.88,1.9300407
803.466,1.9293369
804.052,1.9286338
804.638,1.9279314
805.224,1.9272299
805.81,1.9265292
806.396,1.9258292
806.982,1.9251299
807.568,1.9244314
808.154,1.9237337
808.74,1.9230367
809.326,1.9223405
809.912,1.921645
810.498,1.9209504
811.084,1.9202564
811.67,1.9195633
812.256,1.9188708
812.842,1.9181792
813.428,1.9174882
814.014,1.916798
814.6,1.9161086
815.186,1.9154199
815.772,1.914732
816.358,1.9140447
816.944,1.9133583
817.53,1.9126725
818.116,1.9119875
818.702,1.9113033
819.288,1.9106197
819.874,1.909937
820.46,1.9092549
821.046,1.9085736
821.632,1.9078931
822.218,1.9072132
822.804,1.9065341
823.39,1.9058557
823.976,1.905178
824.562,1.904501
825.148,1.9038248
825.734,1.9031492
826.32,1.9024743
826.906,1.9018
827.492,1.9011266
828.078,1.9004538
828.664,1.8997817
829.25,1.8991103
829.836,1.8984396
830.422,1.8977697
831.008,1.8971003
831.594,1.8964318
832.18,1.895764
832.766,1.8950969
833.352,1.8944304
833.938,1.8937647
834.524,1.8930997
835.11,1.8924354
835.696,1.8917718
836.282,1.8911089
836.868,1.8904467
837.454,1.8897852
838.04,1.8891243
838.626,1.8884642
839.212,1.8878047
839.798,1.887146
840.384,1.8864878
840.97,1.8858305
841.556,1.8851738
842.142,1.8845178
842.728,1.8838625
843.314,1.8832079
843.9,1.8825539
844.486,1.8819007
845.072,1.8812481
845.658,1.8805962
846.244,1.879945
846.83,1.8792944
847.416,1.8786446
848.002,1.8779954
848.588,1.8773469
849.174,1.876699
849.76,1.8760518
850.346,1.8754053
850.932,1.8747594
851.518,1.8741143
852.104,1.8734697
852.69,1.872826
853.276,1.8721827
853.862,1.8715402
854.448,1.8708984
855.034,1.8702573
855.62,1.8696166
856.206,1.8689768
856.792,1.8683376
857.378,1.867699
857.964,1.8670611
858.55,1.8664238
859.136,1.8657873
859.722,1.8651513
860.308,1.864516
860.894,1.8638813
861.48,1.8632474
862.066,1.862614
862.652,1.8619813
863.238,1.8613492
863.824,1.8607178
864.41,1.860087
864.996,1.8594569
865.582,1.8588275
866.168,1.8581985
866.754,1.8575704
867.34,1.8569428
867.926,1.8563159
868.512,1.8556895
869.098,1.8550638
869.684,1.8544388
870.27,1.8538144
870.856,1.8531907
871.442,1.8525674
872.028,1.8519449
872.614,1.851323
873.2,1.8507018
873.786,1.8500812
874.372,1.8494612
874.958,1.8488418
875.544,1.848223
876.13,1.8476049
876.716,1.8469874
877.302,1.8463703
877.888,1.8457541
878.474,1.8451384
879.06,1.8445234
879.646,1.8439089
880.232,1.8432951
880.818,1.8426819
881.404,1.8420693
881.99,1.8414572
882.576,1.8408459
883.162,1.8402351
883.748,1.839625
884.334,1.8390154
884.92,1.8384064
885.506,1.8377981
886.092,1.8371904
886.678,1.8365833
887.264,1.8359767
887.85,1.8353708
888.436,1.8347654
889.022,1.8341607
889.608,1.8335565
890.194,1.832953
890.78,1.83235
891.366,1.8317477
891.952,1.8311459
892.538,1.8305447
893.124,1.8299441
893.71,1.8293442
894.296,1.8287448
894.882,1.828146
895.468,1.8275477
896.054,1.8269501
896.64,1.8263531
897.226,1.8257565
897.812,1.8251607
898.398,1.8245654
898.984,1.8239707
899.57,1.8233767
900.156,1.822783
900.742,1.82219
901.328,1.8215977
901.914,1.8210058
902.5,1.8204145
903.086,1.819824
903.672,1.8192339
904.258,1.8186444
904.844,1.8180554
905.43,1.817467
906.016,1.8168793
906.602,1.8162919
907.188,1.8157053
907.774,1.8151193
908.36,1.8145337
908.946,1.8139488
909.532,1.8133644
910.118,1.8127805
910.704,1.8121973
911.29,1.8116146
911.876,1.8110324
912.462,1.8104509
913.048,1.8098699
913.634,1.8092893
914.22,1.8087095
914.806,1.8081301
915.392,1.8075513
915.978,1.8069731
916.564,1.8063954
917.15,1.8058183
917.736,1.8052417
918.322,1.8046657
918.908,1.8040903
919.494,1.8035153
920.08,1.802941
920.666,1.8023671
921.252,1.8017938
921.838,1.8012211
922.424,1.8006489
923.01,1.8000773
923.596,1.7995062
924.182,1.7989357
924.768,1.7983656
925.354,1.7977961
925.94,1.7972273
926.526,1.7966589
927.112,1.796091
927.698,1.7955236
928.284,1.7949569
928.87,1.7943907
929.456,1.793825
930.042,1.7932599
930.628,1.7926952
931.214,1.7921311
931.8,1.7915676
932.386,1.7910045
932.972,1.790442
933.558,1.78988
934.144,1.7893186
934.73,1.7887576
935.316,1.7881973
935.902,1.7876374
936.488,1.787078
937.074,1.7865192
937.66,1.7859609
938.246,1.7854031
938.832,1.7848459
939.418,1.7842891
940.004,1.783733
940.59,1.7831773
941.176,1.7826221
941.762,1.7820675
942.348,1.7815133
942.934,1.7809597
943.52,1.7804066
944.106,1.7798541
944.692,1.779302
945.278,1.7787504
945.864,1.7781993
946.45,1.7776488
947.036,1.7770988
947.622,1.7765493
948.208,1.7760003
948.794,1.7754518
949.38,1.7749038
949.966,1.7743564
950.552,1.7738093
951.138,1.7732629
951.724,1.7727169
952.31,1.7721715
952.896,1.7716265
953.482,1.771082
954.068,1.7705381
954.654,1.7699946
955.24,1.7694517
955.826,1.7689092
956.412,1.7683673
956.998,1.7678258
957.584,1.7672849
958.17,1.7667444
958.756,1.7662045
959.342,1.7656649
959.928,1.765126
960.514,1.7645875
961.1,1.7640495
961.686,1.763512
962.272,1.762975
962.858,1.7624384
963.444,1.7619025
964.03,1.761367
964.616,1.7608318
965.202,1.7602973
965.788,1.7597631
966.374,1.7592295
966.96,1.7586964
967.546,1.7581638
968.132,1.7576317
968.718,1.7571
969.304,1.7565689
969.89,1.7560382
970.476,1.7555079
971.062,1.7549782
971.648,1.7544489
972.234,1.7539202
972.82,1.7533919
973.406,1.7528641
973.992,1.7523367
974.578,1.7518098
975.164,1.7512834
975.75,1.7507575
976.336,1.7502321
976.922,1.7497071
977.508,1.7491826
978.094,1.7486585
978.68,1.748135
979.266,1.7476119
979.852,1.7470893
980.438,1.7465671
981.024,1.7460455
981.61,1.7455242
982.196,1.7450035
982.782,1.7444832
983.368,1.7439634
983.954,1.743444
984.54,1.7429252
985.126,1.7424067
985.712,1.7418886
986.298,1.7413712
986.884,1.7408541
987.47,1.7403376
988.056,1.7398214
988.642,1.7393057
989.228,1.7387905
989.814,1.7382758
990.4,1.7377615
990.986,1.7372477
991.572,1.7367343
992.158,1.7362213
992.744,1.7357088
993.33,1.7351968
993.916,1.7346853
994.502,1.7341741
995.088,1.7336636
995.674,1.7331533
996.26,1.7326435
996.846,1.7321342
997.432,1.7316253
998.018,1.7311169
998.604,1.7306089
999.19,1.7301015
999.776,1.7295943
1000.362,1.7290877
1000.948,1.7285815
1001.534,1.7280759
1002.12,1.7275705
1002.706,1.7270657
1003.292,1.7265613
1003.878,1.7260573
1004.464,1.7255538
1005.05,1.7250507
1005.636,1.724548
1006.222,1.7240459
1006.808,1.723544
1007.394,1.7230427
1007.98,1.7225418
1008.566,1.7220414
1009.152,1.7215414
1009.738,1.7210418
1010.324,1.7205426
1010.91,1.7200439
1011.496,1.7195456
1012.082,1.7190478
1012.668,1.7185503
1013.254,1.7180533
1013.84,1.7175567
1014.426,1.7170607
1015.012,1.7165649
1015.598,1.7160697
1016.184,1.7155749
1016.77,1.7150804
1017.356,1.7145864
1017.942,1.7140929
1018.528,1.7135998
1019.114,1.713107
1019.7,1.7126148
1020.286,1.7121229
1020.872,1.7116314
1021.458,1.7111405
1022.044,1.7106498
1022.63,1.7101597
1023.216,1.7096699
1023.802,1.7091807
1024.388,1.7086917
1024.974,1.7082033
1025.56,1.7077152
1026.146,1.7072275
1026.732,1.7067403
1027.318,1.7062535
1027.904,1.7057672
1028.49,1.7052811
1029.076,1.7047956
1029.662,1.7043104
1030.248,1.7038257
1030.834,1.7033414
1031.42,1.7028575
1032.006,1.702374
1032.592,1.7018909
1033.178,1.7014083
1033.764,1.7009259
1034.35,1.7004441
1034.936,1.6999626
1035.522,1.6994816
1036.108,1.699001
1036.694,1.6985208
1037.28,1.698041
1037.866,1.6975615
1038.452,1.6970825
1039.038,1.696604
1039.624,1.6961257
1040.21,1.695648
1040.796,1.6951706
1041.382,1.6946937
1041.968,1.6942171
1042.554,1.693741
1043.14,1.6932651
1043.726,1.6927898
1044.312,1.6923149
1044.898,1.6918402
1045.484,1.6913661
1046.07,1.6908923
1046.656,1.690419
1047.242,1.6899459
1047.828,1.6894734
1048.414,1.6890012
1049,1.6885294
1049.586,1.688058
1050.172,1.687587
1050.758,1.6871165
1051.344,1.6866462
1051.93,1.6861764
1052.516,1.685707
1053.102,1.685238
1053.688,1.6847694
1054.274,1.6843011
1054.86,1.6838332
1055.446,1.6833658
1056.032,1.6828988
1056.618,1.6824321
1057.204,1.6819657
1057.79,1.6814998
1058.376,1.6810343
1058.962,1.6805692
1059.548,1.6801044
1060.134,1.6796401
1060.72,1.6791761
1061.306,1.6787125
1061.892,1.6782494
1062.478,1.6777865
1063.064,1.6773241
1063.65,1.676862
1064.236,1.6764003
1064.822,1.675939
1065.408,1.6754781
1065.994,1.6750176
1066.58,1.6745574
1067.166,1.6740977
1067.752,1.6736382
1068.338,1.6731793
1068.924,1.6727206
1069.51,1.6722623
1070.096,1.6718044
1070.682,1.671347
1071.268,1.6708899
1071.854,1.670433
1072.44,1.6699767
1073.026,1.6695207
1073.612,1.669065
1074.198,1.6686099
1074.784,1.668155
1075.37,1.6677004
1075.956,1.6672463
1076.542,1.6667925
1077.128,1.6663392
1077.714,1.6658862
1078.3,1.6654334
1078.886,1.6649811
1079.472,1.6645292
1080.058,1.6640776
1080.644,1.6636264
1081.23,1.6631757
1081.816,1.6627252
1082.402,1.6622751
1082.988,1.6618254
1083.574,1.6613761
1084.16,1.6609271
1084.746,1.6604785
1085.332,1.6600302
1085.918,1.6595824
1086.504,1.6591347
1087.09,1.6586876
1087.676,1.6582408
1088.262,1.6577944
1088.848,1.6573483
1089.434,1.6569027
1090.02,1.6564572
1090.606,1.6560123
1091.192,1.6555676
1091.778,1.6551234
1092.364,1.6546794
1092.95,1.6542358
1093.536,1.6537926
1094.122,1.6533498
1094.708,1.6529073
1095.294,1.6524651
1095.88,1.6520233
1096.466,1.6515819
1097.052,1.6511408
1097.638,1.6507001
1098.224,1.6502597
1098.81,1.6498197
1099.396,1.6493801
1099.982,1.6489408
1100.568,1.6485018
1101.154,1.6480632
1101.74,1.647625
1102.326,1.647187
1102.912,1.6467494
1103.498,1.6463121
1104.084,1.6458751
1104.67,1.6454384
1105.256,1.6450022
1105.842,1.6445663
1106.428,1.6441307
1107.014,1.6436954
1107.6,1.6432605
1108.186,1.642826
1108.772,1.6423917
1109.358,1.6419579
1109.944,1.6415243
1110.53,1.6410911
1111.116,1.6406583
1111.702,1.6402258
1112.288,1.6397936
1112.874,1.6393619
1113.46,1.6389303
1114.046,1.6384993
1114.632,1.6380684
1115.218,1.637638
1115.804,1.6372079
1116.39,1.6367781
1116.976,1.6363487
1117.562,1.6359196
1118.148,1.6354908
1118.734,1.6350623
1119.32,1.6346343
1119.906,1.6342065
1120.492,1.6337792
1121.078,1.633352
1121.664,1.6329254
1122.25,1.6324989
1122.836,1.6320728
1123.422,1.6316471
1124.008,1.6312218
1124.594,1.6307967
1125.18,1.6303719
1125.766,1.6299475
1126.352,1.6295234
1126.938,1.6290997
1127.524,1.6286763
1128.11,1.6282532
1128.696,1.6278305
1129.282,1.627408
1129.868,1.6269859
1130.454,1.6265641
1131.04,1.6261427
1131.626,1.6257216
1132.212,1.6253009
1132.798,1.6248804
1133.384,1.6244603
1133.97,1.6240405
1134.556,1.623621
1135.142,1.6232018
1135.728,1.6227831
1136.314,1.6223645
1136.9,1.6219463
1137.486,1.6215285
1138.072,1.621111
1138.658,1.6206938
1139.244,1.6202769
1139.83,1.6198604
1140.416,1.6194441
1141.002,1.6190282
1141.588,1.6186126
1142.174,1.6181973
1142.76,1.6177824
1143.346,1.6173677
1143.932,1.6169535
1144.518,1.6165395
1145.104,1.6161258
1145.69,1.6157124
1146.276,1.6152995
1146.862,1.6148866
1147.448,1.6144743
1148.034,1.6140622
1148.62,1.6136504
1149.206,1.6132389
1149.792,1.6128278
1150.378,1.612417
1150.964,1.6120064
1151.55,1.6115962
1152.136,1.6111864
1152.722,1.6107768
1153.308,1.6103675
1153.894,1.6099586
1154.48,1.60955
1155.066,1.6091417
1155.652,1.6087337
1156.238,1.608326
1156.824,1.6079186
1157.41,1.6075115
1157.996,1.6071047
1158.582,1.6066983
1159.168,1.6062921
1159.754,1.6058863
1160.34,1.6054808
1160.926,1.6050756
1161.512,1.6046706
1162.098,1.604266
1162.684,1.6038617
1163.27,1.6034577
1163.856,1.603054
1164.442,1.6026506
1165.028,1.6022476
1165.614,1.6018448
1166.2,1.6014423
1166.786,1.6010401
1167.372,1.6006383
1167.958,1.6002368
1168.544,1.5998355
1169.13,1.5994346
1169.716,1.599034
1170.302,1.5986335
1170.888,1.5982336
1171.474,1.5978338
1172.06,1.5974343
1172.646,1.5970352
1173.232,1.5966363
1173.818,1.5962378
1174.404,1.5958395
1174.99,1.5954416
1175.576,1.5950439
1176.162,1.5946467
1176.748,1.5942496
1177.334,1.5938528
1177.92,1.5934564
1178.506,1.5930601
1179.092,1.5926644
1179.678,1.5922688
1180.264,1.5918735
1180.85,1.5914786
1181.436,1.5910839
1182.022,1.5906894
1182.608,1.5902954
1183.194,1.5899016
1183.78,1.5895081
1184.366,1.5891149
1184.952,1.588722
1185.538,1.5883293
1186.124,1.587937
1186.71,1.587545
1187.296,1.5871532
1187.882,1.5867618
1188.468,1.5863706
1189.054,1.5859797
1189.64,1.5855892
1190.226,1.5851989
1190.812,1.5848088
1191.398,1.5844191
1191.984,1.5840297
1192.57,1.5836406
1193.156,1.5832517
1193.742,1.5828631
1194.328,1.5824749
1194.914,1.5820869
1195.5,1.5816991
1196.086,1.5813117
1196.672,1.5809246
1197.258,1.5805378
1197.844,1.5801512
1198.43,1.579765
1199.016,1.579379
1199.602,1.5789932
1200.188,1.5786078
1200.774,1.5782226
1201.36,1.5778378
1201.946,1.5774533
1202.532,1.5770689
1203.118,1.576685
1203.704,1.5763012
1204.29,1.5759177
1204.876,1.5755346
1205.462,1.5751517
1206.048,1.5747691
1206.634,1.5743868
1207.22,1.5740048
1207.806,1.5736228
1208.392,1.5732411
1208.978,1.5728598
1209.564,1.5724787
1210.15,1.5720978
1210.736,1.5717173
1211.322,1.571337
1211.908,1.5709569
1212.494,1.5705773
1213.08,1.5701977
1213.666,1.5698186
1214.252,1.5694398
1214.838,1.569061
1215.424,1.5686827
1216.01,1.5683047
1216.596,1.5679269
1217.182,1.5675493
1217.768,1.5671721
1218.354,1.5667951
1218.94,1.5664183
1219.526,1.5660419
1220.112,1.5656658
1220.698,1.5652899
1221.284,1.5649142
1221.87,1.564539
1222.456,1.5641638
1223.042,1.563789
1223.628,1.5634145
1224.214,1.5630403
1224.8,1.5626662
1225.386,1.5622925
1225.972,1.561919
1226.558,1.5615458
1227.144,1.5611728
1227.73,1.5608002
1228.316,1.5604279
1228.902,1.5600557
1229.488,1.5596839
1230.074,1.5593123
1230.66,1.558941
1231.246,1.5585699
1231.832,1.5581992
1232.418,1.5578287
1233.004,1.5574584
1233.59,1.5570884
1234.176,1.5567187
1234.762,1.5563493
1235.348,1.55598
1235.934,1.5556111
1236.52,1.5552424
1237.106,1.5548741
1237.692,1.5545059
1238.278,1.5541379
1238.864,1.5537704
1239.45,1.553403
1240.036,1.553036
1240.622,1.5526692
1241.208,1.5523026
1241.794,1.5519363
1242.38,1.5515702
1242.966,1.5512043
1243.552,1.5508388
1244.138,1.5504736
1244.724,1.5501086
1245.31,1.5497438
1245.896,1.5493793
1246.482,1.5490152
1247.068,1.5486511
1247.654,1.5482874
1248.24,1.5479239
1248.826,1.5475607
1249.412,1.5471978
1249.998,1.5468352
1250.584,1.5464727
1251.17,1.5461105
1251.756,1.5457486
1252.342,1.5453869
1252.928,1.5450255
1253.514,1.5446644
1254.1,1.5443034
1254.686,1.5439428
1255.272,1.5435824
1255.858,1.5432223
1256.444,1.5428624
1257.03,1.5425028
1257.616,1.5421433
1258.202,1.5417843
1258.788,1.5414253
1259.374,1.5410668
1259.96,1.5407083
1260.546,1.5403502
1261.132,1.5399923
1261.718,1.5396347
1262.304,1.5392774
1262.89,1.5389203
1263.476,1.5385635
1264.062,1.5382068
1264.648,1.5378504
1265.234,1.5374943
1265.82,1.5371385
1266.406,1.5367829
1266.992,1.5364275
1267.578,1.5360724
1268.164,1.5357175
1268.75,1.5353628
1269.336,1.5350084
1269.922,1.5346543
1270.508,1.5343004
1271.094,1.5339468
1271.68,1.5335933
1272.266,1.5332402
1272.852,1.5328873
1273.438,1.5325347
1274.024,1.5321822
1274.61,1.5318301
1275.196,1.5314782
1275.782,1.5311265
1276.368,1.530775
1276.954,1.5304238
1277.54,1.5300729
1278.126,1.5297222
1278.712,1.5293717
1279.298,1.5290215
1279.884,1.5286715
1280.47,1.5283217
1281.056,1.5279722
1281.642,1.5276231
1282.228,1.527274
1282.814,1.5269252
1283.4,1.5265766
1283.986,1.5262283
1284.572,1.5258803
1285.158,1.5255325
1285.744,1.525185
1286.33,1.5248376
1286.916,1.5244905
1287.502,1.5241437
1288.088,1.523797
1288.674,1.5234506
1289.26,1.5231045
1289.846,1.5227586
1290.432,1.5224129
1291.018,1.5220675
1291.604,1.5217223
1292.19,1.5213773
1292.776,1.5210325
1293.362,1.5206878
1293.948,1.5203432
1294.534,1.519999
1295.12,1.519655
1295.706,1.5193112
1296.292,1.5189676
1296.878,1.5186243
1297.464,1.5182812
1298.05,1.5179384
1298.636,1.5175956
1299.222,1.5172534
1299.808,1.5169111
1300.394,1.5165693
1300.98,1.5162276
1301.566,1.5158862
1302.152,1.5155449
1302.738,1.515204
1303.324,1.5148631
1303.91,1.5145227
1304.496,1.5141824
1305.082,1.5138423
1305.668,1.5135025
1306.254,1.513163
1306.84,1.5128236
1307.426,1.5124844
1308.012,1.5121455
1308.598,1.5118068
1309.184,1.5114685
1309.77,1.5111303
1310.356,1.5107923
1310.942,1.5104545
1311.528,1.5101171
1312.114,1.5097798
1312.7,1.5094427
1313.286,1.5091058
1313.872,1.5087693
1314.458,1.5084329
1315.044,1.5080967
1315.63,1.5077608
1316.216,1.5074252
1316.802,1.5070896
1317.388,1.5067544
1317.974,1.5064194
1318.56,1.5060847
1319.146,1.5057501
1319.732,1.5054158
1320.318,1.5050817
1320.904,1.5047477
1321.49,1.5044141
1322.076,1.5040807
1322.662,1.5037475
1323.248,1.5034144
1323.834,1.5030817
1324.42,1.5027492
1325.006,1.5024168
1325.592,1.5020847
1326.178,1.5017529
1326.764,1.5014212
1327.35,1.5010898
1327.936,1.5007586
1328.522,1.5004276
1329.108,1.5000969
1329.694,1.4997663
1330.28,1.499436
1330.866,1.4991059
1331.452,1.4987761
1332.038,1.4984463
1332.624,1.498117
1333.21,1.4977877
1333.796,1.4974587
1334.382,1.4971299
1334.968,1.4968014
1335.554,1.4964731
1336.14,1.4961449
1336.726,1.4958171
1337.312,1.4954894
1337.898,1.4951619
1338.484,1.4948345
1339.07,1.4945076
1339.656,1.4941807
1340.242,1.4938542
1340.828,1.4935278
1341.414,1.4932016
1342,1.4928757
1342.586,1.4925499
1343.172,1.4922243
1343.758,1.4918991
1344.344,1.491574
1344.93,1.4912491
1345.516,1.4909245
1346.102,1.4906
1346.688,1.4902757
1347.274,1.4899517
1347.86,1.489628
1348.446,1.4893043
1349.032,1.4889809
1349.618,1.4886577
1350.204,1.4883348
1350.79,1.4880121
1351.376,1.4876895
1351.962,1.4873672
1352.548,1.487045
1353.134,1.4867232
1353.72,1.4864014
1354.306,1.4860799
1354.892,1.4857588
1355.478,1.4854376
1356.064,1.4851168
1356.65,1.4847962
1357.236,1.4844755
1357.822,1.4841551
1358.408,1.4838347
1358.994,1.4835148
1359.58,1.4831948
1360.166,1.4828753
1360.752,1.4825559
1361.338,1.4822366
1361.924,1.4819176
1362.51,1.4815989
1363.096,1.4812802
1363.682,1.4809619
1364.268,1.4806436
1364.854,1.4803257
1365.44,1.480008
1366.026,1.4796903
1366.612,1.479373
1367.198,1.4790559
1367.784,1.4787389
1368.37,1.4784222
1368.956,1.4781057
1369.542,1.4777894
1370.128,1.4774733
1370.714,1.4771574
1371.3,1.4768416
1371.886,1.4765261
1372.472,1.4762108
1373.058,1.4758958
1373.644,1.4755808
1374.23,1.4752661
1374.816,1.4749516
1375.402,1.4746374
1375.988,1.4743233
1376.574,1.4740094
1377.16,1.4736958
1377.746,1.4733822
1378.332,1.473069
1378.918,1.4727559
1379.504,1.4724431
1380.09,1.4721304
1380.676,1.471818
1381.262,1.4715056
1381.848,1.4711936
1382.434,1.4708817
1383.02,1.4705701
1383.606,1.4702586
1384.192,1.4699473
1384.778,1.4696362
1385.364,1.4693253
1385.95,1.4690148
1386.536,1.4687042
1387.122,1.4683939
1387.708,1.4680839
1388.294,1.467774
1388.88,1.4674643
1389.466,1.4671549
1390.052,1.4668455
1390.638,1.4665365
1391.224,1.4662275
1391.81,1.4659189
1392.396,1.4656104
1392.982,1.4653021
1393.568,1.464994
1394.154,1.464686
1394.74,1.4643784
1395.326,1.4640708
1395.912,1.4637635
1396.498,1.4634564
1397.084,1.4631494
1397.67,1.4628427
1398.256,1.4625362
1398.842,1.4622298
1399.428,1.4619236
1400.014,1.4616177
1400.6,1.4613119
1401.186,1.4610064
1401.772,1.460701
1402.358,1.4603958
1402.944,1.4600908
1403.53,1.4597861
1404.116,1.4594814
1404.702,1.459177
1405.288,1.4588727
1405.874,1.4585687
1406.46,1.4582648
1407.046,1.4579612
1407.632,1.4576577
1408.218,1.4573544
1408.804,1.4570514
1409.39,1.4567485
1409.976,1.4564458
1410.562,1.4561433
1411.148,1.4558409
1411.734,1.4555387
1412.32,1.4552369
1412.906,1.4549351
1413.492,1.4546336
1414.078,1.4543321
1414.664,1.454031
1415.25,1.45373
1415.836,1.4534292
1416.422,1.4531286
1417.008,1.4528282
1417.594,1.4525279
1418.18,1.4522278
1418.766,1.451928
1419.352,1.4516283
1419.938,1.4513288
1420.524,1.4510295
1421.11,1.4507303
1421.696,1.4504315
1422.282,1.4501326
1422.868,1.4498341
1423.454,1.4495357
1424.04,1.4492375
1424.626,1.4489394
1425.212,1.4486417
1425.798,1.448344
1426.384,1.4480466
1426.97,1.4477493
1427.556,1.4474522
1428.142,1.4471552
1428.728,1.4468586
1429.314,1.4465621
1429.9,1.4462657
1430.486,1.4459696
1431.072,1.4456735
1431.658,1.4453777
1432.244,1.4450821
1432.83,1.4447867
1433.416,1.4444914
1434.002,1.4441963
1434.588,1.4439014
1435.174,1.4436067
1435.76,1.4433122
1436.346,1.4430178
1436.932,1.4427236
1437.518,1.4424297
1438.104,1.4421359
1438.69,1.4418422
1439.276,1.4415488
1439.862,1.4412556
1440.448,1.4409624
1441.034,1.4406694
1441.62,1.4403764
1442.206,1.4400837
1442.792,1.4397912
1443.378,1.4394988
1443.964,1.4392066
1444.55,1.4389147
1445.136,1.4386228
1445.722,1.438331
1446.308,1.4380397
1446.894,1.4377483
1447.48,1.4374572
1448.066,1.4371662
1448.652,1.4368755
1449.238,1.4365849
1449.824,1.4362944
1450.41,1.4360043
1450.996,1.4357141
1451.582,1.4354243
1452.168,1.4351345
1452.754,1.4348451
1453.34,1.4345558
1453.926,1.4342666
1454.512,1.4339775
1455.098,1.4336886
1455.684,1.4334
1456.27,1.4331115
1456.856,1.4328233
1457.442,1.4325352
1458.028,1.4322472
1458.614,1.4319594
1459.2,1.4316719
1459.786,1.4313844
1460.372,1.4310971
1460.958,1.4308101
1461.544,1.4305232
1462.13,1.4302365
1462.716,1.4299499
1463.302,1.4296634
1463.888,1.4293772
1464.474,1.4290912
1465.06,1.4288054
1465.646,1.4285196
1466.232,1.4282341
1466.818,1.4279488
1467.404,1.4276636
1467.99,1.4273787
1468.576,1.4270937
1469.162,1.4268091
1469.748,1.4265246
1470.334,1.4262403
1470.92,1.4259561
1471.506,1.4256722
1472.092,1.4253883
1472.678,1.4251047
1473.264,1.4248213
1473.85,1.424538
1474.436,1.4242548
1475.022,1.4239719
1475.608,1.4236891
1476.194,1.4234065
1476.78,1.423124
1477.366,1.4228417
1477.952,1.4225596
1478.538,1.4222777
1479.124,1.4219959
1479.71,1.4217142
1480.296,1.4214329
1480.882,1.4211515
1481.468,1.4208704
1482.054,1.4205894
1482.64,1.4203087
1483.226,1.4200281
1483.812,1.4197477
1484.398,1.4194674
1484.984,1.4191873
1485.57,1.4189074
1486.156,1.4186276
1486.742,1.4183481
1487.328,1.4180685
1487.914,1.4177893
1488.5,1.4175102
1489.086,1.4172313
1489.672,1.4169525
1490.258,1.4166739
1490.844,1.4163954
1491.43,1.4161172
1492.016,1.4158391
1492.602,1.4155611
1493.188,1.4152833
1493.774,1.4150057
1494.36,1.4147282
1494.946,1.4144509
1495.532,1.4141737
1496.118,1.4138969
1496.704,1.41362
1497.29,1.4133434
1497.876,1.4130669
1498.462,1.4127905
1499.048,1.4125144
1499.634,1.4122385
1500.22,1.4119626
1500.806,1.4116869
1501.392,1.4114114
1501.978,1.4111362
1502.564,1.4108609
1503.15,1.4105859
1503.736,1.4103111
1504.322,1.4100363
1504.908,1.4097618
1505.494,1.4094875
1506.08,1.4092133
1506.666,1.4089392
1507.252,1.4086653
1507.838,1.4083916
1508.424,1.408118
1509.01,1.4078447
1509.596,1.4075713
1510.182,1.4072982
1510.768,1.4070253
1511.354,1.4067526
1511.94,1.40648
1512.526,1.4062076
1513.112,1.4059353
1513.698,1.4056631
1514.284,1.4053911
1514.87,1.4051193
1515.456,1.4048476
1516.042,1.4045761
1516.628,1.4043049
1517.214,1.4040335
1517.8,1.4037626
1518.386,1.4034917
1518.972,1.403221
1519.558,1.4029504
1520.144,1.40268
1520.73,1.4024098
1521.316,1.4021398
1521.902,1.4018698
1522.488,1.4016
1523.074,1.4013305
1523.66,1.4010609
1524.246,1.4007916
1524.832,1.4005225
1525.418,1.4002534
1526.004,1.3999846
1526.59,1.399716
1527.176,1.3994474
1527.762,1.3991791
1528.348,1.3989109
1528.934,1.3986428
1529.52,1.3983749
1530.106,1.3981071
1530.692,1.3978395
1531.278,1.397572
1531.864,1.3973048
1532.45,1.3970376
1533.036,1.3967706
1533.622,1.3965038
1534.208,1.3962371
1534.794,1.3959706
1535.38,1.3957043
1535.966,1.3954381
1536.552,1.395172
1537.138,1.394906
1537.724,1.3946403
1538.31,1.3943747
1538.896,1.3941092
1539.482,1.3938439
1540.068,1.3935788
1540.654,1.3933138
1541.24,1.3930489
1541.826,1.3927842
1542.412,1.3925197
1542.998,1.3922553
1543.584,1.391991
1544.17,1.391727
1544.756,1.391463
1545.342,1.3911992
1545.928,1.3909355
1546.514,1.3906721
1547.1,1.3904088
1547.686,1.3901455
1548.272,1.3898826
1548.858,1.3896196
1549.444,1.3893569
1550.03,1.3890942
1550.616,1.3888319
1551.202,1.3885696
1551.788,1.3883075
1552.374,1.3880454
1552.96,1.3877835
1553.546,1.3875219
1554.132,1.3872603
1554.718,1.3869989
1555.304,1.3867376
1555.89,1.3864765
1556.476,1.3862156
1557.062,1.3859547
1557.648,1.3856941
1558.234,1.3854336
1558.82,1.3851732
1559.406,1.384913
1559.992,1.384653
1560.578,1.384393
1561.164,1.3841332
1561.75,1.3838736
1562.336,1.3836141
1562.922,1.3833548
1563.508,1.3830956
1564.094,1.3828365
1564.68,1.3825777
1565.266,1.3823189
1565.852,1.3820602
1566.438,1.3818017
1567.024,1.3815434
1567.61,1.3812853
1568.196,1.3810271
1568.782,1.3807691
1569.368,1.3805113
1569.954,1.3802536
1570.54,1.3799961
1571.126,1.3797386
1571.712,1.3794813
1572.298,1.3792242
1572.884,1.3789672
1573.47,1.3787104
1574.056,1.3784536
1574.642,1.3781971
1575.228,1.3779407
1575.814,1.3776844
1576.4,1.3774283
1576.986,1.3771722
1577.572,1.3769164
1578.158,1.3766607
1578.744,1.3764052
1579.33,1.3761498
1579.916,1.3758945
1580.502,1.3756393
1581.088,1.3753843
1581.674,1.3751296
1582.26,1.3748748
1582.846,1.3746203
1583.432,1.3743659
1584.018,1.3741117
1584.604,1.3738575
1585.19,1.3736035
1585.776,1.3733497
1586.362,1.373096
1586.948,1.3728423
1587.534,1.372589
1588.12,1.3723357
1588.706,1.3720825
1589.292,1.3718295
1589.878,1.3715767
1590.464,1.3713239
1591.05,1.3710713
1591.636,1.3708189
1592.222,1.3705666
1592.808,1.3703144
1593.394,1.3700624
1593.98,1.3698105
1594.566,1.3695587
1595.152,1.3693072
1595.738,1.3690556
1596.324,1.3688043
1596.91,1.368553
1597.496,1.3683021
1598.082,1.3680512
1598.668,1.3678004
1599.254,1.3675498
1599.84,1.3672992
1600.426,1.3670489
1601.012,1.3667986
1601.598,1.3665485
1602.184,1.3662986
1602.77,1.3660488
1603.356,1.3657991
1603.942,1.3655496
1604.528,1.3653002
1605.114,1.3650509
1605.7,1.3648018
1606.286,1.3645529
1606.872,1.3643039
1607.458,1.3640553
1608.044,1.3638066
1608.63,1.3635582
1609.216,1.3633099
1609.802,1.3630617
1610.388,1.3628137
1610.974,1.3625658
1611.56,1.362318
1612.146,1.3620703
1612.732,1.3618228
1613.318,1.3615755
1613.904,1.3613282
1614.49,1.3610811
1615.076,1.3608342
1615.662,1.3605874
1616.248,1.3603407
1616.834,1.3600942
1617.42,1.3598478
1618.006,1.3596015
1618.592,1.3593553
1619.178,1.3591093
1619.764,1.3588635
1620.35,1.3586177
1620.936,1.3583721
1621.522,1.3581265
1622.108,1.3578812
1622.694,1.357636
1623.28,1.3573909
1623.866,1.3571459
1624.452,1.3569012
1625.038,1.3566564
1625.624,1.3564119
1626.21,1.3561676
1626.796,1.3559232
1627.382,1.355679
1627.968,1.355435
1628.554,1.3551911
1629.14,1.3549473
1629.726,1.3547038
1630.312,1.3544602
1630.898,1.3542169
1631.484,1.3539736
1632.07,1.3537306
1632.656,1.3534876
1633.242,1.3532448
1633.828,1.3530021
1634.414,1.3527595
1635,1.352517
1635.586,1.3522747
1636.172,1.3520325
1636.758,1.3517905
1637.344,1.3515486
1637.93,1.3513068
1638.516,1.351065
1639.102,1.3508235
1639.688,1.3505821
1640.274,1.3503408
1640.86,1.3500997
1641.446,1.3498588
1642.032,1.3496178
1642.618,1.349377
1643.204,1.3491365
1643.79,1.3488959
1644.376,1.3486556
1644.962,1.3484154
1645.548,1.3481752
1646.134,1.3479352
1646.72,1.3476954
1647.306,1.3474556
1647.892,1.347216
1648.478,1.3469765
1649.064,1.3467371
1649.65,1.346498
1650.236,1.3462589
1650.822,1.3460199
1651.408,1.3457811
1651.994,1.3455424
1652.58,1.3453038
1653.166,1.3450654
1653.752,1.3448271
1654.338,1.3445888
1654.924,1.3443507
1655.51,1.3441128
1656.096,1.3438749
1656.682,1.3436372
1657.268,1.3433998
1657.854,1.3431623
1658.44,1.342925
1659.026,1.3426877
1659.612,1.3424507
1660.198,1.3422137
1660.784,1.341977
1661.37,1.3417403
1661.956,1.3415037
1662.542,1.3412672
1663.128,1.341031
1663.714,1.3407948
1664.3,1.3405586
1664.886,1.3403227
1665.472,1.3400869
1666.058,1.3398513
1666.644,1.3396157
1667.23,1.3393803
1667.816,1.3391449
1668.402,1.3389097
1668.988,1.3386747
1669.574,1.3384397
1670.16,1.3382049
1670.746,1.3379703
1671.332,1.3377357
1671.918,1.3375012
1672.504,1.3372669
1673.09,1.3370327
1673.676,1.3367985
1674.262,1.3365647
1674.848,1.3363308
1675.434,1.3360971
1676.02,1.3358635
1676.606,1.3356301
1677.192,1.3353966
1677.778,1.3351635
1678.364,1.3349304
1678.95,1.3346974
1679.536,1.3344646
1680.122,1.3342319
1680.708,1.3339992
1681.294,1.3337667
1681.88,1.3335344
1682.466,1.3333021
1683.052,1.3330699
1683.638,1.3328379
1684.224,1.3326061
1684.81,1.3323743
1685.396,1.3321427
1685.982,1.3319112
1686.568,1.3316798
1687.154,1.3314486
1687.74,1.3312174
1688.326,1.3309863
1688.912,1.3307554
1689.498,1.3305246
1690.084,1.3302939
1690.67,1.3300633
1691.256,1.3298329
1691.842,1.3296026
1692.428,1.3293724
1693.014,1.3291423
1693.6,1.3289124
1694.186,1.3286825
1694.772,1.3284528
1695.358,1.3282232
1695.944,1.3279938
1696.53,1.3277644
1697.116,1.3275352
1697.702,1.327306
1698.288,1.327077
1698.874,1.3268481
1699.46,1.3266194
1700.046,1.3263907
1700.632,1.3261622
1701.218,1.3259338
1701.804,1.3257055
1702.39,1.3254774
1702.976,1.3252493
1703.562,1.3250213
1704.148,1.3247935
1704.734,1.3245658
1705.32,1.3243382
1705.906,1.3241107
1706.492,1.3238834
1707.078,1.3236562
1707.664,1.323429
1708.25,1.323202
1708.836,1.3229752
1709.422,1.3227483
1710.008,1.3225217
1710.594,1.3222952
1711.18,1.3220687
1711.766,1.3218424
1712.352,1.3216163
1712.938,1.3213902
1713.524,1.3211643
1714.11,1.3209383
1714.696,1.3207127
1715.282,1.320487
1715.868,1.3202616
1716.454,1.3200362
1717.04,1.319811
1717.626,1.3195858
1718.212,1.3193607
1718.798,1.3191359
1719.384,1.3189111
1719.97,1.3186864
1720.556,1.3184618
1721.142,1.3182373
1721.728,1.318013
1722.314,1.3177887
1722.9,1.3175646
1723.486,1.3173406
1724.072,1.3171167
1724.658,1.316893
1725.244,1.3166693
1725.83,1.3164458
1726.416,1.3162224
1727.002,1.315999
1727.588,1.3157759
1728.174,1.3155528
1728.76,1.3153298
1729.346,1.315107
1729.932,1.3148842
1730.518,1.3146616
1731.104,1.3144391
1731.69,1.3142166
1732.276,1.3139944
1732.862,1.3137722
1733.448,1.3135501
1734.034,1.3133281
1734.62,1.3131063
1735.206,1.3128846
1735.792,1.312663
1736.378,1.3124415
1736.964,1.3122201
1737.55,1.3119988
1738.136,1.3117776
1738.722,1.3115566
1739.308,1.3113356
1739.894,1.3111148
1740.48,1.310894
1741.066,1.3106735
1741.652,1.3104529
1742.238,1.3102325
1742.824,1.3100122
1743.41,1.309792
1743.996,1.3095721
1744.582,1.309352
1745.168,1.3091322
1745.754,1.3089125
1746.34,1.3086929
1746.926,1.3084735
1747.512,1.308254
1748.098,1.3080348
1748.684,1.3078156
1749.27,1.3075966
1749.856,1.3073776
1750.442,1.3071587
1751.028,1.30694
1751.614,1.3067213
1752.2,1.3065028
1752.786,1.3062844
1753.372,1.3060662
1753.958,1.305848
1754.544,1.30563
1755.13,1.3054119
1755.716,1.3051941
1756.302,1.3049763
1756.888,1.3047587
1757.474,1.3045412
1758.06,1.3043238
1758.646,1.3041065
1759.232,1.3038893
1759.818,1.3036722
1760.404,1.3034551
1760.99,1.3032383
1761.576,1.3030216
1762.162,1.3028048
1762.748,1.3025883
1763.334,1.3023719
1763.92,1.3021555
1764.506,1.3019392
1765.092,1.3017231
1765.678,1.3015071
1766.264,1.3012912
1766.85,1.3010755
1767.436,1.3008597
1768.022,1.3006442
1768.608,1.3004286
1769.194,1.3002133
1769.78,1.299998
1770.366,1.2997829
1770.952,1.2995678
1771.538,1.2993529
1772.124,1.2991381
1772.71,1.2989234
1773.296,1.2987087
1773.882,1.2984942
1774.468,1.2982798
1775.054,1.2980654
1775.64,1.2978512
1776.226,1.2976372
1776.812,1.2974232
1777.398,1.2972093
1777.984,1.2969955
1778.57,1.2967819
1779.156,1.2965683
1779.742,1.2963548
1780.328,1.2961415
1780.914,1.2959282
1781.5,1.2957151
1782.086,1.2955021
1782.672,1.2952892
1783.258,1.2950763
1783.844,1.2948636
1784.43,1.2946509
1785.016,1.2944384
1785.602,1.2942261
1786.188,1.2940137
1786.774,1.2938015
1787.36,1.2935894
1787.946,1.2933774
1788.532,1.2931656
1789.118,1.2929537
1789.704,1.292742
1790.29,1.2925305
1790.876,1.2923191
1791.462,1.2921077
1792.048,1.2918965
1792.634,1.2916852
1793.22,1.2914742
1793.806,1.2912632
1794.392,1.2910523
1794.978,1.2908416
1795.564,1.2906311
1796.15,1.2904204
1796.736,1.29021
1797.322,1.2899997
1797.908,1.2897894
1798.494,1.2895793
1799.08,1.2893692
1799.666,1.2891593
1800.252,1.2889495
1800.838,1.2887398
1801.424,1.2885302
1802.01,1.2883207
1802.596,1.2881112
1803.182,1.287902
1803.768,1.2876928
1804.354,1.2874836
1804.94,1.2872746
1805.526,1.2870657
1806.112,1.2868569
1806.698,1.2866483
1807.284,1.2864397
1807.87,1.2862312
1808.456,1.2860227
1809.042,1.2858144
1809.628,1.2856063
1810.214,1.2853981
1810.8,1.2851901
1811.386,1.2849822
1811.972,1.2847745
1812.558,1.2845668
1813.144,1.2843592
1813.73,1.2841517
1814.316,1.2839444
1814.902,1.2837371
1815.488,1.2835299
1816.074,1.2833227
1816.66,1.2831157
1817.246,1.2829089
1817.832,1.2827021
1818.418,1.2824954
1819.004,1.2822888
1819.59,1.2820823
1820.176,1.281876
1820.762,1.2816696
1821.348,1.2814635
1821.934,1.2812574
1822.52,1.2810514
1823.106,1.2808455
1823.692,1.2806398
1824.278,1.280434
1824.864,1.2802285
1825.45,1.280023
1826.036,1.2798176
1826.622,1.2796123
1827.208,1.279407
1827.794,1.279202
1828.38,1.2789969
1828.966,1.278792
1829.552,1.2785872
1830.138,1.2783825
1830.724,1.278178
1831.31,1.2779734
1831.896,1.277769
1832.482,1.2775646
1833.068,1.2773606
1833.654,1.2771564
1834.24,1.2769524
1834.826,1.2767484
1835.412,1.2765446
1835.998,1.2763408
1836.584,1.2761372
1837.17,1.2759337
1837.756,1.2757303
1838.342,1.2755269
1838.928,1.2753237
1839.514,1.2751206
1840.1,1.2749175
1840.686,1.2747146
1841.272,1.2745117
1841.858,1.274309
1842.444,1.2741063
1843.03,1.2739037
1843.616,1.2737013
1844.202,1.2734989
1844.788,1.2732966
1845.374,1.2730944
1845.96,1.2728924
1846.546,1.2726904
1847.132,1.2724885
1847.718,1.2722868
1848.304,1.2720851
1848.89,1.2718834
1849.476,1.2716819
1850.062,1.2714806
1850.648,1.2712792
1851.234,1.271078
1851.82,1.2708769
1852.406,1.2706759
1852.992,1.2704749
1853.578,1.270274
1854.164,1.2700733
1854.75,1.2698727
1855.336,1.2696722
1855.922,1.2694716
1856.508,1.2692713
1857.094,1.2690711
1857.68,1.2688709
1858.266,1.2686708
1858.852,1.2684709
1859.438,1.268271
1860.024,1.2680712
1860.61,1.2678715
1861.196,1.2676718
1861.782,1.2674724
1862.368,1.2672729
1862.954,1.2670736
1863.54,1.2668743
1864.126,1.2666752
1864.712,1.2664763
1865.298,1.2662773
1865.884,1.2660784
1866.47,1.2658796
1867.056,1.2656809
1867.642,1.2654824
1868.228,1.2652839
1868.814,1.2650856
1869.4,1.2648872
1869.986,1.2646891
1870.572,1.264491
1871.158,1.264293
1871.744,1.2640949
1872.33,1.2638972
1872.916,1.2636994
1873.502,1.2635018
1874.088,1.2633042
1874.674,1.2631068
1875.26,1.2629094
1875.846,1.2627121
1876.432,1.2625149
1877.018,1.2623179
1877.604,1.262121
1878.19,1.261924
1878.776,1.2617272
1879.362,1.2615305
1879.948,1.2613338
1880.534,1.2611374
1881.12,1.2609409
1881.706,1.2607446
1882.292,1.2605482
1882.878,1.2603521
1883.464,1.260156
1884.05,1.2599601
1884.636,1.2597642
1885.222,1.2595683
1885.808,1.2593726
1886.394,1.259177
1886.98,1.2589815
1887.566,1.2587861
1888.152,1.2585907
1888.738,1.2583954
1889.324,1.2582003
1889.91,1.2580051
1890.496,1.2578102
1891.082,1.2576153
1891.668,1.2574205
1892.254,1.2572259
1892.84,1.2570312
1893.426,1.2568367
1894.012,1.2566422
1894.598,1.2564479
1895.184,1.2562536
1895.77,1.2560594
1896.356,1.2558653
1896.942,1.2556714
1897.528,1.2554774
1898.114,1.2552836
1898.7,1.25509
1899.286,1.2548963
1899.872,1.2547028
1900.458,1.2545093
1901.044,1.254316
1901.63,1.2541227
1902.216,1.2539295
1902.802,1.2537364
1903.388,1.2535434
1903.974,1.2533505
1904.56,1.2531576
1905.146,1.2529649
1905.732,1.2527722
1906.318,1.2525797
1906.904,1.2523873
1907.49,1.2521949
1908.076,1.2520026
1908.662,1.2518103
1909.248,1.2516183
1909.834,1.2514262
1910.42,1.2512342
1911.006,1.2510424
1911.592,1.2508506
1912.178,1.250659
1912.764,1.2504674
1913.35,1.2502759
1913.936,1.2500844
1914.522,1.2498931
1915.108,1.2497019
1915.694,1.2495108
1916.28,1.2493197
1916.866,1.2491287
1917.452,1.2489378
1918.038,1.248747
1918.624,1.2485563
1919.21,1.2483656
1919.796,1.2481751
1920.382,1.2479846
1920.968,1.2477943
1921.554,1.247604
1922.14,1.2474139
1922.726,1.2472237
1923.312,1.2470337
1923.898,1.2468438
1924.484,1.2466539
1925.07,1.2464643
1925.656,1.2462746
1926.242,1.2460849
1926.828,1.2458955
1927.414,1.2457061
1928,1.2455168
1928.586,1.2453275
1929.172,1.2451383
1929.758,1.2449492
1930.344,1.2447603
1930.93,1.2445714
1931.516,1.2443826
1932.102,1.2441939
1932.688,1.2440053
1933.274,1.2438167
1933.86,1.2436283
1934.446,1.2434398
1935.032,1.2432516
1935.618,1.2430633
1936.204,1.2428752
1936.79,1.2426872
1937.376,1.2424992
1937.962,1.2423114
1938.548,1.2421236
1939.134,1.2419358
1939.72,1.2417483
1940.306,1.2415608
1940.892,1.2413733
1941.478,1.241186
1942.064,1.2409987
1942.65,1.2408115
1943.236,1.2406244
1943.822,1.2404374
1944.408,1.2402505
1944.994,1.2400637
1945.58,1.2398769
1946.166,1.2396902
1946.752,1.2395036
1947.338,1.2393171
1947.924,1.2391306
1948.51,1.2389443
1949.096,1.2387581
1949.682,1.2385719
1950.268,1.2383858
1950.854,1.2381997
1951.44,1.2380139
1952.026,1.237828
1952.612,1.2376423
1953.198,1.2374566
1953.784,1.237271
1954.37,1.2370855
1954.956,1.2369001
1955.542,1.2367147
1956.128,1.2365295
1956.714,1.2363443
1957.3,1.2361592
1957.886,1.2359742
1958.472,1.2357893
1959.058,1.2356044
1959.644,1.2354198
1960.23,1.235235
1960.816,1.2350504
1961.402,1.2348659
1961.988,1.2346815
1962.574,1.2344972
1963.16,1.2343129
1963.746,1.2341287
1964.332,1.2339447
1964.918,1.2337606
1965.504,1.2335767
1966.09,1.2333928
1966.676,1.233209
1967.262,1.2330253
1967.848,1.2328417
1968.434,1.2326583
1969.02,1.2324748
1969.606,1.2322915
1970.192,1.2321082
1970.778,1.231925
1971.364,1.2317419
1971.95,1.2315588
1972.536,1.2313759
1973.122,1.2311931
1973.708,1.2310102
1974.294,1.2308276
1974.88,1.2306449
1975.466,1.2304623
1976.052,1.2302799
1976.638,1.2300975
1977.224,1.2299153
1977.81,1.229733
1978.396,1.2295508
1978.982,1.2293688
1979.568,1.2291869
1980.154,1.229005
1980.74,1.2288232
1981.326,1.2286414
1981.912,1.2284597
1982.498,1.2282782
1983.084,1.2280967
1983.67,1.2279153
1984.256,1.227734
1984.842,1.2275528
1985.428,1.2273716
1986.014,1.2271905
1986.6,1.2270094
1987.186,1.2268285
1987.772,1.2266476
1988.358,1.2264669
1988.944,1.2262862
1989.53,1.2261056
1990.116,1.2259251
1990.702,1.2257446
1991.288,1.2255642
1991.874,1.225384
1992.46,1.2252038
1993.046,1.2250236
1993.632,1.2248436
1994.218,1.2246636
1994.804,1.2244837
1995.39,1.224304
1995.976,1.2241242
1996.562,1.2239445
1997.148,1.2237649
1997.734,1.2235855
1998.32,1.2234061
1998.906,1.2232267
1999.492,1.2230474
2000.078,1.2228682
2000.664,1.2226892
2001.25,1.2225101
2001.836,1.2223312
2002.422,1.2221522
2003.008,1.2219735
2003.594,1.2217948
2004.18,1.2216161
2004.766,1.2214376
2005.352,1.2212591
2005.938,1.2210808
2006.524,1.2209024
2007.11,1.2207242
2007.696,1.220546
2008.282,1.2203679
2008.868,1.2201899
2009.454,1.2200119
2010.04,1.2198342
2010.626,1.2196563
2011.212,1.2194787
2011.798,1.2193011
2012.384,1.2191235
2012.97,1.2189461
2013.556,1.2187687
2014.142,1.2185913
2014.728,1.2184142
2015.314,1.2182369
2015.9,1.2180599
2016.486,1.2178829
2017.072,1.217706
2017.658,1.2175292
2018.244,1.2173524
2018.83,1.2171757
2019.416,1.2169991
2020.002,1.2168225
2020.588,1.2166461
2021.174,1.2164696
2021.76,1.2162933
2022.346,1.2161171
2022.932,1.215941
2023.518,1.2157649
2024.104,1.2155889
2024.69,1.215413
2025.276,1.2152371
2025.862,1.2150614
2026.448,1.2148857
2027.034,1.2147101
2027.62,1.2145345
2028.206,1.214359
2028.792,1.2141837
2029.378,1.2140083
2029.964,1.2138331
2030.55,1.213658
2031.136,1.2134829
2031.722,1.2133079
2032.308,1.213133
2032.894,1.2129581
2033.48,1.2127832
2034.066,1.2126086
2034.652,1.2124339
2035.238,1.2122594
2035.824,1.2120849
2036.41,1.2119105
2036.996,1.2117362
2037.582,1.2115619
2038.168,1.2113878
2038.754,1.2112136
2039.34,1.2110397
2039.926,1.2108656
2040.512,1.2106918
2041.098,1.210518
2041.684,1.2103442
2042.27,1.2101705
2042.856,1.2099969
2043.442,1.2098235
2044.028,1.20965
2044.614,1.2094767
2045.2,1.2093034
2045.786,1.2091302
2046.372,1.2089571
2046.958,1.208784
2047.544,1.208611
2048.13,1.2084382
2048.716,1.2082653
2049.302,1.2080926
2049.888,1.2079198
2050.474,1.2077472
2051.06,1.2075747
2051.646,1.2074022
2052.232,1.2072299
2052.818,1.2070575
2053.404,1.2068852
2053.99,1.2067131
2054.576,1.2065409
2055.162,1.2063689
2055.748,1.206197
2056.334,1.2060251
2056.92,1.2058533
2057.506,1.2056817
2058.092,1.20551
2058.678,1.2053384
2059.264,1.2051668
2059.85,1.2049954
2060.436,1.2048241
2061.022,1.2046528
2061.608,1.2044816
2062.194,1.2043104
2062.78,1.2041394
2063.366,1.2039684
2063.952,1.2037975
2064.538,1.2036266
2065.124,1.2034558
2065.71,1.2032851
2066.296,1.2031145
2066.882,1.2029439
2067.468,1.2027735
2068.054,1.202603
2068.64,1.2024326
2069.226,1.2022624
2069.812,1.2020922
2070.398,1.2019221
2070.984,1.2017519
2071.57,1.2015821
2072.156,1.2014121
2072.742,1.2012423
2073.328,1.2010725
2073.914,1.2009028
2074.5,1.2007332
2075.086,1.2005637
2075.672,1.2003942
2076.258,1.2002248
2076.844,1.2000555
2077.43,1.1998862
2078.016,1.199717
2078.602,1.1995479
2079.188,1.1993788
2079.774,1.1992098
2080.36,1.1990409
2080.946,1.1988721
2081.532,1.1987034
2082.118,1.1985346
2082.704,1.198366
2083.29,1.1981975
2083.876,1.198029
2084.462,1.1978606
2085.048,1.1976923
2085.634,1.1975241
2086.22,1.1973559
2086.806,1.1971877
2087.392,1.1970197
2087.978,1.1968517
2088.564,1.1966838
2089.15,1.1965159
2089.736,1.1963482
2090.322,1.1961805
2090.908,1.1960129
2091.494,1.1958452
2092.08,1.1956778
2092.666,1.1955104
2093.252,1.195343
2093.838,1.1951758
2094.424,1.1950085
2095.01,1.1948414
2095.596,1.1946744
2096.182,1.1945074
2096.768,1.1943405
2097.354,1.1941736
2097.94,1.1940068
2098.526,1.19384
2099.112,1.1936735
2099.698,1.1935068
2100.284,1.1933404
2100.87,1.193174
2101.456,1.1930076
2102.042,1.1928413
2102.628,1.1926751
2103.214,1.1925089
2103.8,1.1923429
2104.386,1.1921768
2104.972,1.1920109
2105.558,1.1918449
2106.144,1.1916791
2106.73,1.1915134
2107.316,1.1913477
2107.902,1.1911821
2108.488,1.1910167
2109.074,1.1908512
2109.66,1.1906857
2110.246,1.1905204
2110.832,1.1903552
2111.418,1.1901901
2112.004,1.1900249
2112.59,1.1898599
2113.176,1.1896949
2113.762,1.1895299
2114.348,1.1893651
2114.934,1.1892004
2115.52,1.1890357
2116.106,1.188871
2116.692,1.1887065
2117.278,1.188542
2117.864,1.1883775
2118.45,1.1882131
2119.036,1.1880488
2119.622,1.1878846
2120.208,1.1877205
2120.794,1.1875564
2121.38,1.1873924
2121.966,1.1872284
2122.552,1.1870645
2123.138,1.1869007
2123.724,1.1867369
2124.31,1.1865733
2124.896,1.1864096
2125.482,1.1862462
2126.068,1.1860826
2126.654,1.1859192
2127.24,1.1857558
2127.826,1.1855925
2128.412,1.1854293
2128.998,1.1852663
2129.584,1.1851032
2130.17,1.1849402
2130.756,1.1847773
2131.342,1.1846144
2131.928,1.1844516
2132.514,1.1842889
2133.1,1.1841261
2133.686,1.1839635
2134.272,1.1838011
2134.858,1.1836386
2135.444,1.1834762
2136.03,1.1833138
2136.616,1.1831515
2137.202,1.1829894
2137.788,1.1828272
2138.374,1.1826651
2138.96,1.1825031
2139.546,1.1823412
2140.132,1.1821793
2140.718,1.1820176
2141.304,1.1818558
2141.89,1.1816941
2142.476,1.1815325
2143.062,1.181371
2143.648,1.1812096
2144.234,1.1810482
2144.82,1.1808867
2145.406,1.1807255
2145.992,1.1805643
2146.578,1.1804032
2147.164,1.1802421
2147.75,1.1800811
2148.336,1.1799202
2148.922,1.1797593
2149.508,1.1795985
2150.094,1.1794378
2150.68,1.1792771
2151.266,1.1791165
2151.852,1.1789559
2152.438,1.1787955
2153.024,1.178635
2153.61,1.1784747
2154.196,1.1783144
2154.782,1.1781542
2155.368,1.177994
2155.954,1.1778339
2156.54,1.1776739
2157.126,1.177514
2157.712,1.1773541
2158.298,1.1771942
2158.884,1.1770345
2159.47,1.1768749
2160.056,1.1767151
2160.642,1.1765556
2161.228,1.1763961
2161.814,1.1762367
2162.4,1.1760774
2162.986,1.175918
2163.572,1.1757588
2164.158,1.1755996
2164.744,1.1754405
2165.33,1.1752815
2165.916,1.1751225
2166.502,1.1749636
2167.088,1.1748047
2167.674,1.1746459
2168.26,1.1744872
2168.846,1.1743286
2169.432,1.17417
2170.018,1.1740115
2170.604,1.173853
2171.19,1.1736946
2171.776,1.1735363
2172.362,1.173378
2172.948,1.1732198
2173.534,1.1730616
2174.12,1.1729035
2174.706,1.1727455
2175.292,1.1725875
2175.878,1.1724297
2176.464,1.1722718
2177.05,1.1721141
2177.636,1.1719564
2178.222,1.1717988
2178.808,1.1716412
2179.394,1.1714838
2179.98,1.1713263
2180.566,1.1711689
2181.152,1.1710116
2181.738,1.1708543
2182.324,1.1706972
2182.91,1.17054
2183.496,1.170383
2184.082,1.170226
2184.668,1.1700691
2185.254,1.1699122
2185.84,1.1697553
2186.426,1.1695986
2187.012,1.1694419
2187.598,1.1692853
2188.184,1.1691288
2188.77,1.1689723
2189.356,1.1688159
2189.942,1.1686594
2190.528,1.1685032
2191.114,1.168347
2191.7,1.1681907
2192.286,1.1680347
2192.872,1.1678786
2193.458,1.1677226
2194.044,1.1675668
2194.63,1.1674109
2195.216,1.167255
2195.802,1.1670994
2196.388,1.1669437
2196.974,1.1667881
2197.56,1.1666325
2198.146,1.166477
2198.732,1.1663216
2199.318,1.1661662
2199.904,1.166011
2200.49,1.1658556
2201.076,1.1657006
2201.662,1.1655453
2202.248,1.1653904
2202.834,1.1652353
2203.42,1.1650804
2204.006,1.1649256
2204.592,1.1647707
2205.178,1.164616
2205.764,1.1644614
2206.35,1.1643068
2206.936,1.1641521
2207.522,1.1639977
2208.108,1.1638433
2208.694,1.1636889
2209.28,1.1635345
2209.866,1.1633803
2210.452,1.1632261
2211.038,1.163072
2211.624,1.162918
2212.21,1.162764
2212.796,1.1626099
2213.382,1.1624562
2213.968,1.1623024
2214.554,1.1621486
2215.14,1.1619949
2215.726,1.1618412
2216.312,1.1616876
2216.898,1.1615341
2217.484,1.1613806
2218.07,1.1612272
2218.656,1.1610739
2219.242,1.1609207
2219.828,1.1607676
2220.414,1.1606144
2221,1.1604613
2221.586,1.1603082
2222.172,1.1601553
2222.758,1.1600024
2223.344,1.1598495
2223.93,1.1596967
2224.516,1.159544
2225.102,1.1593914
2225.688,1.1592388
2226.274,1.1590862
2226.86,1.1589338
2227.446,1.1587813
2228.032,1.1586289
2228.618,1.1584767
2229.204,1.1583245
2229.79,1.1581722
2230.376,1.1580201
2230.962,1.157868
2231.548,1.157716
2232.134,1.1575642
2232.72,1.1574123
2233.306,1.1572604
2233.892,1.1571087
2234.478,1.156957
2235.064,1.1568054
2235.65,1.1566538
2236.236,1.1565022
2236.822,1.1563509
2237.408,1.1561995
2237.994,1.1560481
2238.58,1.1558968
2239.166,1.1557456
2239.752,1.1555945
2240.338,1.1554433
2240.924,1.1552923
2241.51,1.1551412
2242.096,1.1549904
2242.682,1.1548395
2243.268,1.1546887
2243.854,1.1545379
2244.44,1.1543872
2245.026,1.1542367
2245.612,1.1540861
2246.198,1.1539356
2246.784,1.153785
2247.37,1.1536345
2247.956,1.1534841
2248.542,1.1533338
2249.128,1.1531835
2249.714,1.1530333
2250.3,1.1528831
2250.886,1.152733
2251.472,1.1525829
2252.058,1.1524329
2252.644,1.152283
2253.23,1.1521331
2253.816,1.1519833
2254.402,1.1518334
2254.988,1.1516838
2255.574,1.1515341
2256.16,1.1513846
2256.746,1.151235
2257.332,1.1510856
2257.918,1.1509361
2258.504,1.1507868
2259.09,1.1506375
2259.676,1.1504883
2260.262,1.1503391
2260.848,1.1501899
2261.434,1.1500409
2262.02,1.1498919
2262.606,1.149743
2263.192,1.1495941
2263.778,1.1494452
2264.364,1.1492964
2264.95,1.1491477
2265.536,1.1489991
2266.122,1.1488504
2266.708,1.1487019
2267.294,1.1485535
2267.88,1.148405
2268.466,1.1482567
2269.052,1.1481084
2269.638,1.1479601
2270.224,1.1478119
2270.81,1.1476637
2271.396,1.1475157
2271.982,1.1473676
2272.568,1.1472197
2273.154,1.1470717
2273.74,1.1469239
2274.326,1.1467761
2274.912,1.1466284
2275.498,1.1464807
2276.084,1.1463331
2276.67,1.1461854
2277.256,1.1460379
2277.842,1.1458905
2278.428,1.1457431
2279.014,1.1455958
2279.6,1.1454484
2280.186,1.1453012
2280.772,1.1451541
2281.358,1.145007
2281.944,1.1448599
2282.53,1.1447129
2283.116,1.1445659
2283.702,1.1444191
2284.288,1.1442723
2284.874,1.1441255
2285.46,1.1439788
2286.046,1.1438321
2286.632,1.1436856
2287.218,1.143539
2287.804,1.1433924
2288.39,1.1432461
2288.976,1.1430997
2289.562,1.1429534
2290.148,1.1428071
2290.734,1.1426609
2291.32,1.1425147
2291.906,1.1423687
2292.492,1.1422226
2293.078,1.1420766
2293.664,1.1419307
2294.25,1.1417848
2294.836,1.141639
2295.422,1.1414933
2296.008,1.1413475
2296.594,1.1412019
2297.18,1.1410563
2297.766,1.1409107
2298.352,1.1407653
2298.938,1.1406199
2299.524,1.1404746
2300.11,1.1403292
2300.696,1.1401839
2301.282,1.1400387
2301.868,1.1398937
2302.454,1.1397486
2303.04,1.1396035
2303.626,1.1394585
2304.212,1.1393136
2304.798,1.1391687
2305.384,1.1390239
2305.97,1.1388792
2306.556,1.1387345
2307.142,1.1385899
2307.728,1.1384453
2308.314,1.1383007
2308.9,1.1381562
2309.486,1.1380118
2310.072,1.1378675
2310.658,1.1377231
2311.244,1.1375788
2311.83,1.1374346
2312.416,1.1372905
2313.002,1.1371464
2313.588,1.1370023
2314.174,1.1368583
2314.76,1.1367145
2315.346,1.1365706
2315.932,1.1364267
2316.518,1.1362829
2317.104,1.1361393
2317.69,1.1359956
2318.276,1.135852
2318.862,1.1357085
2319.448,1.1355649
2320.034,1.1354215
2320.62,1.1352781
2321.206,1.1351348
2321.792,1.1349915
2322.378,1.1348484
2322.964,1.1347051
2323.55,1.134562
2324.136,1.134419
2324.722,1.1342759
2325.308,1.134133
2325.894,1.1339902
2326.48,1.1338472
2327.066,1.1337044
2327.652,1.1335617
2328.238,1.133419
2328.824,1.1332765
2329.41,1.1331339
2329.996,1.1329913
2330.582,1.1328489
2331.168,1.1327065
2331.754,1.1325642
2332.34,1.1324219
2332.926,1.1322796
2333.512,1.1321374
2334.098,1.1319953
2334.684,1.1318532
2335.27,1.1317111
2335.856,1.1315691
2336.442,1.1314273
2337.028,1.1312853
2337.614,1.1311436
2338.2,1.1310018
2338.786,1.1308601
2339.372,1.1307185
2339.958,1.1305768
2340.544,1.1304352
2341.13,1.1302938
2341.716,1.1301523
2342.302,1.130011
2342.888,1.1298696
2343.474,1.1297283
2344.06,1.1295871
2344.646,1.1294459
2345.232,1.1293048
2345.818,1.1291637
2346.404,1.1290227
2346.99,1.1288818
2347.576,1.1287408
2348.162,1.1286
2348.748,1.1284591
2349.334,1.1283184
2349.92,1.1281776
2350.506,1.1280371
2351.092,1.1278964
2351.678,1.1277559
2352.264,1.1276155
2352.85,1.127475
2353.436,1.1273346
2354.022,1.1271943
2354.608,1.127054
2355.194,1.1269138
2355.78,1.1267736
2356.366,1.1266335
2356.952,1.1264935
2357.538,1.1263534
2358.124,1.1262134
2358.71,1.1260735
2359.296,1.1259336
2359.882,1.1257938
2360.468,1.1256541
2361.054,1.1255144
2361.64,1.1253747
2362.226,1.1252351
2362.812,1.1250956
2363.398,1.1249561
2363.984,1.1248167
2364.57,1.1246773
2365.156,1.1245379
2365.742,1.1243986
2366.328,1.1242594
2366.914,1.1241202
2367.5,1.1239811
2368.086,1.123842
2368.672,1.123703
2369.258,1.123564
2369.844,1.1234251
2370.43,1.1232862
2371.016,1.1231474
2371.602,1.1230086
2372.188,1.1228698
2372.774,1.1227312
2373.36,1.1225926
2373.946,1.122454
2374.532,1.1223155
2375.118,1.1221771
2375.704,1.1220387
2376.29,1.1219003
2376.876,1.121762
2377.462,1.1216238
2378.048,1.1214856
2378.634,1.1213474
2379.22,1.1212094
2379.806,1.1210712
2380.392,1.1209333
2380.978,1.1207954
2381.564,1.1206574
2382.15,1.1205196
2382.736,1.1203818
2383.322,1.120244
2383.908,1.1201063
2384.494,1.1199688
2385.08,1.1198312
2385.666,1.1196936
2386.252,1.1195562
2386.838,1.1194187
2387.424,1.1192813
2388.01,1.119144
2388.596,1.1190066
2389.182,1.1188694
2389.768,1.1187323
2390.354,1.1185951
2390.94,1.118458
2391.526,1.1183211
2392.112,1.1181841
2392.698,1.1180471
2393.284,1.1179103
2393.87,1.1177734
2394.456,1.1176367
2395.042,1.1174999
2395.628,1.1173632
2396.214,1.1172266
2396.8,1.11709
2397.386,1.1169535
2397.972,1.116817
2398.558,1.1166806
2399.144,1.1165442
2399.73,1.1164079
2400.316,1.1162716
2400.902,1.1161355
2401.488,1.1159992
2402.074,1.1158631
2402.66,1.1157271
2403.246,1.115591
2403.832,1.115455
2404.418,1.1153191
2405.004,1.1151832
2405.59,1.1150475
2406.176,1.1149117
2406.762,1.114776
2407.348,1.1146402
2407.934,1.1145046
2408.52,1.114369
2409.106,1.1142335
2409.692,1.1140981
2410.278,1.1139627
2410.864,1.1138272
2411.45,1.1136919
2412.036,1.1135566
2412.622,1.1134214
2413.208,1.1132863
2413.794,1.1131512
2414.38,1.1130161
2414.966,1.1128811
2415.552,1.112746
2416.138,1.1126111
2416.724,1.1124762
2417.31,1.1123414
2417.896,1.1122066
2418.482,1.1120719
2419.068,1.1119372
2419.654,1.1118026
2420.24,1.111668
2420.826,1.1115334
2421.412,1.1113989
2421.998,1.1112645
2422.584,1.1111301
2423.17,1.1109958
2423.756,1.1108615
2424.342,1.1107272
2424.928,1.1105931
2425.514,1.110459
2426.1,1.1103249
2426.686,1.1101907
2427.272,1.1100568
2427.858,1.1099228
2428.444,1.1097889
2429.03,1.109655
2429.616,1.1095213
2430.202,1.1093875
2430.788,1.1092538
2431.374,1.1091201
2431.96,1.1089865
2432.546,1.108853
2433.132,1.1087195
2433.718,1.108586
2434.304,1.1084526
2434.89,1.1083193
2435.476,1.1081859
2436.062,1.1080526
2436.648,1.1079195
2437.234,1.1077863
2437.82,1.1076531
2438.406,1.10752
2438.992,1.1073871
2439.578,1.107254
2440.164,1.1071211
2440.75,1.1069882
2441.336,1.1068554
2441.922,1.1067226
2442.508,1.1065899
2443.094,1.1064572
2443.68,1.1063246
2444.266,1.106192
2444.852,1.1060594
2445.438,1.1059269
2446.024,1.1057944
2446.61,1.105662
2447.196,1.1055297
2447.782,1.1053973
2448.368,1.1052651
2448.954,1.1051329
2449.54,1.1050007
2450.126,1.1048687
2450.712,1.1047366
2451.298,1.1046046
2451.884,1.1044725
2452.47,1.1043407
2453.056,1.1042087
2453.642,1.104077
2454.228,1.1039451
2454.814,1.1038134
2455.4,1.1036817
2455.986,1.1035501
2456.572,1.1034185
2457.158,1.103287
2457.744,1.1031554
2458.33,1.103024
2458.916,1.1028926
2459.502,1.1027613
2460.088,1.1026299
2460.674,1.1024987
2461.26,1.1023674
2461.846,1.1022363
2462.432,1.1021051
2463.018,1.1019741
2463.604,1.1018431
2464.19,1.1017121
2464.776,1.1015811
2465.362,1.1014502
2465.948,1.1013194
2466.534,1.1011887
2467.12,1.1010579
2467.706,1.1009272
2468.292,1.1007966
2468.878,1.1006659
2469.464,1.1005354
2470.05,1.1004049
2470.636,1.1002743
2471.222,1.1001439
2471.808,1.1000136
2472.394,1.0998833
2472.98,1.099753
2473.566,1.0996227
2474.152,1.0994925
2474.738,1.0993625
2475.324,1.0992323
2475.91,1.0991023
2476.496,1.0989723
2477.082,1.0988424
2477.668,1.0987124
2478.254,1.0985826
2478.84,1.0984528
2479.426,1.098323
2480.012,1.0981933
2480.598,1.0980636
2481.184,1.097934
2481.77,1.0978044
2482.356,1.0976748
2482.942,1.0975454
2483.528,1.0974159
2484.114,1.0972866
2484.7,1.0971572
2485.286,1.0970279
2485.872,1.0968987
2486.458,1.0967695
2487.044,1.0966402
2487.63,1.0965111
2488.216,1.096382
2488.802,1.096253
2489.388,1.0961241
2489.974,1.0959951
2490.56,1.0958662
2491.146,1.0957373
2491.732,1.0956086
2492.318,1.0954798
2492.904,1.0953511
2493.49,1.0952225
2494.076,1.0950938
2494.662,1.0949652
2495.248,1.0948367
2495.834,1.0947083
2496.42,1.0945798
2497.006,1.0944514
2497.592,1.0943232
2498.178,1.0941947
2498.764,1.0940663
2499.35,1.093938
2499.936,1.0938097
2500.522,1.0936816
2501.108,1.0935533
2501.694,1.0934252
2502.28,1.0932971
2502.866,1.0931691
2503.452,1.0930411
2504.038,1.0929132
2504.624,1.0927852
2505.21,1.0926573
2505.796,1.0925295
2506.382,1.0924017
2506.968,1.0922741
2507.554,1.0921464
2508.14,1.0920187
2508.726,1.0918911
2509.312,1.0917635
2509.898,1.0916361
2510.484,1.0915086
2511.07,1.0913812
2511.656,1.0912539
2512.242,1.0911264
2512.828,1.0909992
2513.414,1.0908719
2514,1.0907449
2514.586,1.0906177
2515.172,1.0904906
2515.758,1.0903635
2516.344,1.0902364
2516.93,1.0901095
2517.516,1.0899826
2518.102,1.0898557
2518.688,1.089729
2519.274,1.0896021
2519.86,1.0894754
2520.446,1.0893487
2521.032,1.089222
2521.618,1.0890954
2522.204,1.0889689
2522.79,1.0888423
2523.376,1.0887158
2523.962,1.0885894
2524.548,1.0884629
2525.134,1.0883367
2525.72,1.0882103
2526.306,1.0880841
2526.892,1.0879579
2527.478,1.0878317
2528.064,1.0877056
2528.65,1.0875795
2529.236,1.0874535
2529.822,1.0873275
2530.408,1.0872016
2530.994,1.0870757
2531.58,1.0869498
2532.166,1.0868239
2532.752,1.0866982
2533.338,1.0865725
2533.924,1.0864468
2534.51,1.0863211
2535.096,1.0861956
2535.682,1.0860699
2536.268,1.0859445
2536.854,1.085819
2537.44,1.0856936
2538.026,1.0855683
2538.612,1.0854429
2539.198,1.0853176
2539.784,1.0851923
2540.37,1.0850672
2540.956,1.084942
2541.542,1.0848169
2542.128,1.0846919
2542.714,1.0845668
2543.3,1.0844418
2543.886,1.0843168
2544.472,1.0841919
2545.058,1.0840671
2545.644,1.0839423
2546.23,1.0838175
2546.816,1.0836928
2547.402,1.0835681
2547.988,1.0834435
2548.574,1.0833188
2549.16,1.0831944
2549.746,1.0830698
2550.332,1.0829453
2550.918,1.0828209
2551.504,1.0826966
2552.09,1.0825722
2552.676,1.082448
2553.262,1.0823237
2553.848,1.0821995
2554.434,1.0820754
2555.02,1.0819513
2555.606,1.0818272
2556.192,1.0817031
2556.778,1.0815791
2557.364,1.0814551
2557.95,1.0813313
2558.536,1.0812074
2559.122,1.0810835
2559.708,1.0809598
2560.294,1.0808361
2560.88,1.0807123
2561.466,1.0805887
2562.052,1.0804651
2562.638,1.0803416
2563.224,1.080218
2563.81,1.0800946
2564.396,1.0799711
2564.982,1.0798477
2565.568,1.0797243
2566.154,1.079601
2566.74,1.0794778
2567.326,1.0793546
2567.912,1.0792314
2568.498,1.0791082
2569.084,1.0789851
2569.67,1.0788621
2570.256,1.078739
2570.842,1.0786161
2571.428,1.0784931
2572.014,1.0783703
2572.6,1.0782474
2573.186,1.0781246
2573.772,1.0780019
2574.358,1.0778792
2574.944,1.0777565
2575.53,1.0776339
2576.116,1.0775113
2576.702,1.0773888
2577.288,1.0772662
2577.874,1.0771438
2578.46,1.0770214
2579.046,1.0768991
2579.632,1.0767766
2580.218,1.0766543
2580.804,1.0765321
2581.39,1.0764099
2581.976,1.0762877
2582.562,1.0761656
2583.148,1.0760435
2583.734,1.0759215
2584.32,1.0757995
2584.906,1.0756775
2585.492,1.0755556
2586.078,1.0754337
2586.664,1.0753119
2587.25,1.0751901
2587.836,1.0750684
2588.422,1.0749466
2589.008,1.074825
2589.594,1.0747033
2590.18,1.0745817
2590.766,1.0744603
2591.352,1.0743387
2591.938,1.0742173
2592.524,1.0740958
2593.11,1.0739745
2593.696,1.0738531
2594.282,1.0737319
2594.868,1.0736107
2595.454,1.0734894
2596.04,1.0733682
2596.626,1.0732471
2597.212,1.073126
2597.798,1.073005
2598.384,1.072884
2598.97,1.072763
2599.556,1.0726421
2600.142,1.0725212
2600.728,1.0724003
2601.314,1.0722796
2601.9,1.0721588
2602.486,1.0720381
2603.072,1.0719174
2603.658,1.0717968
2604.244,1.0716763
2604.83,1.0715556
2605.416,1.0714351
2606.002,1.0713147
2606.588,1.0711943
2607.174,1.0710738
2607.76,1.0709535
2608.346,1.0708332
2608.932,1.0707129
2609.518,1.0705928
2610.104,1.0704725
2610.69,1.0703523
2611.276,1.0702323
2611.862,1.0701122
2612.448,1.0699922
2613.034,1.0698723
2613.62,1.0697523
2614.206,1.0696324
2614.792,1.0695125
2615.378,1.0693927
2615.964,1.069273
2616.55,1.0691532
2617.136,1.0690335
2617.722,1.0689138
2618.308,1.0687943
2618.894,1.0686747
2619.48,1.0685551
2620.066,1.0684357
2620.652,1.0683162
2621.238,1.0681968
2621.824,1.0680774
2622.41,1.067958
2622.996,1.0678388
2623.582,1.0677195
2624.168,1.0676004
2624.754,1.0674812
2625.34,1.067362
2625.926,1.0672429
2626.512,1.0671239
2627.098,1.0670049
2627.684,1.0668859
2628.27,1.066767
2628.856,1.0666481
2629.442,1.0665293
2630.028,1.0664104
2630.614,1.0662917
2631.2,1.066173
2631.786,1.0660542
2632.372,1.0659356
2632.958,1.065817
2633.544,1.0656984
2634.13,1.0655799
2634.716,1.0654614
2635.302,1.0653429
2635.888,1.0652245
2636.474,1.0651062
2637.06,1.0649879
2637.646,1.0648695
2638.232,1.0647513
2638.818,1.0646331
2639.404,1.0645149
2639.99,1.0643967
2640.576,1.0642787
2641.162,1.0641606
2641.748,1.0640427
2642.334,1.0639247
2642.92,1.0638067
2643.506,1.0636889
2644.092,1.063571
2644.678,1.0634532
2645.264,1.0633354
2645.85,1.0632176
2646.436,1.0631
2647.022,1.0629823
2647.608,1.0628647
2648.194,1.0627471
2648.78,1.0626296
2649.366,1.062512
2649.952,1.0623946
2650.538,1.0622772
2651.124,1.0621598
2651.71,1.0620425
2652.296,1.0619252
2652.882,1.0618079
2653.468,1.0616907
2654.054,1.0615735
2654.64,1.0614563
2655.226,1.0613393
2655.812,1.0612222
2656.398,1.0611051
2656.984,1.0609882
2657.57,1.0608712
2658.156,1.0607543
2658.742,1.0606375
2659.328,1.0605206
2659.914,1.0604038
2660.5,1.060287
2661.086,1.0601703
2661.672,1.0600537
2662.258,1.059937
2662.844,1.0598204
2663.43,1.0597038
2664.016,1.0595874
2664.602,1.0594709
2665.188,1.0593544
2665.774,1.059238
2666.36,1.0591216
2666.946,1.0590053
2667.532,1.058889
2668.118,1.0587728
2668.704,1.0586566
2669.29,1.0585403
2669.876,1.0584242
2670.462,1.0583081
2671.048,1.0581921
2671.634,1.0580761
2672.22,1.0579602
2672.806,1.0578442
2673.392,1.0577283
2673.978,1.0576124
2674.564,1.0574965
2675.15,1.0573808
2675.736,1.057265
2676.322,1.0571493
2676.908,1.0570337
2677.494,1.056918
2678.08,1.0568024
2678.666,1.0566869
2679.252,1.0565714
2679.838,1.0564559
2680.424,1.0563405
2681.01,1.0562249
2681.596,1.0561097
2682.182,1.0559943
2682.768,1.055879
2683.354,1.0557637
2683.94,1.0556486
2684.526,1.0555334
2685.112,1.0554183
2685.698,1.0553031
2686.284,1.0551881
2686.87,1.055073
2687.456,1.0549581
2688.042,1.0548431
2688.628,1.0547283
2689.214,1.0546134
2689.8,1.0544986
2690.386,1.0543838
2690.972,1.054269
2691.558,1.0541543
2692.144,1.0540396
2692.73,1.0539249
2693.316,1.0538104
2693.902,1.0536958
2694.488,1.0535812
2695.074,1.0534667
2695.66,1.0533522
2696.246,1.0532379
2696.832,1.0531235
2697.418,1.0530092
2698.004,1.0528948
2698.59,1.0527805
2699.176,1.0526663
2699.762,1.0525521
2700.348,1.052438
2700.934,1.0523238
2701.52,1.0522097
2702.106,1.0520958
2702.692,1.0519817
2703.278,1.0518677
2703.864,1.0517539
2704.45,1.0516399
2705.036,1.0515261
2705.622,1.0514123
2706.208,1.0512985
2706.794,1.0511848
2707.38,1.051071
2707.966,1.0509574
2708.552,1.0508437
2709.138,1.0507302
2709.724,1.0506166
2710.31,1.0505031
2710.896,1.0503895
2711.482,1.0502759
2712.068,1.0501624
2712.654,1.0500489
2713.24,1.0499355
2713.826,1.0498221
2714.412,1.0497087
2714.998,1.0495954
2715.584,1.049482
2716.17,1.0493687
2716.756,1.0492555
2717.342,1.0491424
2717.928,1.0490291
2718.514,1.048916
2719.1,1.048803
2719.686,1.0486898
2720.272,1.0485768
2720.858,1.0484639
2721.444,1.0483509
2722.03,1.048238
2722.616,1.0481251
2723.202,1.0480124
2723.788,1.0478996
2724.374,1.0477868
2724.96,1.0476741
2725.546,1.0475614
2726.132,1.0474488
2726.718,1.0473361
2727.304,1.0472236
2727.89,1.047111
2728.476,1.0469985
2729.062,1.0468861
2729.648,1.0467736
2730.234,1.0466613
2730.82,1.0465488
2731.406,1.0464365
2731.992,1.0463243
2732.578,1.0462121
2733.164,1.0460998
2733.75,1.0459877
2734.336,1.0458755
2734.922,1.0457634
2735.508,1.0456513
2736.094,1.0455394
2736.68,1.0454273
2737.266,1.0453154
2737.852,1.0452034
2738.438,1.0450915
2739.024,1.0449797
2739.61,1.0448679
2740.196,1.0447562
2740.782,1.0446444
2741.368,1.0445328
2741.954,1.0444211
2742.54,1.0443094
2743.126,1.0441978
2743.712,1.0440863
2744.298,1.0439748
2744.884,1.0438633
2745.47,1.0437518
2746.056,1.0436404
2746.642,1.043529
2747.228,1.0434177
2747.814,1.0433064
2748.4,1.0431951
2748.986,1.0430839
2749.572,1.0429727
2750.158,1.0428616
2750.744,1.0427504
2751.33,1.0426394
2751.916,1.0425283
2752.502,1.0424173
2753.088,1.0423063
2753.674,1.0421953
2754.26,1.0420845
2754.846,1.0419736
2755.432,1.0418627
2756.018,1.0417519
2756.604,1.0416411
2757.19,1.0415304
2757.776,1.0414197
2758.362,1.0413091
2758.948,1.0411985
2759.534,1.0410879
2760.12,1.0409774
2760.706,1.0408667
2761.292,1.0407563
2761.878,1.0406458
2762.464,1.0405354
2763.05,1.0404251
2763.636,1.0403147
2764.222,1.0402044
2764.808,1.0400941
2765.394,1.0399839
2765.98,1.0398737
2766.566,1.0397636
2767.152,1.0396534
2767.738,1.0395433
2768.324,1.0394332
2768.91,1.0393232
2769.496,1.0392133
2770.082,1.0391033
2770.668,1.0389934
2771.254,1.0388834
2771.84,1.0387737
2772.426,1.0386639
2773.012,1.0385541
2773.598,1.0384444
2774.184,1.0383346
2774.77,1.0382249
2775.356,1.0381154
2775.942,1.0380057
2776.528,1.0378962
2777.114,1.0377866
2777.7,1.0376772
2778.286,1.0375677
2778.872,1.0374583
2779.458,1.0373489
2780.044,1.0372396
2780.63,1.0371302
2781.216,1.0370209
2781.802,1.0369116
2782.388,1.0368024
2782.974,1.0366933
2783.56,1.0365841
2784.146,1.0364751
2784.732,1.036366
2785.318,1.0362569
2785.904,1.0361478
2786.49,1.0360389
2787.076,1.0359299
2787.662,1.0358211
2788.248,1.0357122
2788.834,1.0356034
2789.42,1.0354946
2790.006,1.0353858
2790.592,1.0352771
2791.178,1.0351684
2791.764,1.0350597
2792.35,1.0349511
2792.936,1.0348425
2793.522,1.034734
2794.108,1.0346254
2794.694,1.0345169
2795.28,1.0344086
2795.866,1.0343001
2796.452,1.0341917
2797.038,1.0340834
2797.624,1.0339751
2798.21,1.0338668
2798.796,1.0337585
2799.382,1.0336503
2799.968,1.0335422
2800.554,1.033434
2801.14,1.0333259
2801.726,1.0332178
2802.312,1.0331098
2802.898,1.0330018
2803.484,1.0328938
2804.07,1.0327859
2804.656,1.032678
2805.242,1.0325701
2805.828,1.0324622
2806.414,1.0323545
2807,1.0322467
2807.586,1.0321389
2808.172,1.0320313
2808.758,1.0319237
2809.344,1.031816
2809.93,1.0317084
2810.516,1.0316008
2811.102,1.0314933
2811.688,1.0313858
2812.274,1.0312784
2812.86,1.031171
2813.446,1.0310636
2814.032,1.0309561
2814.618,1.0308489
2815.204,1.0307416
2815.79,1.0306343
2816.376,1.0305271
2816.962,1.0304199
2817.548,1.0303128
2818.134,1.0302056
2818.72,1.0300986
2819.306,1.0299915
2819.892,1.0298845
2820.478,1.0297775
2821.064,1.0296705
2821.65,1.0295637
2822.236,1.0294567
2822.822,1.0293498
2823.408,1.0292431
2823.994,1.0291363
2824.58,1.0290295
2825.166,1.0289228
2825.752,1.0288161
2826.338,1.0287095
2826.924,1.0286028
2827.51,1.0284963
2828.096,1.0283898
2828.682,1.0282832
2829.268,1.0281767
2829.854,1.0280703
2830.44,1.0279639
2831.026,1.0278575
2831.612,1.0277512
2832.198,1.0276449
2832.784,1.0275385
2833.37,1.0274323
2833.956,1.0273261
2834.542,1.0272199
2835.128,1.0271138
2835.714,1.0270077
2836.3,1.0269016
2836.886,1.0267955
2837.472,1.0266895
2838.058,1.0265836
2838.644,1.0264776
2839.23,1.0263717
2839.816,1.0262659
2840.402,1.0261599
2840.988,1.0260541
2841.574,1.0259484
2842.16,1.0258425
2842.746,1.0257369
2843.332,1.0256312
2843.918,1.0255256
2844.504,1.02542
2845.09,1.0253143
2845.676,1.0252088
2846.262,1.0251033
2846.848,1.0249978
2847.434,1.0248923
2848.02,1.0247869
2848.606,1.0246816
2849.192,1.0245762
2849.778,1.0244708
2850.364,1.0243657
2850.95,1.0242604
2851.536,1.0241551
2852.122,1.02405
2852.708,1.0239447
2853.294,1.0238397
2853.88,1.0237346
2854.466,1.0236295
2855.052,1.0235245
2855.638,1.0234195
2856.224,1.0233145
2856.81,1.0232096
2857.396,1.0231047
2857.982,1.0229999
2858.568,1.0228951
2859.154,1.0227902
2859.74,1.0226854
2860.326,1.0225807
2860.912,1.0224761
2861.498,1.0223714
2862.084,1.0222667
2862.67,1.0221622
2863.256,1.0220575
2863.842,1.0219531
2864.428,1.0218486
2865.014,1.021744
2865.6,1.0216397
2866.186,1.0215353
2866.772,1.0214309
2867.358,1.0213265
2867.944,1.0212222
2868.53,1.0211179
2869.116,1.0210137
2869.702,1.0209094
2870.288,1.0208054
2870.874,1.0207012
2871.46,1.0205971
2872.046,1.0204929
2872.632,1.020389
2873.218,1.0202849
2873.804,1.0201809
2874.39,1.020077
2874.976,1.019973
2875.562,1.0198692
2876.148,1.0197654
2876.734,1.0196614
2877.32,1.0195577
2877.906,1.019454
2878.492,1.0193502
2879.078,1.0192466
2879.664,1.0191429
2880.25,1.0190393
2880.836,1.0189357
2881.422,1.0188321
2882.008,1.0187285
2882.594,1.018625
2883.18,1.0185215
2883.766,1.0184181
2884.352,1.0183147
2884.938,1.0182114
2885.524,1.018108
2886.11,1.0180047
2886.696,1.0179014
2887.282,1.0177982
2887.868,1.017695
2888.454,1.0175918
2889.04,1.0174886
2889.626,1.0173855
2890.212,1.0172824
2890.798,1.0171794
2891.384,1.0170764
2891.97,1.0169734
2892.556,1.0168704
2893.142,1.0167674
2893.728,1.0166646
2894.314,1.0165616
2894.9,1.0164589
2895.486,1.016356
2896.072,1.0162534
2896.658,1.0161505
2897.244,1.0160478
2897.83,1.0159452
2898.416,1.0158424
2899.002,1.0157399
2899.588,1.0156374
2900.174,1.0155348
2900.76,1.0154322
2901.346,1.0153297
2901.932,1.0152273
2902.518,1.0151249
2903.104,1.0150225
2903.69,1.0149201
2904.276,1.0148178
2904.862,1.0147156
2905.448,1.0146133
2906.034,1.014511
2906.62,1.0144088
2907.206,1.0143067
2907.792,1.0142045
2908.378,1.0141023
2908.964,1.0140002
2909.55,1.0138979
2910.136,1.0137957
2910.722,1.0136936
2911.308,1.0135915
2911.894,1.0134894
2912.48,1.0133873
2913.066,1.0132853
2913.652,1.0131832
2914.238,1.0130813
2914.824,1.0129794
2915.41,1.0128775
2915.996,1.0127755
2916.582,1.0126737
2917.168,1.0125719
2917.754,1.0124701
2918.34,1.0123684
2918.926,1.0122666
2919.512,1.012165
2920.098,1.0120634
2920.684,1.0119617
2921.27,1.0118601
2921.856,1.0117586
2922.442,1.011657
2923.028,1.0115556
2923.614,1.0114541
2924.2,1.0113527
2924.786,1.0112513
2925.372,1.0111499
2925.958,1.0110486
2926.544,1.0109472
2927.13,1.010846
2927.716,1.0107447
2928.302,1.0106435
2928.888,1.0105423
2929.474,1.0104412
2930.06,1.0103401
2930.646,1.010239
2931.232,1.0101379
2931.818,1.0100369
2932.404,1.009936
2932.99,1.009835
2933.576,1.009734
2934.162,1.0096332
2934.748,1.0095322
2935.334,1.0094315
2935.92,1.0093306
2936.506,1.0092299
2937.092,1.0091292
2937.678,1.0090284
2938.264,1.0089277
2938.85,1.0088271
2939.436,1.0087265
2940.022,1.0086259
2940.608,1.0085254
2941.194,1.0084249
2941.78,1.0083244
2942.366,1.0082239
2942.952,1.0081235
2943.538,1.008023
2944.124,1.0079226
2944.71,1.0078224
2945.296,1.007722
2945.882,1.0076218
2946.468,1.0075215
2947.054,1.0074213
2947.64,1.0073211
2948.226,1.007221
2948.812,1.0071208
2949.398,1.0070208
2949.984,1.0069207
2950.57,1.0068207
2951.156,1.0067207
2951.742,1.0066208
2952.328,1.0065207
2952.914,1.0064209
2953.5,1.006321
2954.086,1.0062212
2954.672,1.0061214
2955.258,1.0060216
2955.844,1.0059218
2956.43,1.0058221
2957.016,1.0057224
2957.602,1.0056227
2958.188,1.0055231
2958.774,1.0054235
2959.36,1.005324
2959.946,1.0052245
2960.532,1.0051249
2961.118,1.0050255
2961.704,1.004926
2962.29,1.0048267
2962.876,1.0047272
2963.462,1.0046278
2964.048,1.0045285
2964.634,1.0044292
2965.22,1.00433
2965.806,1.0042307
2966.392,1.0041316
2966.978,1.0040324
2967.564,1.0039333
2968.15,1.0038341
2968.736,1.0037351
2969.322,1.003636
2969.908,1.0035371
2970.494,1.003438
2971.08,1.0033391
2971.666,1.0032401
2972.252,1.0031413
2972.838,1.0030423
2973.424,1.0029435
2974.01,1.0028447
2974.596,1.002746
2975.182,1.0026472
2975.768,1.0025485
2976.354,1.0024499
2976.94,1.0023512
2977.526,1.0022526
2978.112,1.002154
2978.698,1.0020554
2979.284,1.0019568
2979.87,1.0018584
2980.456,1.0017599
2981.042,1.0016614
2981.628,1.001563
2982.214,1.0014646
2982.8,1.0013663
2983.386,1.0012679
2983.972,1.0011697
2984.558,1.0010713
2985.144,1.0009731
2985.73,1.000875
2986.316,1.0007768
2986.902,1.0006787
2987.488,1.0005805
2988.074,1.0004824
2988.66,1.0003843
2989.246,1.0002863
2989.832,1.0001884
2990.418,1.0000904
2991.004,0.99999243
2991.59,0.99989456
2992.176,0.99979669
2992.762,0.99969882
2993.348,0.99960095
2993.934,0.9995032
2994.52,0.99940544
2995.106,0.99930775
2995.692,0.99921
2996.278,0.99911237
2996.864,0.99901474
2997.45,0.9989171
2998.036,0.99881947
2998.622,0.99872196
2999.208,0.99862444
2999.794,0.99852693
3000.38,0.99842948
3000.966,0.99833202
3001.552,0.99823463
3002.138,0.9981373
3002.724,0.9980399
3003.31,0.99794263
3003.896,0.99784529
3004.482,0.99774808
3005.068,0.9976508
3005.654,0.99755365
3006.24,0.99745649
3006.826,0.99735934
3007.412,0.99726224
3007.998,0.99716514
3008.584,0.99706811
3009.17,0.99697107
3009.756,0.99687409
3010.342,0.99677712
3010.928,0.9966802
3011.514,0.99658322
3012.1,0.99648643
3012.686,0.99638951
3013.272,0.99629277
3013.858,0.99619597
3014.444,0.99609917
3015.03,0.99600244
3015.616,0.99590576
3016.202,0.99580908
3016.788,0.9957124
3017.374,0.99561584
3017.96,0.99551922
3018.546,0.99542266
3019.132,0.9953261
3019.718,0.9952296
3020.304,0.99513316
3020.89,0.99503672
3021.476,0.99494034
3022.062,0.99484396
3022.648,0.99474758
3023.234,0.99465126
3023.82,0.994555
3024.406,0.99445868
3024.992,0.99436247
3025.578,0.99426621
3026.164,0.99417007
3026.75,0.99407393
3027.336,0.99397779
3027.922,0.9938817
3028.508,0.99378562
3029.094,0.9936896
3029.68,0.99359363
3030.266,0.99349761
3030.852,0.99340165
3031.438,0.99330574
3032.024,0.99320984
3032.61,0.99311399
3033.196,0.99301815
3033.782,0.99292231
3034.368,0.9928264
3034.954,0.99273044
3035.54,0.99263453
3036.126,0.99253863
3036.712,0.99244273
3037.298,0.99234694
3037.884,0.99225116
3038.47,0.99215537
3039.056,0.99205965
3039.642,0.99196386
3040.228,0.9918682
3040.814,0.99177253
3041.4,0.99167687
3041.986,0.99158126
3042.572,0.99148571
3043.158,0.99139017
3043.744,0.99129462
3044.33,0.99119914
3044.916,0.99110371
3045.502,0.99100822
3046.088,0.99091285
3046.674,0.99081743
3047.26,0.99072212
3047.846,0.99062681
3048.432,0.9905315
3049.018,0.9904362
3049.604,0.99034095
3050.19,0.99024576
3050.776,0.99015057
3051.362,0.99005544
3051.948,0.98996031
3052.534,0.98986524
3053.12,0.98977011
3053.706,0.9896751
3054.292,0.98958009
3054.878,0.98948509
3055.464,0.98939013
3056.05,0.98929524
3056.636,0.98920035
3057.222,0.98910546
3057.808,0.98901063
3058.394,0.9889158
3058.98,0.98882103
3059.566,0.98872626
3060.152,0.98863155
3060.738,0.98853683
3061.324,0.98844218
3061.91,0.98834753
3062.496,0.98825288
3063.082,0.98815829
3063.668,0.98806375
3064.254,0.98796922
3064.84,0.98787469
3065.426,0.98778021
3066.012,0.98768574
3066.598,0.98759133
3067.184,0.98749691
3067.77,0.98740256
3068.356,0.9873082
3068.942,0.98721391
3069.528,0.98711962
3070.114,0.98702538
3070.7,0.98693115
3071.286,0.98683697
3071.872,0.98674279
3072.458,0.98664862
3073.044,0.9865545
3073.63,0.98646045
3074.216,0.98636639
3074.802,0.98627234
3075.388,0.98617834
3075.974,0.98608434
3076.56,0.98599041
3077.146,0.98589647
3077.732,0.98580253
3078.318,0.98570871
3078.904,0.9856149
3079.49,0.98552108
3080.076,0.98542726
3080.662,0.9853335
3081.248,0.9852398
3081.834,0.98514611
3082.42,0.98505241
3083.006,0.98495877
3083.592,0.98486513
3084.178,0.98477155
3084.764,0.98467797
3085.35,0.98458445
3085.936,0.98449093
3086.522,0.98439741
3087.108,0.98430395
3087.694,0.98421055
3088.28,0.98411715
3088.866,0.98402375
3089.452,0.98393041
3090.038,0.98383713
3090.624,0.98374385
3091.21,0.98365057
3091.796,0.98355728
3092.382,0.98346412
3092.968,0.9833709
3093.554,0.98327774
3094.14,0.98318464
3094.726,0.98309153
3095.312,0.98299843
3095.898,0.98290539
3096.484,0.9828124
3097.07,0.98271942
3097.656,0.98262644
3098.242,0.98253351
3098.828,0.98244059
3099.414,0.98234773
3100,0.98225486
