170,4.1090651
170.586,4.1020036
171.172,4.0949793
171.758,4.0879903
172.344,4.0810375
172.93,4.0741196
173.516,4.0672374
174.102,4.0603895
174.688,4.053576
175.274,4.0467968
175.86,4.0400515
176.446,4.03334
177.032,4.0266609
177.618,4.0200157
178.204,4.0134029
178.79,4.0068226
179.376,4.0002747
179.962,3.9937589
180.548,3.9872746
181.134,3.9808221
181.72,3.9744008
182.306,3.9680102
182.892,3.9616504
183.478,3.9553211
184.064,3.9490223
184.65,3.9427533
185.236,3.9365139
185.822,3.9303045
186.408,3.924124
186.994,3.9179726
187.58,3.91185
188.166,3.9057562
188.752,3.8996906
189.338,3.8936536
189.924,3.8876443
190.51,3.8816626
191.096,3.8757086
191.682,3.8697817
192.268,3.8638821
192.854,3.8580096
193.44,3.8521636
194.026,3.846344
194.612,3.8405507
195.198,3.8347836
195.784,3.8290424
196.37,3.8233268
196.956,3.817637
197.542,3.8119724
198.128,3.8063331
198.714,3.8007185
199.3,3.7951286
199.886,3.7895632
200.472,3.7840221
201.058,3.7785053
201.644,3.7730126
202.23,3.7675438
202.816,3.7620988
203.402,3.7566774
203.988,3.7512791
204.574,3.7459042
205.16,3.7405522
205.746,3.7352233
206.332,3.7299168
206.918,3.7246332
207.504,3.719372
208.09,3.7141328
208.676,3.7089159
209.262,3.7037208
209.848,3.6985476
210.434,3.6933961
211.02,3.688266
211.606,3.6831572
212.192,3.6780696
212.778,3.6730032
213.364,3.6679575
213.95,3.6629329
214.536,3.6579285
215.122,3.6529443
215.708,3.6479805
216.294,3.6430366
216.88,3.638113
217.466,3.6332092
218.052,3.6283252
218.638,3.623461
219.224,3.6186161
219.81,3.613791
220.396,3.6089849
220.982,3.604198
221.568,3.5994301
222.154,3.5946813
222.74,3.589951
223.326,3.5852394
223.912,3.5805464
224.498,3.5758717
225.084,3.5712154
225.67,3.5665772
226.256,3.5619571
226.842,3.5573547
227.428,3.5527704
228.014,3.5482035
228.6,3.5436544
229.186,3.5391223
229.772,3.5346076
230.358,3.5301101
230.944,3.5256298
231.53,3.5211666
232.116,3.5167201
232.702,3.5122905
233.288,3.5078776
233.874,3.5034811
234.46,3.4991014
235.046,3.4947381
235.632,3.490391
236.218,3.4860599
236.804,3.4817452
237.39,3.4774463
237.976,3.4731634
238.562,3.4688962
239.148,3.4646447
239.734,3.4604087
240.32,3.4561884
240.906,3.4519835
241.492,3.4477937
242.078,3.4436193
242.664,3.43946
243.25,3.4353156
243.836,3.4311864
244.422,3.4270718
245.008,3.4229722
245.594,3.4188871
246.18,3.4148166
246.766,3.4107609
247.352,3.4067192
247.938,3.4026921
248.524,3.3986793
249.11,3.3946805
249.696,3.3906956
250.282,3.3867252
250.868,3.3827684
251.454,3.3788252
252.04,3.374896
252.626,3.3709807
253.212,3.3670788
253.798,3.3631904
254.384,3.3593154
254.97,3.355454
255.556,3.3516054
256.142,3.3477705
256.728,3.3439486
257.314,3.3401396
257.9,3.3363438
258.486,3.3325608
259.072,3.3287907
259.658,3.3250332
260.244,3.3212886
260.83,3.3175566
261.416,3.3138371
262.002,3.3101301
262.588,3.3064356
263.174,3.3027532
263.76,3.2990832
264.346,3.2954257
264.932,3.29178
265.518,3.2881465
266.104,3.2845249
266.69,3.2809153
267.276,3.2773178
267.862,3.2737319
268.448,3.2701578
269.034,3.2665954
269.62,3.2630446
270.206,3.2595053
270.792,3.2559776
271.378,3.2524614
271.964,3.2489564
272.55,3.2454624
273.136,3.2419798
273.722,3.2385085
274.308,3.2350481
274.894,3.2315986
275.48,3.2281604
276.066,3.2247331
276.652,3.2213168
277.238,3.2179112
277.824,3.2145164
278.41,3.2111325
278.996,3.2077591
279.582,3.2043962
280.168,3.2010441
280.754,3.1977024
281.34,3.1943712
281.926,3.1910503
282.512,3.1877398
283.098,3.1844397
283.684,3.1811497
284.27,3.17787
284.856,3.1746004
285.442,3.1713409
286.028,3.1680913
286.614,3.1648519
287.2,3.1616223
287.786,3.1584027
288.372,3.1551926
288.958,3.1519926
289.544,3.1488023
290.13,3.1456218
290.716,3.1424508
291.302,3.1392894
291.888,3.1361375
292.474,3.1329949
293.06,3.1298614
293.646,3.1267374
294.232,3.1236227
294.818,3.1205173
295.404,3.1174209
295.99,3.1143341
296.576,3.1112564
297.162,3.1081877
297.748,3.1051283
298.334,3.1020777
298.92,3.0990362
299.506,3.0960035
300.092,3.0929799
300.678,3.0899651
301.264,3.0869591
301.85,3.083962
302.436,3.0809734
303.022,3.0779936
303.608,3.0750227
304.194,3.0720601
304.78,3.0691061
305.366,3.0661604
305.952,3.0632234
306.538,3.0602949
307.124,3.057375
307.71,3.0544629
308.296,3.0515594
308.882,3.0486641
309.468,3.0457773
310.054,3.0428984
310.64,3.0400276
311.226,3.0371647
311.812,3.0343099
312.398,3.0314631
312.984,3.0286243
313.57,3.0257936
314.156,3.0229707
314.742,3.0201557
315.328,3.0173485
315.914,3.0145493
316.5,3.0117576
317.086,3.0089738
317.672,3.0061979
318.258,3.0034297
318.844,3.0006688
319.43,2.9979157
320.016,2.9951701
320.602,2.9924321
321.188,2.9897015
321.774,2.9869785
322.36,2.9842627
322.946,2.9815545
323.532,2.9788537
324.118,2.97616
324.704,2.973474
325.29,2.9707949
325.876,2.9681232
326.462,2.9654586
327.048,2.9628012
327.634,2.960151
328.22,2.9575078
328.806,2.9548719
329.392,2.9522429
329.978,2.9496207
330.564,2.9470055
331.15,2.9443977
331.736,2.9417963
332.322,2.9392021
332.908,2.9366145
333.494,2.9340339
334.08,2.9314599
334.666,2.9288929
335.252,2.9263325
335.838,2.923779
336.424,2.921232
337.01,2.9186916
337.596,2.916158
338.182,2.9136307
338.768,2.9111102
339.354,2.908596
339.94,2.9060886
340.526,2.9035873
341.112,2.9010928
341.698,2.8986046
342.284,2.8961227
342.87,2.8936474
343.456,2.8911784
344.042,2.8887155
344.628,2.8862591
345.214,2.8838086
345.8,2.8813646
346.386,2.8789268
346.972,2.8764951
347.558,2.8740697
348.144,2.8716502
348.73,2.8692369
349.316,2.8668296
349.902,2.8644285
350.488,2.8620334
351.074,2.8596442
351.66,2.8572612
352.246,2.8548839
352.832,2.8525124
353.418,2.850147
354.004,2.8477876
354.59,2.845434
355.176,2.843086
355.762,2.8407438
356.348,2.8384075
356.934,2.836077
357.52,2.8337524
358.106,2.8314333
358.692,2.8291199
359.278,2.826812
359.864,2.8245099
360.45,2.8222134
361.036,2.8199224
361.622,2.8176372
362.208,2.8153574
362.794,2.8130832
363.38,2.8108144
363.966,2.8085511
364.552,2.8062932
365.138,2.8040409
365.724,2.8017941
366.31,2.7995524
366.896,2.7973163
367.482,2.7950854
368.068,2.7928598
368.654,2.7906396
369.24,2.7884247
369.826,2.7862151
370.412,2.7840106
370.998,2.7818115
371.584,2.7796175
372.17,2.7774286
372.756,2.7752452
373.342,2.7730665
373.928,2.7708933
374.514,2.7687249
375.1,2.7665617
375.686,2.7644036
376.272,2.7622507
376.858,2.7601027
377.444,2.7579596
378.03,2.7558215
378.616,2.7536886
379.202,2.7515602
379.788,2.7494371
380.374,2.747319
380.96,2.7452054
381.546,2.7430968
382.132,2.7409933
382.718,2.7388945
383.304,2.7368004
383.89,2.7347112
384.476,2.7326269
385.062,2.7305472
385.648,2.7284722
386.234,2.726402
386.82,2.7243366
387.406,2.7222757
387.992,2.7202199
388.578,2.7181683
389.164,2.7161214
389.75,2.7140794
390.336,2.7120416
390.922,2.7100086
391.508,2.7079802
392.094,2.7059565
392.68,2.7039371
393.266,2.7019219
393.852,2.6999114
394.438,2.6979053
395.024,2.6959038
395.61,2.6939065
396.196,2.6919136
396.782,2.6899252
397.368,2.6879413
397.954,2.6859617
398.54,2.6839867
399.126,2.6820159
399.712,2.6800494
400.298,2.6780872
400.884,2.6761293
401.47,2.6741757
402.056,2.6722264
402.642,2.6702814
403.228,2.6683407
403.814,2.6664042
404.4,2.6644719
404.986,2.6625438
405.572,2.6606197
406.158,2.6587
406.744,2.6567843
407.33,2.6548729
407.916,2.6529655
408.502,2.6510623
409.088,2.6491632
409.674,2.6472683
410.26,2.6453772
410.846,2.6434903
411.432,2.6416073
412.018,2.6397285
412.604,2.6378536
413.19,2.635983
413.776,2.6341159
414.362,2.6322532
414.948,2.6303942
415.534,2.6285393
416.12,2.6266882
416.706,2.624841
417.292,2.6229978
417.878,2.6211584
418.464,2.619323
419.05,2.6174915
419.636,2.6156635
420.222,2.6138396
420.808,2.6120195
421.394,2.610203
421.98,2.6083901
422.566,2.606581
423.152,2.6047754
423.738,2.6029739
424.324,2.6011758
424.91,2.5993817
425.496,2.5975914
426.082,2.5958047
426.668,2.5940216
427.254,2.5922422
427.84,2.5904665
428.426,2.5886946
429.012,2.586926
429.598,2.5851612
430.184,2.5834002
430.77,2.5816426
431.356,2.5798886
431.942,2.5781384
432.528,2.5763915
433.114,2.5746484
433.7,2.5729086
434.286,2.5711725
434.872,2.5694399
435.458,2.5677106
436.044,2.5659852
436.63,2.5642629
437.216,2.5625443
437.802,2.5608292
438.388,2.5591173
438.974,2.557409
439.56,2.5557041
440.146,2.5540025
440.732,2.5523045
441.318,2.5506098
441.904,2.5489185
442.49,2.5472305
443.076,2.5455461
443.662,2.5438647
444.248,2.5421867
444.834,2.5405123
445.42,2.538841
446.006,2.5371726
446.592,2.5355077
447.178,2.5338457
447.764,2.5321872
448.35,2.5305319
448.936,2.5288799
449.522,2.5272312
450.108,2.5255857
450.694,2.5239434
451.28,2.5223043
451.866,2.5206685
452.452,2.5190356
453.038,2.517406
453.624,2.5157797
454.21,2.5141566
454.796,2.5125363
455.382,2.5109196
455.968,2.5093057
456.554,2.507695
457.14,2.5060873
457.726,2.5044827
458.312,2.5028813
458.898,2.5012829
459.484,2.4996877
460.07,2.4980953
460.656,2.4965062
461.242,2.49492
461.828,2.4933369
462.414,2.4917567
463,2.4901795
463.586,2.4886055
464.172,2.4870343
464.758,2.485466
465.344,2.4839008
465.93,2.4823387
466.516,2.4807792
467.102,2.4792228
467.688,2.4776695
468.274,2.4761188
468.86,2.4745712
469.446,2.4730265
470.032,2.4714849
470.618,2.4699459
471.204,2.4684098
471.79,2.4668765
472.376,2.4653461
472.962,2.4638188
473.548,2.4622941
474.134,2.4607723
474.72,2.4592531
475.306,2.457737
475.892,2.4562235
476.478,2.4547129
477.064,2.4532051
477.65,2.4517002
478.236,2.4501977
478.822,2.4486983
479.408,2.4472015
479.994,2.4457076
480.58,2.4442163
481.166,2.4427276
481.752,2.4412417
482.338,2.4397585
482.924,2.4382782
483.51,2.4368005
484.096,2.4353254
484.682,2.4338529
485.268,2.4323833
485.854,2.4309163
486.44,2.4294517
487.026,2.42799
487.612,2.4265308
488.198,2.4250743
488.784,2.4236205
489.37,2.4221692
489.956,2.4207206
490.542,2.4192743
491.128,2.4178309
491.714,2.4163902
492.3,2.4149518
492.886,2.413516
493.472,2.4120829
494.058,2.4106522
494.644,2.409224
495.23,2.4077983
495.816,2.4063754
496.402,2.4049549
496.988,2.4035368
497.574,2.4021211
498.16,2.400708
498.746,2.3992975
499.332,2.3978891
499.918,2.3964837
500.504,2.3950803
501.09,2.3936796
501.676,2.3922815
502.262,2.3908856
502.848,2.3894923
503.434,2.3881013
504.02,2.3867128
504.606,2.3853266
505.192,2.3839431
505.778,2.3825617
506.364,2.3811829
506.95,2.3798063
507.536,2.3784323
508.122,2.3770604
508.708,2.3756912
509.294,2.3743243
509.88,2.3729596
510.466,2.3715973
511.052,2.3702374
511.638,2.3688798
512.224,2.3675246
512.81,2.3661716
513.396,2.364821
513.982,2.3634727
514.568,2.3621266
515.154,2.3607829
515.74,2.3594415
516.326,2.3581023
516.912,2.3567655
517.498,2.3554308
518.084,2.3540988
518.67,2.3527687
519.256,2.3514409
519.842,2.3501153
520.428,2.3487918
521.014,2.3474708
521.6,2.3461521
522.186,2.3448353
522.772,2.3435211
523.358,2.3422086
523.944,2.3408988
524.53,2.339591
525.116,2.3382854
525.702,2.3369818
526.288,2.3356807
526.874,2.3343816
527.46,2.3330846
528.046,2.33179
528.632,2.3304973
529.218,2.3292067
529.804,2.3279185
530.39,2.3266323
530.976,2.3253484
531.562,2.3240664
532.148,2.3227866
532.734,2.3215089
533.32,2.3202333
533.906,2.31896
534.492,2.3176885
535.078,2.3164191
535.664,2.3151519
536.25,2.3138869
536.836,2.3126237
537.422,2.3113627
538.008,2.3101039
538.594,2.308847
539.18,2.3075922
539.766,2.3063395
540.352,2.3050885
540.938,2.3038399
541.524,2.3025932
542.11,2.3013487
542.696,2.3001058
543.282,2.2988653
543.868,2.2976267
544.454,2.2963901
545.04,2.2951555
545.626,2.2939227
546.212,2.2926919
546.798,2.2914631
547.384,2.2902365
547.97,2.2890117
548.556,2.2877889
549.142,2.2865679
549.728,2.2853489
550.314,2.284132
550.9,2.2829168
551.486,2.2817037
552.072,2.2804925
552.658,2.2792833
553.244,2.2780759
553.83,2.2768705
554.416,2.275667
555.002,2.2744656
555.588,2.2732658
556.174,2.272068
556.76,2.2708719
557.346,2.2696779
557.932,2.2684858
558.518,2.2672956
559.104,2.2661071
559.69,2.2649207
560.276,2.263736
560.862,2.262553
561.448,2.2613721
562.034,2.2601931
562.62,2.2590158
563.206,2.2578404
563.792,2.2566667
564.378,2.2554948
564.964,2.2543249
565.55,2.2531569
566.136,2.2519906
566.722,2.2508261
567.308,2.2496634
567.894,2.2485025
568.48,2.2473433
569.066,2.246186
569.652,2.2450304
570.238,2.2438767
570.824,2.2427247
571.41,2.2415745
571.996,2.2404261
572.582,2.2392795
573.168,2.2381346
573.754,2.2369914
574.34,2.2358501
574.926,2.2347105
575.512,2.2335725
576.098,2.2324362
576.684,2.2313018
577.27,2.2301691
577.856,2.2290382
578.442,2.2279088
579.028,2.2267814
579.614,2.2256556
580.2,2.2245314
580.786,2.2234089
581.372,2.2222881
581.958,2.2211692
582.544,2.2200518
583.13,2.2189362
583.716,2.2178223
584.302,2.2167099
584.888,2.2155993
585.474,2.2144904
586.06,2.213383
586.646,2.2122774
587.232,2.2111735
587.818,2.2100711
588.404,2.2089703
588.99,2.2078714
589.576,2.206774
590.162,2.2056782
590.748,2.2045841
591.334,2.2034917
591.92,2.2024009
592.506,2.2013116
593.092,2.2002239
593.678,2.1991379
594.264,2.1980536
594.85,2.1969707
595.436,2.1958895
596.022,2.1948099
596.608,2.193732
597.194,2.1926556
597.78,2.1915808
598.366,2.1905074
598.952,2.1894357
599.538,2.1883657
600.124,2.1872971
600.71,2.1862302
601.296,2.1851649
601.882,2.1841009
602.468,2.1830387
603.054,2.181978
603.64,2.1809187
604.226,2.1798611
604.812,2.1788051
605.398,2.1777506
605.984,2.1766975
606.57,2.1756458
607.156,2.1745961
607.742,2.1735475
608.328,2.1725006
608.914,2.1714551
609.5,2.1704113
610.086,2.169369
610.672,2.168328
611.258,2.1672885
611.844,2.1662507
612.43,2.1652143
613.016,2.1641793
613.602,2.163146
614.188,2.1621141
614.774,2.1610837
615.36,2.1600542
615.946,2.1590264
616.532,2.1580002
617.118,2.1569753
617.704,2.155952
618.29,2.1549301
618.876,2.1539097
619.462,2.1528907
620.048,2.1518729
620.634,2.1508567
621.22,2.149842
621.806,2.1488287
622.392,2.1478171
622.978,2.1468067
623.564,2.1457977
624.15,2.1447902
624.736,2.143784
625.322,2.1427794
625.908,2.1417761
626.494,2.1407743
627.08,2.1397738
627.666,2.1387746
628.252,2.1377771
628.838,2.1367807
629.424,2.1357858
630.01,2.1347923
630.596,2.1338003
631.182,2.1328096
631.768,2.1318202
632.354,2.1308324
632.94,2.1298459
633.526,2.1288605
634.112,2.1278768
634.698,2.1268942
635.284,2.1259134
635.87,2.1249335
636.456,2.1239552
637.042,2.1229782
637.628,2.1220024
638.214,2.1210282
638.8,2.1200552
639.386,2.1190834
639.972,2.1181133
640.558,2.1171443
641.144,2.1161766
641.73,2.1152103
642.316,2.1142454
642.902,2.1132817
643.488,2.1123195
644.074,2.1113584
644.66,2.1103988
645.246,2.1094403
645.832,2.1084833
646.418,2.1075275
647.004,2.1065731
647.59,2.1056199
648.176,2.1046679
648.762,2.1037176
649.348,2.1027682
649.934,2.1018202
650.52,2.1008735
651.106,2.0999281
651.692,2.098984
652.278,2.0980411
652.864,2.0970995
653.45,2.0961592
654.036,2.0952201
654.622,2.0942824
655.208,2.0933459
655.794,2.0924106
656.38,2.0914767
656.966,2.090544
657.552,2.0896125
658.138,2.0886822
658.724,2.0877531
659.31,2.0868249
659.896,2.0858979
660.482,2.0849721
661.068,2.0840478
661.654,2.0831246
662.24,2.0822027
662.826,2.0812821
663.412,2.0803626
663.998,2.0794444
664.584,2.0785272
665.17,2.0776114
665.756,2.0766969
666.342,2.0757835
666.928,2.0748713
667.514,2.0739605
668.1,2.0730507
668.686,2.0721421
669.272,2.0712349
669.858,2.0703287
670.444,2.0694237
671.03,2.0685201
671.616,2.0676174
672.202,2.066716
672.788,2.0658159
673.374,2.0649168
673.96,2.064019
674.546,2.0631223
675.132,2.0622268
675.718,2.0613325
676.304,2.0604393
676.89,2.0595474
677.476,2.0586567
678.062,2.0577669
678.648,2.0568786
679.234,2.0559912
679.82,2.055105
680.406,2.05422
680.992,2.0533361
681.578,2.0524533
682.164,2.0515718
682.75,2.0506914
683.336,2.0498121
683.922,2.0489337
684.508,2.0480568
685.094,2.0471809
685.68,2.0463061
686.266,2.0454323
686.852,2.04456
687.438,2.0436885
688.024,2.0428183
688.61,2.041949
689.196,2.041081
689.782,2.0402141
690.368,2.0393481
690.954,2.0384834
691.54,2.0376196
692.126,2.0367572
692.712,2.0358958
693.298,2.0350354
693.884,2.0341761
694.47,2.0333176
695.056,2.0324602
695.642,2.0316041
696.228,2.0307486
696.814,2.0298946
697.4,2.0290415
697.986,2.0281894
698.572,2.0273387
699.158,2.0264888
699.744,2.02564
700.33,2.0247924
700.916,2.0239458
701.502,2.0231001
702.088,2.0222557
702.674,2.0214124
703.26,2.02057
703.846,2.0197287
704.432,2.0188882
705.018,2.0180492
705.604,2.017211
706.19,2.0163739
706.776,2.0155377
707.362,2.0147028
707.948,2.0138688
708.534,2.0130358
709.12,2.0122039
709.706,2.011373
710.292,2.0105431
710.878,2.0097144
711.464,2.0088866
712.05,2.0080597
712.636,2.0072341
713.222,2.0064094
713.808,2.0055857
714.394,2.0047631
714.98,2.0039413
715.566,2.0031207
716.152,2.0023012
716.738,2.0014825
717.324,2.0006647
717.91,1.9998482
718.496,1.9990325
719.082,1.9982179
719.668,1.9974043
720.254,1.9965917
720.84,1.9957801
721.426,1.9949694
722.012,1.9941598
722.598,1.9933511
723.184,1.9925435
723.77,1.9917368
724.356,1.990931
724.942,1.9901264
725.528,1.9893225
726.114,1.9885198
726.7,1.987718
727.286,1.9869171
727.872,1.9861174
728.458,1.9853184
729.044,1.9845204
729.63,1.9837235
730.216,1.9829276
730.802,1.9821324
731.388,1.9813384
731.974,1.9805452
732.56,1.9797531
733.146,1.9789618
733.732,1.9781715
734.318,1.9773822
734.904,1.9765937
735.49,1.9758064
736.076,1.9750199
736.662,1.9742343
737.248,1.9734497
737.834,1.972666
738.42,1.9718833
739.006,1.9711014
739.592,1.9703206
740.178,1.9695406
740.764,1.9687616
741.35,1.9679835
741.936,1.9672064
742.522,1.9664301
743.108,1.9656547
743.694,1.9648803
744.28,1.9641068
744.866,1.9633342
745.452,1.9625626
746.038,1.9617918
746.624,1.9610219
747.21,1.9602529
747.796,1.9594849
748.382,1.9587177
748.968,1.9579513
749.554,1.9571856
750.14,1.956421
750.726,1.9556574
751.312,1.9548944
751.898,1.9541324
752.484,1.9533714
753.07,1.9526113
753.656,1.951852
754.242,1.9510936
754.828,1.9503361
755.414,1.9495795
756,1.9488237
756.586,1.9480689
757.172,1.9473149
757.758,1.9465618
758.344,1.9458095
758.93,1.9450582
759.516,1.9443077
760.102,1.9435581
760.688,1.9428092
761.274,1.9420614
761.86,1.9413143
762.446,1.9405682
763.032,1.9398229
763.618,1.9390785
764.204,1.9383349
764.79,1.9375921
765.376,1.9368503
765.962,1.9361093
766.548,1.9353691
767.134,1.9346298
767.72,1.9338913
768.306,1.9331536
768.892,1.9324169
769.478,1.931681
770.064,1.9309459
770.65,1.9302117
771.236,1.9294782
771.822,1.9287456
772.408,1.9280139
772.994,1.9272829
773.58,1.9265529
774.166,1.9258236
774.752,1.9250952
775.338,1.9243675
775.924,1.9236408
776.51,1.9229149
777.096,1.9221897
777.682,1.9214655
778.268,1.920742
778.854,1.9200193
779.44,1.9192975
780.026,1.9185764
780.612,1.9178562
781.198,1.9171368
781.784,1.9164182
782.37,1.9157003
782.956,1.9149834
783.542,1.9142672
784.128,1.9135518
784.714,1.9128373
785.3,1.9121234
785.886,1.9114105
786.472,1.9106983
787.058,1.909987
787.644,1.9092764
788.23,1.9085666
788.816,1.9078575
789.402,1.9071493
789.988,1.9064419
790.574,1.9057353
791.16,1.9050294
791.746,1.9043243
792.332,1.90362
792.918,1.9029166
793.504,1.9022138
794.09,1.9015119
794.676,1.9008107
795.262,1.9001102
795.848,1.8994107
796.434,1.8987118
797.02,1.8980137
797.606,1.8973165
798.192,1.8966199
798.778,1.8959241
799.364,1.8952291
799.95,1.8945348
800.536,1.8938414
801.122,1.8931487
801.708,1.8924568
802.294,1.8917655
802.88,1.8910751
803.466,1.8903854
804.052,1.8896965
804.638,1.8890083
805.224,1.8883208
805.81,1.8876342
806.396,1.8869482
806.982,1.8862631
807.568,1.8855786
808.154,1.884895
808.74,1.884212
809.326,1.8835298
809.912,1.8828483
810.498,1.8821676
811.084,1.8814876
811.67,1.8808084
812.256,1.8801298
812.842,1.8794521
813.428,1.878775
814.014,1.8780987
814.6,1.877423
815.186,1.8767482
815.772,1.8760741
816.358,1.8754007
816.944,1.8747281
817.53,1.8740561
818.116,1.8733848
818.702,1.8727143
819.288,1.8720446
819.874,1.8713754
820.46,1.870707
821.046,1.8700395
821.632,1.8693725
822.218,1.8687063
822.804,1.8680408
823.39,1.867376
823.976,1.8667119
824.562,1.8660486
825.148,1.8653859
825.734,1.8647239
826.32,1.8640627
826.906,1.863402
827.492,1.8627422
828.078,1.8620831
828.664,1.8614246
829.25,1.8607669
829.836,1.8601098
830.422,1.8594534
831.008,1.8587978
831.594,1.8581427
832.18,1.8574885
832.766,1.8568349
833.352,1.856182
833.938,1.8555298
834.524,1.8548782
835.11,1.8542274
835.696,1.8535773
836.282,1.8529277
836.868,1.8522789
837.454,1.8516308
838.04,1.8509834
838.626,1.8503367
839.212,1.8496906
839.798,1.8490452
840.384,1.8484005
840.97,1.8477564
841.556,1.847113
842.142,1.8464702
842.728,1.8458282
843.314,1.8451868
843.9,1.8445462
844.486,1.8439062
845.072,1.8432667
845.658,1.842628
846.244,1.84199
846.83,1.8413526
847.416,1.8407159
848.002,1.8400798
848.588,1.8394444
849.174,1.8388097
849.76,1.8381757
850.346,1.8375422
850.932,1.8369094
851.518,1.8362772
852.104,1.8356458
852.69,1.8350149
853.276,1.8343848
853.862,1.8337553
854.448,1.8331264
855.034,1.8324982
855.62,1.8318706
856.206,1.8312436
856.792,1.8306173
857.378,1.8299917
857.964,1.8293667
858.55,1.8287423
859.136,1.8281186
859.722,1.8274955
860.308,1.8268731
860.894,1.8262513
861.48,1.8256301
862.066,1.8250095
862.652,1.8243896
863.238,1.8237703
863.824,1.8231516
864.41,1.8225336
864.996,1.8219161
865.582,1.8212993
866.168,1.8206832
866.754,1.8200676
867.34,1.8194528
867.926,1.8188385
868.512,1.8182248
869.098,1.8176118
869.684,1.8169993
870.27,1.8163875
870.856,1.8157763
871.442,1.8151659
872.028,1.8145559
872.614,1.8139465
873.2,1.8133378
873.786,1.8127297
874.372,1.8121222
874.958,1.8115153
875.544,1.810909
876.13,1.8103033
876.716,1.8096982
877.302,1.8090938
877.888,1.8084899
878.474,1.8078867
879.06,1.807284
879.646,1.806682
880.232,1.8060806
880.818,1.8054798
881.404,1.8048794
881.99,1.8042798
882.576,1.8036808
883.162,1.8030823
883.748,1.8024845
884.334,1.8018872
884.92,1.8012905
885.506,1.8006945
886.092,1.8000989
886.678,1.799504
887.264,1.7989098
887.85,1.798316
888.436,1.7977229
889.022,1.7971303
889.608,1.7965384
890.194,1.795947
890.78,1.7953562
891.366,1.7947659
891.952,1.7941763
892.538,1.7935873
893.124,1.7929989
893.71,1.792411
894.296,1.7918236
894.882,1.7912369
895.468,1.7906507
896.054,1.7900652
896.64,1.7894802
897.226,1.7888957
897.812,1.7883118
898.398,1.7877285
898.984,1.7871459
899.57,1.7865636
900.156,1.7859821
900.742,1.7854011
901.328,1.7848207
901.914,1.7842407
902.5,1.7836615
903.086,1.7830827
903.672,1.7825044
904.258,1.7819269
904.844,1.7813498
905.43,1.7807733
906.016,1.7801974
906.602,1.779622
907.188,1.7790471
907.774,1.7784728
908.36,1.7778991
908.946,1.777326
909.532,1.7767533
910.118,1.7761812
910.704,1.7756099
911.29,1.7750388
911.876,1.7744684
912.462,1.7738986
913.048,1.7733293
913.634,1.7727605
914.22,1.7721922
914.806,1.7716246
915.392,1.7710575
915.978,1.7704909
916.564,1.7699249
917.15,1.7693594
917.736,1.7687944
918.322,1.7682301
918.908,1.7676662
919.494,1.7671028
920.08,1.7665401
920.666,1.7659779
921.252,1.765416
921.838,1.7648549
922.424,1.7642943
923.01,1.7637342
923.596,1.7631747
924.182,1.7626156
924.768,1.7620571
925.354,1.761499
925.94,1.7609416
926.526,1.7603847
927.112,1.7598283
927.698,1.7592725
928.284,1.7587171
928.87,1.7581623
929.456,1.7576079
930.042,1.7570542
930.628,1.756501
931.214,1.7559483
931.8,1.7553961
932.386,1.7548444
932.972,1.7542932
933.558,1.7537426
934.144,1.7531924
934.73,1.7526429
935.316,1.7520938
935.902,1.7515452
936.488,1.7509972
937.074,1.7504495
937.66,1.7499026
938.246,1.749356
938.832,1.7488101
939.418,1.7482646
940.004,1.7477196
940.59,1.7471751
941.176,1.7466311
941.762,1.7460878
942.348,1.7455448
942.934,1.7450024
943.52,1.7444605
944.106,1.743919
944.692,1.743378
945.278,1.7428377
945.864,1.7422978
946.45,1.7417583
947.036,1.7412194
947.622,1.7406811
948.208,1.7401431
948.794,1.7396057
949.38,1.7390687
949.966,1.7385323
950.552,1.7379965
951.138,1.737461
951.724,1.7369261
952.31,1.7363917
952.896,1.7358577
953.482,1.7353243
954.068,1.7347913
954.654,1.7342588
955.24,1.7337269
955.826,1.7331953
956.412,1.7326643
956.998,1.7321339
957.584,1.7316039
958.17,1.7310742
958.756,1.7305452
959.342,1.7300167
959.928,1.7294886
960.514,1.728961
961.1,1.7284338
961.686,1.7279073
962.272,1.7273811
962.858,1.7268554
963.444,1.7263303
964.03,1.7258055
964.616,1.7252814
965.202,1.7247576
965.788,1.7242343
966.374,1.7237115
966.96,1.7231891
967.546,1.7226673
968.132,1.7221459
968.718,1.7216251
969.304,1.7211046
969.89,1.7205846
970.476,1.7200652
971.062,1.7195462
971.648,1.7190276
972.234,1.7185096
972.82,1.7179919
973.406,1.7174748
973.992,1.7169582
974.578,1.716442
975.164,1.7159263
975.75,1.7154111
976.336,1.7148962
976.922,1.7143818
977.508,1.713868
978.094,1.7133546
978.68,1.7128416
979.266,1.7123291
979.852,1.7118171
980.438,1.7113056
981.024,1.7107944
981.61,1.7102839
982.196,1.7097737
982.782,1.7092639
983.368,1.7087545
983.954,1.7082458
984.54,1.7077374
985.126,1.7072295
985.712,1.706722
986.298,1.706215
986.884,1.7057085
987.47,1.7052023
988.056,1.7046968
988.642,1.7041916
989.228,1.7036867
989.814,1.7031825
990.4,1.7026786
990.986,1.7021753
991.572,1.7016723
992.158,1.7011697
992.744,1.7006677
993.33,1.7001661
993.916,1.699665
994.502,1.6991643
995.088,1.6986638
995.674,1.6981641
996.26,1.6976646
996.846,1.6971657
997.432,1.6966672
998.018,1.6961691
998.604,1.6956714
999.19,1.6951741
999.776,1.6946772
1000.362,1.6941807
1000.948,1.6936847
1001.534,1.6931891
1002.12,1.6926939
1002.706,1.6921992
1003.292,1.691705
1003.878,1.6912111
1004.464,1.6907177
1005.05,1.6902246
1005.636,1.6897321
1006.222,1.68924
1006.808,1.6887482
1007.394,1.688257
1007.98,1.6877661
1008.566,1.6872756
1009.152,1.6867857
1009.738,1.6862961
1010.324,1.685807
1010.91,1.6853182
1011.496,1.68483
1012.082,1.6843421
1012.668,1.6838547
1013.254,1.6833676
1013.84,1.6828811
1014.426,1.682395
1015.012,1.6819092
1015.598,1.6814238
1016.184,1.680939
1016.77,1.6804545
1017.356,1.6799704
1017.942,1.6794868
1018.528,1.6790035
1019.114,1.6785207
1019.7,1.6780382
1020.286,1.6775564
1020.872,1.6770748
1021.458,1.6765937
1022.044,1.6761129
1022.63,1.6756326
1023.216,1.6751527
1023.802,1.6746732
1024.388,1.6741941
1024.974,1.6737155
1025.56,1.6732371
1026.146,1.6727593
1026.732,1.6722819
1027.318,1.6718049
1027.904,1.6713282
1028.49,1.6708519
1029.076,1.6703762
1029.662,1.6699008
1030.248,1.6694258
1030.834,1.6689513
1031.42,1.6684771
1032.006,1.6680033
1032.592,1.6675299
1033.178,1.6670569
1033.764,1.6665844
1034.35,1.6661122
1034.936,1.6656405
1035.522,1.6651691
1036.108,1.6646981
1036.694,1.6642276
1037.28,1.6637574
1037.866,1.6632876
1038.452,1.6628183
1039.038,1.6623493
1039.624,1.6618809
1040.21,1.6614127
1040.796,1.6609449
1041.382,1.6604775
1041.968,1.6600106
1042.554,1.659544
1043.14,1.6590778
1043.726,1.658612
1044.312,1.6581466
1044.898,1.6576816
1045.484,1.657217
1046.07,1.6567527
1046.656,1.6562889
1047.242,1.6558255
1047.828,1.6553624
1048.414,1.6548997
1049,1.6544374
1049.586,1.6539756
1050.172,1.653514
1050.758,1.6530529
1051.344,1.6525922
1051.93,1.6521319
1052.516,1.6516719
1053.102,1.6512123
1053.688,1.6507531
1054.274,1.6502944
1054.86,1.6498359
1055.446,1.6493779
1056.032,1.6489203
1056.618,1.648463
1057.204,1.6480062
1057.79,1.6475496
1058.376,1.6470935
1058.962,1.6466378
1059.548,1.6461824
1060.134,1.6457274
1060.72,1.6452729
1061.306,1.6448185
1061.892,1.6443647
1062.478,1.6439112
1063.064,1.6434581
1063.65,1.6430054
1064.236,1.6425531
1064.822,1.642101
1065.408,1.6416495
1065.994,1.6411983
1066.58,1.6407474
1067.166,1.6402969
1067.752,1.6398468
1068.338,1.6393971
1068.924,1.6389477
1069.51,1.6384988
1070.096,1.6380501
1070.682,1.6376019
1071.268,1.637154
1071.854,1.6367065
1072.44,1.6362593
1073.026,1.6358125
1073.612,1.6353661
1074.198,1.6349201
1074.784,1.6344744
1075.37,1.6340292
1075.956,1.6335841
1076.542,1.6331395
1077.128,1.6326953
1077.714,1.6322515
1078.3,1.631808
1078.886,1.6313648
1079.472,1.6309221
1080.058,1.6304797
1080.644,1.6300377
1081.23,1.629596
1081.816,1.6291547
1082.402,1.6287137
1082.988,1.6282731
1083.574,1.6278328
1084.16,1.6273929
1084.746,1.6269535
1085.332,1.6265142
1085.918,1.6260755
1086.504,1.6256371
1087.09,1.625199
1087.676,1.6247611
1088.262,1.6243237
1088.848,1.6238868
1089.434,1.62345
1090.02,1.6230137
1090.606,1.6225778
1091.192,1.6221422
1091.778,1.621707
1092.364,1.621272
1092.95,1.6208375
1093.536,1.6204032
1094.122,1.6199691
1094.708,1.6195353
1095.294,1.619102
1095.88,1.6186689
1096.466,1.6182362
1097.052,1.6178039
1097.638,1.6173719
1098.224,1.6169403
1098.81,1.6165091
1099.396,1.6160781
1099.982,1.6156474
1100.568,1.6152172
1101.154,1.6147873
1101.74,1.6143577
1102.326,1.6139286
1102.912,1.6134998
1103.498,1.6130712
1104.084,1.612643
1104.67,1.6122152
1105.256,1.6117877
1105.842,1.6113604
1106.428,1.6109337
1107.014,1.6105071
1107.6,1.6100811
1108.186,1.6096553
1108.772,1.6092298
1109.358,1.6088046
1109.944,1.6083798
1110.53,1.6079555
1111.116,1.6075313
1111.702,1.6071075
1112.288,1.6066841
1112.874,1.606261
1113.46,1.6058382
1114.046,1.6054158
1114.632,1.6049937
1115.218,1.6045719
1115.804,1.6041504
1116.39,1.6037294
1116.976,1.6033087
1117.562,1.6028882
1118.148,1.6024681
1118.734,1.6020484
1119.32,1.6016289
1119.906,1.6012099
1120.492,1.600791
1121.078,1.6003726
1121.664,1.5999545
1122.25,1.5995367
1122.836,1.5991193
1123.422,1.5987021
1124.008,1.5982853
1124.594,1.5978689
1125.18,1.5974528
1125.766,1.5970368
1126.352,1.5966214
1126.938,1.5962062
1127.524,1.5957913
1128.11,1.5953768
1128.696,1.5949626
1129.282,1.5945488
1129.868,1.5941352
1130.454,1.593722
1131.04,1.5933092
1131.626,1.5928966
1132.212,1.5924844
1132.798,1.5920724
1133.384,1.5916607
1133.97,1.5912495
1134.556,1.5908386
1135.142,1.5904279
1135.728,1.5900176
1136.314,1.5896076
1136.9,1.5891978
1137.486,1.5887885
1138.072,1.5883794
1138.658,1.5879707
1139.244,1.5875622
1139.83,1.5871542
1140.416,1.5867463
1141.002,1.5863389
1141.588,1.5859318
1142.174,1.5855249
1142.76,1.5851183
1143.346,1.5847121
1143.932,1.5843062
1144.518,1.5839007
1145.104,1.5834954
1145.69,1.5830904
1146.276,1.5826858
1146.862,1.5822815
1147.448,1.5818775
1148.034,1.5814737
1148.62,1.5810703
1149.206,1.5806673
1149.792,1.5802644
1150.378,1.579862
1150.964,1.5794599
1151.55,1.5790579
1152.136,1.5786564
1152.722,1.5782553
1153.308,1.5778543
1153.894,1.5774537
1154.48,1.5770533
1155.066,1.5766534
1155.652,1.5762537
1156.238,1.5758543
1156.824,1.5754552
1157.41,1.5750564
1157.996,1.574658
1158.582,1.5742598
1159.168,1.573862
1159.754,1.5734644
1160.34,1.5730671
1160.926,1.5726701
1161.512,1.5722735
1162.098,1.5718771
1162.684,1.5714811
1163.27,1.5710853
1163.856,1.5706899
1164.442,1.5702947
1165.028,1.5698999
1165.614,1.5695053
1166.2,1.5691111
1166.786,1.5687171
1167.372,1.5683235
1167.958,1.5679301
1168.544,1.5675371
1169.13,1.5671444
1169.716,1.566752
1170.302,1.5663598
1170.888,1.5659677
1171.474,1.5655758
1172.06,1.5651842
1172.646,1.564793
1173.232,1.564402
1173.818,1.5640113
1174.404,1.5636209
1174.99,1.5632309
1175.576,1.5628411
1176.162,1.5624516
1176.748,1.5620624
1177.334,1.5616734
1177.92,1.5612849
1178.506,1.5608965
1179.092,1.5605085
1179.678,1.5601208
1180.264,1.5597334
1180.85,1.5593462
1181.436,1.5589594
1182.022,1.5585729
1182.608,1.5581865
1183.194,1.5578007
1183.78,1.5574149
1184.366,1.5570295
1184.952,1.5566443
1185.538,1.5562595
1186.124,1.5558751
1186.71,1.5554909
1187.296,1.5551069
1187.882,1.5547231
1188.468,1.5543398
1189.054,1.5539567
1189.64,1.553574
1190.226,1.5531913
1190.812,1.5528091
1191.398,1.5524272
1191.984,1.5520456
1192.57,1.5516641
1193.156,1.5512831
1193.742,1.5509022
1194.328,1.5505217
1194.914,1.5501415
1195.5,1.5497615
1196.086,1.5493819
1196.672,1.5490024
1197.258,1.5486233
1197.844,1.5482445
1198.43,1.547866
1199.016,1.5474877
1199.602,1.5471097
1200.188,1.5467319
1200.774,1.5463545
1201.36,1.5459774
1201.946,1.5456005
1202.532,1.545224
1203.118,1.5448476
1203.704,1.5444716
1204.29,1.5440958
1204.876,1.5437204
1205.462,1.5433451
1206.048,1.5429702
1206.634,1.5425956
1207.22,1.5422212
1207.806,1.5418471
1208.392,1.5414733
1208.978,1.5410997
1209.564,1.5407264
1210.15,1.5403534
1210.736,1.5399806
1211.322,1.5396082
1211.908,1.5392361
1212.494,1.5388641
1213.08,1.5384924
1213.666,1.5381211
1214.252,1.53775
1214.838,1.5373793
1215.424,1.5370086
1216.01,1.5366384
1216.596,1.5362684
1217.182,1.5358987
1217.768,1.5355291
1218.354,1.5351599
1218.94,1.534791
1219.526,1.5344224
1220.112,1.5340539
1220.698,1.5336858
1221.284,1.5333179
1221.87,1.5329504
1222.456,1.5325831
1223.042,1.532216
1223.628,1.5318491
1224.214,1.5314827
1224.8,1.5311164
1225.386,1.5307504
1225.972,1.5303847
1226.558,1.5300192
1227.144,1.529654
1227.73,1.5292891
1228.316,1.5289243
1228.902,1.5285598
1229.488,1.5281954
1230.074,1.5278312
1230.66,1.5274674
1231.246,1.5271037
1231.832,1.5267402
1232.418,1.5263771
1233.004,1.5260142
1233.59,1.5256517
1234.176,1.5252893
1234.762,1.5249273
1235.348,1.5245655
1235.934,1.5242039
1236.52,1.5238426
1237.106,1.5234815
1237.692,1.5231208
1238.278,1.5227603
1238.864,1.5223999
1239.45,1.5220399
1240.036,1.5216802
1240.622,1.5213207
1241.208,1.5209615
1241.794,1.5206025
1242.38,1.5202438
1242.966,1.5198853
1243.552,1.5195272
1244.138,1.5191692
1244.724,1.5188115
1245.31,1.5184541
1245.896,1.5180968
1246.482,1.5177399
1247.068,1.5173832
1247.654,1.5170268
1248.24,1.5166706
1248.826,1.5163147
1249.412,1.515959
1249.998,1.5156037
1250.584,1.5152484
1251.17,1.5148935
1251.756,1.5145389
1252.342,1.5141845
1252.928,1.5138303
1253.514,1.5134765
1254.1,1.5131227
1254.686,1.5127693
1255.272,1.5124162
1255.858,1.5120633
1256.444,1.5117106
1257.03,1.5113583
1257.616,1.511006
1258.202,1.5106541
1258.788,1.5103024
1259.374,1.509951
1259.96,1.5095999
1260.546,1.5092489
1261.132,1.5088983
1261.718,1.5085479
1262.304,1.5081977
1262.89,1.5078477
1263.476,1.507498
1264.062,1.5071485
1264.648,1.5067993
1265.234,1.5064504
1265.82,1.5061017
1266.406,1.5057532
1266.992,1.5054049
1267.578,1.505057
1268.164,1.5047092
1268.75,1.5043617
1269.336,1.5040145
1269.922,1.5036675
1270.508,1.5033207
1271.094,1.5029742
1271.68,1.5026278
1272.266,1.5022818
1272.852,1.5019361
1273.438,1.5015905
1274.024,1.5012451
1274.61,1.5009
1275.196,1.5005552
1275.782,1.5002106
1276.368,1.4998662
1276.954,1.4995221
1277.54,1.4991782
1278.126,1.4988346
1278.712,1.4984912
1279.298,1.498148
1279.884,1.497805
1280.47,1.4974623
1281.056,1.4971199
1281.642,1.4967775
1282.228,1.4964356
1282.814,1.4960939
1283.4,1.4957523
1283.986,1.495411
1284.572,1.49507
1285.158,1.4947292
1285.744,1.4943886
1286.33,1.4940482
1286.916,1.4937081
1287.502,1.4933683
1288.088,1.4930286
1288.674,1.4926891
1289.26,1.49235
1289.846,1.4920111
1290.432,1.4916723
1291.018,1.4913338
1291.604,1.4909956
1292.19,1.4906576
1292.776,1.4903198
1293.362,1.4899822
1293.948,1.4896449
1294.534,1.4893079
1295.12,1.4889709
1295.706,1.4886343
1296.292,1.4882979
1296.878,1.4879616
1297.464,1.4876257
1298.05,1.48729
1298.636,1.4869546
1299.222,1.4866194
1299.808,1.4862843
1300.394,1.4859494
1300.98,1.4856149
1301.566,1.4852805
1302.152,1.4849464
1302.738,1.4846125
1303.324,1.4842788
1303.91,1.4839454
1304.496,1.4836122
1305.082,1.483279
1305.668,1.4829459
1306.254,1.4826132
1306.84,1.4822806
1307.426,1.4819484
1308.012,1.4816164
1308.598,1.4812844
1309.184,1.4809529
1309.77,1.4806213
1310.356,1.4802903
1310.942,1.4799592
1311.528,1.4796286
1312.114,1.479298
1312.7,1.4789677
1313.286,1.4786377
1313.872,1.4783078
1314.458,1.4779782
1315.044,1.4776487
1315.63,1.4773196
1316.216,1.4769907
1316.802,1.4766619
1317.388,1.4763334
1317.974,1.4760051
1318.56,1.475677
1319.146,1.4753492
1319.732,1.4750215
1320.318,1.4746941
1320.904,1.4743669
1321.49,1.4740399
1322.076,1.4737132
1322.662,1.4733866
1323.248,1.4730603
1323.834,1.4727342
1324.42,1.4724083
1325.006,1.4720826
1325.592,1.4717572
1326.178,1.471432
1326.764,1.4711069
1327.35,1.470782
1327.936,1.4704574
1328.522,1.4701332
1329.108,1.4698089
1329.694,1.469485
1330.28,1.4691613
1330.866,1.4688379
1331.452,1.4685144
1332.038,1.4681915
1332.624,1.4678686
1333.21,1.4675459
1333.796,1.4672235
1334.382,1.4669013
1334.968,1.4665792
1335.554,1.4662575
1336.14,1.4659358
1336.726,1.4656144
1337.312,1.4652933
1337.898,1.4649724
1338.484,1.4646516
1339.07,1.4643312
1339.656,1.4640107
1340.242,1.4636906
1340.828,1.4633708
1341.414,1.4630511
1342,1.4627316
1342.586,1.4624124
1343.172,1.4620934
1343.758,1.4617745
1344.344,1.4614558
1344.93,1.4611374
1345.516,1.4608191
1346.102,1.4605012
1346.688,1.4601834
1347.274,1.4598658
1347.86,1.4595485
1348.446,1.4592313
1349.032,1.4589143
1349.618,1.4585975
1350.204,1.4582809
1350.79,1.4579647
1351.376,1.4576485
1351.962,1.4573326
1352.548,1.4570168
1353.134,1.4567014
1353.72,1.4563861
1354.306,1.4560709
1354.892,1.4557561
1355.478,1.4554414
1356.064,1.4551268
1356.65,1.4548125
1357.236,1.4544985
1357.822,1.4541847
1358.408,1.4538709
1358.994,1.4535575
1359.58,1.4532442
1360.166,1.4529312
1360.752,1.4526182
1361.338,1.4523057
1361.924,1.4519932
1362.51,1.4516809
1363.096,1.4513688
1363.682,1.451057
1364.268,1.4507453
1364.854,1.450434
1365.44,1.4501226
1366.026,1.4498117
1366.612,1.4495008
1367.198,1.4491901
1367.784,1.4488797
1368.37,1.4485695
1368.956,1.4482595
1369.542,1.4479495
1370.128,1.4476399
1370.714,1.4473305
1371.3,1.4470212
1371.886,1.4467123
1372.472,1.4464034
1373.058,1.4460948
1373.644,1.4457862
1374.23,1.445478
1374.816,1.44517
1375.402,1.4448621
1375.988,1.4445544
1376.574,1.444247
1377.16,1.4439397
1377.746,1.4436327
1378.332,1.4433258
1378.918,1.4430192
1379.504,1.4427127
1380.09,1.4424064
1380.676,1.4421003
1381.262,1.4417944
1381.848,1.4414887
1382.434,1.4411832
1383.02,1.4408779
1383.606,1.4405729
1384.192,1.4402679
1384.778,1.4399632
1385.364,1.4396586
1385.95,1.4393543
1386.536,1.4390502
1387.122,1.4387462
1387.708,1.4384425
1388.294,1.438139
1388.88,1.4378356
1389.466,1.4375324
1390.052,1.4372294
1390.638,1.4369266
1391.224,1.4366241
1391.81,1.4363216
1392.396,1.4360194
1392.982,1.4357173
1393.568,1.4354155
1394.154,1.4351139
1394.74,1.4348124
1395.326,1.4345112
1395.912,1.4342101
1396.498,1.4339092
1397.084,1.4336085
1397.67,1.433308
1398.256,1.4330077
1398.842,1.4327075
1399.428,1.4324076
1400.014,1.4321079
1400.6,1.4318084
1401.186,1.4315089
1401.772,1.4312098
1402.358,1.4309108
1402.944,1.430612
1403.53,1.4303133
1404.116,1.430015
1404.702,1.4297167
1405.288,1.4294187
1405.874,1.4291208
1406.46,1.4288231
1407.046,1.4285256
1407.632,1.4282283
1408.218,1.4279312
1408.804,1.4276342
1409.39,1.4273375
1409.976,1.4270409
1410.562,1.4267446
1411.148,1.4264483
1411.734,1.4261523
1412.32,1.4258565
1412.906,1.4255608
1413.492,1.4252654
1414.078,1.4249701
1414.664,1.424675
1415.25,1.4243802
1415.836,1.4240854
1416.422,1.4237908
1417.008,1.4234965
1417.594,1.4232023
1418.18,1.4229083
1418.766,1.4226146
1419.352,1.422321
1419.938,1.4220275
1420.524,1.4217341
1421.11,1.4214408
1421.696,1.4211478
1422.282,1.4208549
1422.868,1.4205623
1423.454,1.4202698
1424.04,1.4199775
1424.626,1.4196854
1425.212,1.4193934
1425.798,1.4191017
1426.384,1.4188101
1426.97,1.4185188
1427.556,1.4182276
1428.142,1.4179364
1428.728,1.4176456
1429.314,1.4173548
1429.9,1.4170644
1430.486,1.416774
1431.072,1.416484
1431.658,1.416194
1432.244,1.4159042
1432.83,1.4156146
1433.416,1.4153252
1434.002,1.415036
1434.588,1.4147469
1435.174,1.4144579
1435.76,1.4141692
1436.346,1.4138807
1436.932,1.4135923
1437.518,1.4133041
1438.104,1.4130161
1438.69,1.4127283
1439.276,1.4124407
1439.862,1.4121531
1440.448,1.4118658
1441.034,1.4115788
1441.62,1.4112918
1442.206,1.411005
1442.792,1.4107184
1443.378,1.410432
1443.964,1.4101458
1444.55,1.4098597
1445.136,1.4095737
1445.722,1.409288
1446.308,1.4090024
1446.894,1.408717
1447.48,1.4084319
1448.066,1.4081469
1448.652,1.4078619
1449.238,1.4075773
1449.824,1.4072927
1450.41,1.4070084
1450.996,1.4067242
1451.582,1.4064403
1452.168,1.4061564
1452.754,1.4058728
1453.34,1.4055893
1453.926,1.405306
1454.512,1.4050229
1455.098,1.4047399
1455.684,1.4044571
1456.27,1.4041744
1456.856,1.403892
1457.442,1.4036098
1458.028,1.4033276
1458.614,1.4030457
1459.2,1.402764
1459.786,1.4024824
1460.372,1.4022009
1460.958,1.4019196
1461.544,1.4016385
1462.13,1.4013577
1462.716,1.4010769
1463.302,1.4007963
1463.888,1.4005159
1464.474,1.4002357
1465.06,1.3999556
1465.646,1.3996756
1466.232,1.3993959
1466.818,1.3991163
1467.404,1.398837
1467.99,1.3985577
1468.576,1.3982786
1469.162,1.3979996
1469.748,1.3977211
1470.334,1.3974425
1470.92,1.397164
1471.506,1.3968858
1472.092,1.3966078
1472.678,1.3963298
1473.264,1.3960521
1473.85,1.3957745
1474.436,1.3954971
1475.022,1.3952199
1475.608,1.3949428
1476.194,1.3946658
1476.78,1.3943892
1477.366,1.3941126
1477.952,1.3938361
1478.538,1.3935599
1479.124,1.3932838
1479.71,1.3930079
1480.296,1.3927321
1480.882,1.3924565
1481.468,1.3921812
1482.054,1.3919059
1482.64,1.3916308
1483.226,1.3913558
1483.812,1.3910811
1484.398,1.3908064
1484.984,1.390532
1485.57,1.3902577
1486.156,1.3899837
1486.742,1.3897096
1487.328,1.3894359
1487.914,1.3891622
1488.5,1.3888887
1489.086,1.3886154
1489.672,1.3883423
1490.258,1.3880693
1490.844,1.3877964
1491.43,1.3875238
1492.016,1.3872513
1492.602,1.386979
1493.188,1.3867067
1493.774,1.3864347
1494.36,1.3861629
1494.946,1.3858911
1495.532,1.3856195
1496.118,1.3853482
1496.704,1.385077
1497.29,1.3848059
1497.876,1.3845351
1498.462,1.3842642
1499.048,1.3839936
1499.634,1.3837233
1500.22,1.383453
1500.806,1.3831829
1501.392,1.3829129
1501.978,1.3826431
1502.564,1.3823735
1503.15,1.382104
1503.736,1.3818346
1504.322,1.3815656
1504.908,1.3812965
1505.494,1.3810277
1506.08,1.380759
1506.666,1.3804904
1507.252,1.3802221
1507.838,1.3799539
1508.424,1.3796858
1509.01,1.3794179
1509.596,1.3791502
1510.182,1.3788825
1510.768,1.378615
1511.354,1.3783478
1511.94,1.3780806
1512.526,1.3778137
1513.112,1.3775469
1513.698,1.3772801
1514.284,1.3770137
1514.87,1.3767474
1515.456,1.3764811
1516.042,1.3762151
1516.628,1.3759491
1517.214,1.3756834
1517.8,1.3754178
1518.386,1.3751525
1518.972,1.3748871
1519.558,1.3746221
1520.144,1.3743571
1520.73,1.3740922
1521.316,1.3738276
1521.902,1.3735631
1522.488,1.3732988
1523.074,1.3730346
1523.66,1.3727704
1524.246,1.3725066
1524.832,1.3722428
1525.418,1.3719792
1526.004,1.3717158
1526.59,1.3714525
1527.176,1.3711894
1527.762,1.3709264
1528.348,1.3706635
1528.934,1.3704009
1529.52,1.3701383
1530.106,1.3698759
1530.692,1.3696138
1531.278,1.3693516
1531.864,1.3690897
1532.45,1.3688279
1533.036,1.3685663
1533.622,1.3683048
1534.208,1.3680435
1534.794,1.3677824
1535.38,1.3675213
1535.966,1.3672603
1536.552,1.3669996
1537.138,1.366739
1537.724,1.3664787
1538.31,1.3662183
1538.896,1.3659582
1539.482,1.3656982
1540.068,1.3654385
1540.654,1.3651787
1541.24,1.3649192
1541.826,1.3646598
1542.412,1.3644005
1542.998,1.3641415
1543.584,1.3638825
1544.17,1.3636237
1544.756,1.3633651
1545.342,1.3631065
1545.928,1.3628482
1546.514,1.36259
1547.1,1.3623319
1547.686,1.3620739
1548.272,1.3618162
1548.858,1.3615586
1549.444,1.3613011
1550.03,1.3610437
1550.616,1.3607866
1551.202,1.3605295
1551.788,1.3602726
1552.374,1.3600159
1552.96,1.3597592
1553.546,1.3595028
1554.132,1.3592465
1554.718,1.3589903
1555.304,1.3587343
1555.89,1.3584784
1556.476,1.3582227
1557.062,1.357967
1557.648,1.3577117
1558.234,1.3574563
1558.82,1.3572012
1559.406,1.3569461
1559.992,1.3566912
1560.578,1.3564365
1561.164,1.356182
1561.75,1.3559276
1562.336,1.3556732
1562.922,1.355419
1563.508,1.355165
1564.094,1.3549112
1564.68,1.3546574
1565.266,1.3544039
1565.852,1.3541504
1566.438,1.3538971
1567.024,1.353644
1567.61,1.3533909
1568.196,1.3531381
1568.782,1.3528854
1569.368,1.3526328
1569.954,1.3523803
1570.54,1.352128
1571.126,1.3518758
1571.712,1.3516238
1572.298,1.3513719
1572.884,1.3511201
1573.47,1.3508686
1574.056,1.3506171
1574.642,1.3503658
1575.228,1.3501146
1575.814,1.3498635
1576.4,1.3496127
1576.986,1.3493619
1577.572,1.3491113
1578.158,1.3488607
1578.744,1.3486104
1579.33,1.3483603
1579.916,1.3481102
1580.502,1.3478602
1581.088,1.3476105
1581.674,1.3473608
1582.26,1.3471113
1582.846,1.346862
1583.432,1.3466127
1584.018,1.3463637
1584.604,1.3461146
1585.19,1.3458658
1585.776,1.3456172
1586.362,1.3453686
1586.948,1.3451202
1587.534,1.344872
1588.12,1.3446238
1588.706,1.3443758
1589.292,1.344128
1589.878,1.3438803
1590.464,1.3436327
1591.05,1.3433852
1591.636,1.3431379
1592.222,1.3428907
1592.808,1.3426437
1593.394,1.3423969
1593.98,1.3421501
1594.566,1.3419034
1595.152,1.3416569
1595.738,1.3414105
1596.324,1.3411644
1596.91,1.3409183
1597.496,1.3406724
1598.082,1.3404266
1598.668,1.3401809
1599.254,1.3399353
1599.84,1.3396899
1600.426,1.3394446
1601.012,1.3391995
1601.598,1.3389544
1602.184,1.3387096
1602.77,1.3384649
1603.356,1.3382202
1603.942,1.3379757
1604.528,1.3377315
1605.114,1.3374872
1605.7,1.3372432
1606.286,1.3369993
1606.872,1.3367555
1607.458,1.3365119
1608.044,1.3362683
1608.63,1.3360249
1609.216,1.3357816
1609.802,1.3355385
1610.388,1.3352954
1610.974,1.3350526
1611.56,1.3348099
1612.146,1.3345673
1612.732,1.3343248
1613.318,1.3340825
1613.904,1.3338403
1614.49,1.3335981
1615.076,1.3333563
1615.662,1.3331144
1616.248,1.3328727
1616.834,1.3326312
1617.42,1.3323898
1618.006,1.3321486
1618.592,1.3319074
1619.178,1.3316664
1619.764,1.3314254
1620.35,1.3311846
1620.936,1.3309441
1621.522,1.3307035
1622.108,1.3304632
1622.694,1.330223
1623.28,1.3299828
1623.866,1.3297428
1624.452,1.3295029
1625.038,1.3292632
1625.624,1.3290236
1626.21,1.3287842
1626.796,1.3285449
1627.382,1.3283056
1627.968,1.3280666
1628.554,1.3278276
1629.14,1.3275888
1629.726,1.3273501
1630.312,1.3271116
1630.898,1.3268732
1631.484,1.3266348
1632.07,1.3263967
1632.656,1.3261586
1633.242,1.3259207
1633.828,1.3256829
1634.414,1.3254453
1635,1.3252077
1635.586,1.3249702
1636.172,1.324733
1636.758,1.3244959
1637.344,1.3242588
1637.93,1.3240219
1638.516,1.3237852
1639.102,1.3235486
1639.688,1.323312
1640.274,1.3230757
1640.86,1.3228394
1641.446,1.3226032
1642.032,1.3223672
1642.618,1.3221313
1643.204,1.3218956
1643.79,1.3216599
1644.376,1.3214245
1644.962,1.321189
1645.548,1.3209538
1646.134,1.3207186
1646.72,1.3204837
1647.306,1.3202488
1647.892,1.320014
1648.478,1.3197794
1649.064,1.3195449
1649.65,1.3193105
1650.236,1.3190763
1650.822,1.3188422
1651.408,1.3186082
1651.994,1.3183743
1652.58,1.3181405
1653.166,1.3179069
1653.752,1.3176733
1654.338,1.31744
1654.924,1.3172067
1655.51,1.3169736
1656.096,1.3167405
1656.682,1.3165077
1657.268,1.3162749
1657.854,1.3160423
1658.44,1.3158097
1659.026,1.3155774
1659.612,1.315345
1660.198,1.3151129
1660.784,1.3148808
1661.37,1.314649
1661.956,1.3144172
1662.542,1.3141856
1663.128,1.313954
1663.714,1.3137226
1664.3,1.3134913
1664.886,1.3132602
1665.472,1.3130292
1666.058,1.3127981
1666.644,1.3125674
1667.23,1.3123367
1667.816,1.3121061
1668.402,1.3118757
1668.988,1.3116454
1669.574,1.3114152
1670.16,1.3111851
1670.746,1.3109552
1671.332,1.3107253
1671.918,1.3104956
1672.504,1.310266
1673.09,1.3100365
1673.676,1.3098072
1674.262,1.3095779
1674.848,1.3093488
1675.434,1.3091198
1676.02,1.3088909
1676.606,1.3086623
1677.192,1.3084337
1677.778,1.3082051
1678.364,1.3079767
1678.95,1.3077484
1679.536,1.3075203
1680.122,1.3072922
1680.708,1.3070643
1681.294,1.3068366
1681.88,1.3066089
1682.466,1.3063813
1683.052,1.3061539
1683.638,1.3059266
1684.224,1.3056993
1684.81,1.3054723
1685.396,1.3052453
1685.982,1.3050184
1686.568,1.3047918
1687.154,1.3045652
1687.74,1.3043387
1688.326,1.3041123
1688.912,1.3038861
1689.498,1.3036599
1690.084,1.3034339
1690.67,1.303208
1691.256,1.3029822
1691.842,1.3027565
1692.428,1.302531
1693.014,1.3023056
1693.6,1.3020802
1694.186,1.301855
1694.772,1.3016299
1695.358,1.301405
1695.944,1.3011801
1696.53,1.3009554
1697.116,1.3007307
1697.702,1.3005062
1698.288,1.3002819
1698.874,1.3000576
1699.46,1.2998334
1700.046,1.2996094
1700.632,1.2993855
1701.218,1.2991617
1701.804,1.298938
1702.39,1.2987144
1702.976,1.298491
1703.562,1.2982676
1704.148,1.2980443
1704.734,1.2978213
1705.32,1.2975982
1705.906,1.2973754
1706.492,1.2971526
1707.078,1.29693
1707.664,1.2967074
1708.25,1.2964851
1708.836,1.2962627
1709.422,1.2960405
1710.008,1.2958184
1710.594,1.2955965
1711.18,1.2953746
1711.766,1.2951529
1712.352,1.2949312
1712.938,1.2947097
1713.524,1.2944883
1714.11,1.2942671
1714.696,1.2940458
1715.282,1.2938248
1715.868,1.2936039
1716.454,1.293383
1717.04,1.2931623
1717.626,1.2929417
1718.212,1.2927212
1718.798,1.2925007
1719.384,1.2922806
1719.97,1.2920604
1720.556,1.2918403
1721.142,1.2916204
1721.728,1.2914006
1722.314,1.2911808
1722.9,1.2909613
1723.486,1.2907418
1724.072,1.2905225
1724.658,1.2903032
1725.244,1.290084
1725.83,1.289865
1726.416,1.289646
1727.002,1.2894273
1727.588,1.2892085
1728.174,1.2889899
1728.76,1.2887715
1729.346,1.2885531
1729.932,1.2883348
1730.518,1.2881167
1731.104,1.2878987
1731.69,1.2876807
1732.276,1.2874629
1732.862,1.2872453
1733.448,1.2870276
1734.034,1.2868102
1734.62,1.2865927
1735.206,1.2863755
1735.792,1.2861583
1736.378,1.2859414
1736.964,1.2857244
1737.55,1.2855076
1738.136,1.2852908
1738.722,1.2850742
1739.308,1.2848577
1739.894,1.2846413
1740.48,1.284425
1741.066,1.2842089
1741.652,1.2839928
1742.238,1.2837769
1742.824,1.283561
1743.41,1.2833453
1743.996,1.2831297
1744.582,1.2829142
1745.168,1.2826988
1745.754,1.2824835
1746.34,1.2822683
1746.926,1.2820532
1747.512,1.2818382
1748.098,1.2816234
1748.684,1.2814085
1749.27,1.281194
1749.856,1.2809794
1750.442,1.2807649
1751.028,1.2805506
1751.614,1.2803364
1752.2,1.2801223
1752.786,1.2799083
1753.372,1.2796944
1753.958,1.2794806
1754.544,1.279267
1755.13,1.2790533
1755.716,1.2788398
1756.302,1.2786266
1756.888,1.2784133
1757.474,1.2782001
1758.06,1.2779871
1758.646,1.2777741
1759.232,1.2775613
1759.818,1.2773486
1760.404,1.277136
1760.99,1.2769234
1761.576,1.2767111
1762.162,1.2764988
1762.748,1.2762866
1763.334,1.2760744
1763.92,1.2758625
1764.506,1.2756506
1765.092,1.2754389
1765.678,1.2752272
1766.264,1.2750156
1766.85,1.2748042
1767.436,1.2745929
1768.022,1.2743815
1768.608,1.2741704
1769.194,1.2739594
1769.78,1.2737485
1770.366,1.2735376
1770.952,1.2733269
1771.538,1.2731164
1772.124,1.2729058
1772.71,1.2726954
1773.296,1.2724851
1773.882,1.2722749
1774.468,1.2720648
1775.054,1.2718548
1775.64,1.2716449
1776.226,1.2714351
1776.812,1.2712255
1777.398,1.2710159
1777.984,1.2708064
1778.57,1.2705971
1779.156,1.2703878
1779.742,1.2701787
1780.328,1.2699696
1780.914,1.2697606
1781.5,1.2695518
1782.086,1.269343
1782.672,1.2691344
1783.258,1.2689258
1783.844,1.2687174
1784.43,1.268509
1785.016,1.2683008
1785.602,1.2680926
1786.188,1.2678846
1786.774,1.2676767
1787.36,1.2674689
1787.946,1.2672611
1788.532,1.2670536
1789.118,1.2668461
1789.704,1.2666386
1790.29,1.2664313
1790.876,1.266224
1791.462,1.266017
1792.048,1.26581
1792.634,1.2656031
1793.22,1.2653962
1793.806,1.2651895
1794.392,1.2649829
1794.978,1.2647765
1795.564,1.26457
1796.15,1.2643638
1796.736,1.2641575
1797.322,1.2639514
1797.908,1.2637454
1798.494,1.2635396
1799.08,1.2633338
1799.666,1.263128
1800.252,1.2629224
1800.838,1.2627169
1801.424,1.2625115
1802.01,1.2623062
1802.596,1.2621011
1803.182,1.261896
1803.768,1.261691
1804.354,1.2614861
1804.94,1.2612813
1805.526,1.2610766
1806.112,1.260872
1806.698,1.2606674
1807.284,1.2604631
1807.87,1.2602588
1808.456,1.2600546
1809.042,1.2598505
1809.628,1.2596465
1810.214,1.2594426
1810.8,1.2592387
1811.386,1.2590351
1811.972,1.2588315
1812.558,1.258628
1813.144,1.2584245
1813.73,1.2582213
1814.316,1.258018
1814.902,1.2578149
1815.488,1.2576119
1816.074,1.257409
1816.66,1.2572062
1817.246,1.2570034
1817.832,1.2568009
1818.418,1.2565984
1819.004,1.2563959
1819.59,1.2561936
1820.176,1.2559913
1820.762,1.2557892
1821.348,1.2555872
1821.934,1.2553853
1822.52,1.2551835
1823.106,1.2549816
1823.692,1.2547801
1824.278,1.2545785
1824.864,1.254377
1825.45,1.2541757
1826.036,1.2539744
1826.622,1.2537732
1827.208,1.2535722
1827.794,1.2533712
1828.38,1.2531704
1828.966,1.2529696
1829.552,1.2527689
1830.138,1.2525684
1830.724,1.2523679
1831.31,1.2521675
1831.896,1.2519672
1832.482,1.2517669
1833.068,1.2515669
1833.654,1.2513669
1834.24,1.2511669
1834.826,1.2509671
1835.412,1.2507675
1835.998,1.2505678
1836.584,1.2503682
1837.17,1.2501689
1837.756,1.2499695
1838.342,1.2497703
1838.928,1.2495712
1839.514,1.2493721
1840.1,1.2491732
1840.686,1.2489743
1841.272,1.2487755
1841.858,1.2485769
1842.444,1.2483783
1843.03,1.2481798
1843.616,1.2479814
1844.202,1.2477832
1844.788,1.2475849
1845.374,1.2473868
1845.96,1.2471888
1846.546,1.2469909
1847.132,1.2467932
1847.718,1.2465954
1848.304,1.2463977
1848.89,1.2462002
1849.476,1.2460028
1850.062,1.2458054
1850.648,1.2456082
1851.234,1.245411
1851.82,1.245214
1852.406,1.2450169
1852.992,1.2448201
1853.578,1.2446233
1854.164,1.2444266
1854.75,1.24423
1855.336,1.2440336
1855.922,1.2438371
1856.508,1.2436408
1857.094,1.2434446
1857.68,1.2432485
1858.266,1.2430525
1858.852,1.2428565
1859.438,1.2426606
1860.024,1.2424649
1860.61,1.2422692
1861.196,1.2420737
1861.782,1.2418782
1862.368,1.2416828
1862.954,1.2414874
1863.54,1.2412922
1864.126,1.2410971
1864.712,1.2409021
1865.298,1.2407072
1865.884,1.2405123
1866.47,1.2403176
1867.056,1.2401229
1867.642,1.2399284
1868.228,1.2397338
1868.814,1.2395395
1869.4,1.2393452
1869.986,1.239151
1870.572,1.2389569
1871.158,1.2387629
1871.744,1.2385689
1872.33,1.2383751
1872.916,1.2381814
1873.502,1.2379878
1874.088,1.2377942
1874.674,1.2376007
1875.26,1.2374073
1875.846,1.2372141
1876.432,1.2370209
1877.018,1.2368277
1877.604,1.2366347
1878.19,1.2364417
1878.776,1.236249
1879.362,1.2360562
1879.948,1.2358636
1880.534,1.2356709
1881.12,1.2354785
1881.706,1.2352861
1882.292,1.2350938
1882.878,1.2349017
1883.464,1.2347095
1884.05,1.2345175
1884.636,1.2343255
1885.222,1.2341337
1885.808,1.2339419
1886.394,1.2337502
1886.98,1.2335588
1887.566,1.2333672
1888.152,1.2331759
1888.738,1.2329845
1889.324,1.2327933
1889.91,1.2326021
1890.496,1.2324111
1891.082,1.2322202
1891.668,1.2320293
1892.254,1.2318385
1892.84,1.2316478
1893.426,1.2314572
1894.012,1.2312667
1894.598,1.2310762
1895.184,1.230886
1895.77,1.2306957
1896.356,1.2305056
1896.942,1.2303154
1897.528,1.2301255
1898.114,1.2299356
1898.7,1.2297457
1899.286,1.2295561
1899.872,1.2293664
1900.458,1.2291769
1901.044,1.2289875
1901.63,1.2287982
1902.216,1.2286088
1902.802,1.2284197
1903.388,1.2282305
1903.974,1.2280415
1904.56,1.2278526
1905.146,1.2276638
1905.732,1.2274749
1906.318,1.2272863
1906.904,1.2270977
1907.49,1.2269093
1908.076,1.2267208
1908.662,1.2265326
1909.248,1.2263443
1909.834,1.2261561
1910.42,1.2259681
1911.006,1.2257801
1911.592,1.2255923
1912.178,1.2254045
1912.764,1.2252167
1913.35,1.2250291
1913.936,1.2248416
1914.522,1.2246541
1915.108,1.2244668
1915.694,1.2242794
1916.28,1.2240922
1916.866,1.2239052
1917.452,1.2237182
1918.038,1.2235311
1918.624,1.2233443
1919.21,1.2231575
1919.796,1.2229708
1920.382,1.2227843
1920.968,1.2225978
1921.554,1.2224114
1922.14,1.2222251
1922.726,1.2220387
1923.312,1.2218527
1923.898,1.2216666
1924.484,1.2214805
1925.07,1.2212946
1925.656,1.2211088
1926.242,1.2209231
1926.828,1.2207375
1927.414,1.2205518
1928,1.2203664
1928.586,1.220181
1929.172,1.2199956
1929.758,1.2198104
1930.344,1.2196252
1930.93,1.2194401
1931.516,1.2192552
1932.102,1.2190703
1932.688,1.2188854
1933.274,1.2187008
1933.86,1.2185161
1934.446,1.2183316
1935.032,1.218147
1935.618,1.2179627
1936.204,1.2177783
1936.79,1.2175941
1937.376,1.21741
1937.962,1.2172259
1938.548,1.217042
1939.134,1.216858
1939.72,1.2166743
1940.306,1.2164905
1940.892,1.2163069
1941.478,1.2161233
1942.064,1.2159399
1942.65,1.2157565
1943.236,1.2155732
1943.822,1.21539
1944.408,1.2152069
1944.994,1.2150238
1945.58,1.2148408
1946.166,1.2146579
1946.752,1.2144752
1947.338,1.2142924
1947.924,1.2141097
1948.51,1.2139271
1949.096,1.2137446
1949.682,1.2135623
1950.268,1.21338
1950.854,1.2131977
1951.44,1.2130156
1952.026,1.2128335
1952.612,1.2126516
1953.198,1.2124697
1953.784,1.2122878
1954.37,1.2121061
1954.956,1.2119244
1955.542,1.2117429
1956.128,1.2115613
1956.714,1.21138
1957.3,1.2111986
1957.886,1.2110174
1958.472,1.2108362
1959.058,1.2106551
1959.644,1.2104741
1960.23,1.2102932
1960.816,1.2101123
1961.402,1.2099316
1961.988,1.2097509
1962.574,1.2095703
1963.16,1.2093898
1963.746,1.2092093
1964.332,1.209029
1964.918,1.2088487
1965.504,1.2086686
1966.09,1.2084885
1966.676,1.2083083
1967.262,1.2081285
1967.848,1.2079486
1968.434,1.2077688
1969.02,1.207589
1969.606,1.2074094
1970.192,1.20723
1970.778,1.2070504
1971.364,1.206871
1971.95,1.2066917
1972.536,1.2065125
1973.122,1.2063334
1973.708,1.2061543
1974.294,1.2059753
1974.88,1.2057964
1975.466,1.2056175
1976.052,1.2054389
1976.638,1.2052602
1977.224,1.2050816
1977.81,1.204903
1978.396,1.2047247
1978.982,1.2045462
1979.568,1.204368
1980.154,1.2041898
1980.74,1.2040117
1981.326,1.2038337
1981.912,1.2036557
1982.498,1.2034779
1983.084,1.2033
1983.67,1.2031223
1984.256,1.2029446
1984.842,1.2027671
1985.428,1.2025896
1986.014,1.2024122
1986.6,1.2022349
1987.186,1.2020577
1987.772,1.2018806
1988.358,1.2017034
1988.944,1.2015264
1989.53,1.2013495
1990.116,1.2011726
1990.702,1.2009958
1991.288,1.2008191
1991.874,1.2006426
1992.46,1.200466
1993.046,1.2002895
1993.632,1.2001132
1994.218,1.1999369
1994.804,1.1997607
1995.39,1.1995845
1995.976,1.1994084
1996.562,1.1992325
1997.148,1.1990565
1997.734,1.1988807
1998.32,1.1987048
1998.906,1.1985292
1999.492,1.1983536
2000.078,1.1981781
2000.664,1.1980026
2001.25,1.1978272
2001.836,1.197652
2002.422,1.1974767
2003.008,1.1973016
2003.594,1.1971265
2004.18,1.1969515
2004.766,1.1967766
2005.352,1.1966017
2005.938,1.1964271
2006.524,1.1962523
2007.11,1.1960778
2007.696,1.1959032
2008.282,1.1957288
2008.868,1.1955544
2009.454,1.1953801
2010.04,1.1952059
2010.626,1.1950318
2011.212,1.1948577
2011.798,1.1946837
2012.384,1.1945097
2012.97,1.1943359
2013.556,1.1941621
2014.142,1.1939884
2014.728,1.1938149
2015.314,1.1936413
2015.9,1.1934679
2016.486,1.1932945
2017.072,1.1931212
2017.658,1.192948
2018.244,1.1927748
2018.83,1.1926017
2019.416,1.1924287
2020.002,1.1922557
2020.588,1.192083
2021.174,1.1919101
2021.76,1.1917374
2022.346,1.1915648
2022.932,1.1913923
2023.518,1.1912198
2024.104,1.1910474
2024.69,1.1908751
2025.276,1.1907028
2025.862,1.1905307
2026.448,1.1903585
2027.034,1.1901865
2027.62,1.1900146
2028.206,1.1898427
2028.792,1.1896709
2029.378,1.1894991
2029.964,1.1893275
2030.55,1.1891559
2031.136,1.1889844
2031.722,1.188813
2032.308,1.1886417
2032.894,1.1884704
2033.48,1.1882992
2034.066,1.188128
2034.652,1.1879568
2035.238,1.1877857
2035.824,1.1876147
2036.41,1.1874439
2036.996,1.1872729
2037.582,1.1871022
2038.168,1.1869315
2038.754,1.1867609
2039.34,1.1865903
2039.926,1.1864198
2040.512,1.1862494
2041.098,1.186079
2041.684,1.1859088
2042.27,1.1857386
2042.856,1.1855686
2043.442,1.1853985
2044.028,1.1852285
2044.614,1.1850586
2045.2,1.1848888
2045.786,1.184719
2046.372,1.1845493
2046.958,1.1843797
2047.544,1.1842102
2048.13,1.1840408
2048.716,1.1838714
2049.302,1.183702
2049.888,1.1835328
2050.474,1.1833637
2051.06,1.1831945
2051.646,1.1830255
2052.232,1.1828566
2052.818,1.1826876
2053.404,1.182519
2053.99,1.1823502
2054.576,1.1821815
2055.162,1.1820129
2055.748,1.1818444
2056.334,1.1816759
2056.92,1.1815076
2057.506,1.1813393
2058.092,1.1811711
2058.678,1.181003
2059.264,1.1808349
2059.85,1.1806668
2060.436,1.1804988
2061.022,1.180331
2061.608,1.1801633
2062.194,1.1799955
2062.78,1.1798278
2063.366,1.1796602
2063.952,1.1794927
2064.538,1.1793253
2065.124,1.179158
2065.71,1.1789906
2066.296,1.1788235
2066.882,1.1786562
2067.468,1.1784892
2068.054,1.1783222
2068.64,1.1781553
2069.226,1.1779884
2069.812,1.1778215
2070.398,1.1776549
2070.984,1.1774882
2071.57,1.1773216
2072.156,1.1771551
2072.742,1.1769887
2073.328,1.1768223
2073.914,1.176656
2074.5,1.1764898
2075.086,1.1763237
2075.672,1.1761575
2076.258,1.1759915
2076.844,1.1758256
2077.43,1.1756597
2078.016,1.1754938
2078.602,1.1753281
2079.188,1.1751624
2079.774,1.1749969
2080.36,1.1748314
2080.946,1.1746659
2081.532,1.1745005
2082.118,1.1743352
2082.704,1.1741699
2083.29,1.1740048
2083.876,1.1738397
2084.462,1.1736746
2085.048,1.1735096
2085.634,1.1733447
2086.22,1.17318
2086.806,1.1730151
2087.392,1.1728505
2087.978,1.1726859
2088.564,1.1725214
2089.15,1.1723568
2089.736,1.1721925
2090.322,1.1720281
2090.908,1.1718638
2091.494,1.1716996
2092.08,1.1715355
2092.666,1.1713715
2093.252,1.1712074
2093.838,1.1710435
2094.424,1.1708796
2095.01,1.1707158
2095.596,1.1705521
2096.182,1.1703885
2096.768,1.1702249
2097.354,1.1700613
2097.94,1.1698979
2098.526,1.1697346
2099.112,1.1695713
2099.698,1.169408
2100.284,1.1692449
2100.87,1.1690818
2101.456,1.1689187
2102.042,1.1687558
2102.628,1.1685928
2103.214,1.16843
2103.8,1.1682673
2104.386,1.1681045
2104.972,1.1679419
2105.558,1.1677794
2106.144,1.167617
2106.73,1.1674545
2107.316,1.1672921
2107.902,1.1671299
2108.488,1.1669676
2109.074,1.1668055
2109.66,1.1666434
2110.246,1.1664814
2110.832,1.1663195
2111.418,1.1661576
2112.004,1.1659958
2112.59,1.1658341
2113.176,1.1656724
2113.762,1.1655108
2114.348,1.1653492
2114.934,1.1651877
2115.52,1.1650263
2116.106,1.164865
2116.692,1.1647037
2117.278,1.1645426
2117.864,1.1643814
2118.45,1.1642203
2119.036,1.1640593
2119.622,1.1638983
2120.208,1.1637375
2120.794,1.1635767
2121.38,1.163416
2121.966,1.1632553
2122.552,1.1630948
2123.138,1.1629342
2123.724,1.1627737
2124.31,1.1626133
2124.896,1.1624529
2125.482,1.1622927
2126.068,1.1621325
2126.654,1.1619724
2127.24,1.1618123
2127.826,1.1616523
2128.412,1.1614923
2128.998,1.1613325
2129.584,1.1611727
2130.17,1.161013
2130.756,1.1608533
2131.342,1.1606938
2131.928,1.1605341
2132.514,1.1603748
2133.1,1.1602153
2133.686,1.160056
2134.272,1.1598967
2134.858,1.1597375
2135.444,1.1595783
2136.03,1.1594193
2136.616,1.1592603
2137.202,1.1591014
2137.788,1.1589425
2138.374,1.1587836
2138.96,1.1586249
2139.546,1.1584662
2140.132,1.1583076
2140.718,1.158149
2141.304,1.1579905
2141.89,1.1578321
2142.476,1.1576737
2143.062,1.1575154
2143.648,1.1573572
2144.234,1.157199
2144.82,1.157041
2145.406,1.1568829
2145.992,1.1567249
2146.578,1.1565671
2147.164,1.1564093
2147.75,1.1562514
2148.336,1.1560938
2148.922,1.1559361
2149.508,1.1557785
2150.094,1.1556211
2150.68,1.1554636
2151.266,1.1553062
2151.852,1.1551489
2152.438,1.1549916
2153.024,1.1548345
2153.61,1.1546774
2154.196,1.1545203
2154.782,1.1543633
2155.368,1.1542063
2155.954,1.1540495
2156.54,1.1538926
2157.126,1.153736
2157.712,1.1535792
2158.298,1.1534227
2158.884,1.1532661
2159.47,1.1531097
2160.056,1.1529531
2160.642,1.1527969
2161.228,1.1526406
2161.814,1.1524843
2162.4,1.1523281
2162.986,1.1521721
2163.572,1.152016
2164.158,1.15186
2164.744,1.1517042
2165.33,1.1515483
2165.916,1.1513926
2166.502,1.1512368
2167.088,1.1510812
2167.674,1.1509255
2168.26,1.1507701
2168.846,1.1506146
2169.432,1.1504592
2170.018,1.1503038
2170.604,1.1501486
2171.19,1.1499933
2171.776,1.1498382
2172.362,1.1496831
2172.948,1.1495281
2173.534,1.1493732
2174.12,1.1492182
2174.706,1.1490635
2175.292,1.1489086
2175.878,1.148754
2176.464,1.1485993
2177.05,1.1484448
2177.636,1.1482902
2178.222,1.1481358
2178.808,1.1479814
2179.394,1.147827
2179.98,1.1476728
2180.566,1.1475185
2181.152,1.1473644
2181.738,1.1472104
2182.324,1.1470563
2182.91,1.1469023
2183.496,1.1467484
2184.082,1.1465946
2184.668,1.1464409
2185.254,1.1462872
2185.84,1.1461335
2186.426,1.1459799
2187.012,1.1458263
2187.598,1.1456729
2188.184,1.1455195
2188.77,1.1453662
2189.356,1.145213
2189.942,1.1450597
2190.528,1.1449065
2191.114,1.1447535
2191.7,1.1446005
2192.286,1.1444476
2192.872,1.1442946
2193.458,1.1441418
2194.044,1.143989
2194.63,1.1438363
2195.216,1.1436836
2195.802,1.1435311
2196.388,1.1433785
2196.974,1.143226
2197.56,1.1430736
2198.146,1.1429213
2198.732,1.142769
2199.318,1.1426167
2199.904,1.1424646
2200.49,1.1423124
2201.076,1.1421604
2201.662,1.1420084
2202.248,1.1418566
2202.834,1.1417047
2203.42,1.1415528
2204.006,1.1414011
2204.592,1.1412494
2205.178,1.1410978
2205.764,1.1409463
2206.35,1.1407948
2206.936,1.1406434
2207.522,1.140492
2208.108,1.1403407
2208.694,1.1401894
2209.28,1.1400383
2209.866,1.1398871
2210.452,1.1397359
2211.038,1.139585
2211.624,1.139434
2212.21,1.1392832
2212.796,1.1391324
2213.382,1.1389816
2213.968,1.1388309
2214.554,1.1386802
2215.14,1.1385295
2215.726,1.1383791
2216.312,1.1382287
2216.898,1.1380782
2217.484,1.1379279
2218.07,1.1377776
2218.656,1.1376274
2219.242,1.1374772
2219.828,1.1373271
2220.414,1.137177
2221,1.137027
2221.586,1.1368771
2222.172,1.1367272
2222.758,1.1365774
2223.344,1.1364276
2223.93,1.1362779
2224.516,1.1361283
2225.102,1.1359787
2225.688,1.1358292
2226.274,1.1356798
2226.86,1.1355304
2227.446,1.135381
2228.032,1.1352317
2228.618,1.1350826
2229.204,1.1349335
2229.79,1.1347843
2230.376,1.1346352
2230.962,1.1344863
2231.548,1.1343373
2232.134,1.1341885
2232.72,1.1340398
2233.306,1.133891
2233.892,1.1337423
2234.478,1.1335937
2235.064,1.1334451
2235.65,1.1332966
2236.236,1.1331481
2236.822,1.1329998
2237.408,1.1328514
2237.994,1.1327031
2238.58,1.1325549
2239.166,1.1324067
2239.752,1.1322587
2240.338,1.1321106
2240.924,1.1319627
2241.51,1.1318147
2242.096,1.1316668
2242.682,1.1315191
2243.268,1.1313713
2243.854,1.1312236
2244.44,1.131076
2245.026,1.1309284
2245.612,1.1307809
2246.198,1.1306334
2246.784,1.130486
2247.37,1.1303387
2247.956,1.1301914
2248.542,1.1300442
2249.128,1.129897
2249.714,1.1297499
2250.3,1.1296029
2250.886,1.1294558
2251.472,1.1293089
2252.058,1.1291621
2252.644,1.1290152
2253.23,1.1288685
2253.816,1.1287217
2254.402,1.1285751
2254.988,1.1284286
2255.574,1.128282
2256.16,1.1281356
2256.746,1.1279891
2257.332,1.1278428
2257.918,1.1276964
2258.504,1.1275502
2259.09,1.127404
2259.676,1.1272579
2260.262,1.1271118
2260.848,1.1269658
2261.434,1.1268198
2262.02,1.1266739
2262.606,1.1265279
2263.192,1.126382
2263.778,1.1262362
2264.364,1.1260904
2264.95,1.1259446
2265.536,1.1257989
2266.122,1.1256533
2266.708,1.1255078
2267.294,1.1253623
2267.88,1.1252168
2268.466,1.1250714
2269.052,1.1249261
2269.638,1.1247808
2270.224,1.1246356
2270.81,1.1244904
2271.396,1.1243452
2271.982,1.1242002
2272.568,1.1240551
2273.154,1.1239103
2273.74,1.1237653
2274.326,1.1236205
2274.912,1.1234758
2275.498,1.123331
2276.084,1.1231863
2276.67,1.1230417
2277.256,1.1228971
2277.842,1.1227527
2278.428,1.1226082
2279.014,1.1224639
2279.6,1.1223196
2280.186,1.1221752
2280.772,1.1220311
2281.358,1.1218868
2281.944,1.1217428
2282.53,1.1215987
2283.116,1.1214547
2283.702,1.1213108
2284.288,1.1211669
2284.874,1.1210231
2285.46,1.1208793
2286.046,1.1207355
2286.632,1.120592
2287.218,1.1204484
2287.804,1.1203048
2288.39,1.1201613
2288.976,1.1200179
2289.562,1.1198745
2290.148,1.1197312
2290.734,1.1195879
2291.32,1.1194446
2291.906,1.1193014
2292.492,1.1191584
2293.078,1.1190153
2293.664,1.1188724
2294.25,1.1187294
2294.836,1.1185865
2295.422,1.1184437
2296.008,1.1183009
2296.594,1.1181582
2297.18,1.1180155
2297.766,1.117873
2298.352,1.1177304
2298.938,1.1175878
2299.524,1.1174453
2300.11,1.117303
2300.696,1.1171607
2301.282,1.1170183
2301.868,1.1168761
2302.454,1.116734
2303.04,1.1165919
2303.626,1.1164498
2304.212,1.1163079
2304.798,1.1161659
2305.384,1.1160239
2305.97,1.115882
2306.556,1.1157403
2307.142,1.1155986
2307.728,1.1154569
2308.314,1.1153153
2308.9,1.1151737
2309.486,1.1150322
2310.072,1.1148907
2310.658,1.1147493
2311.244,1.1146079
2311.83,1.1144667
2312.416,1.1143254
2313.002,1.1141841
2313.588,1.114043
2314.174,1.113902
2314.76,1.1137609
2315.346,1.1136199
2315.932,1.113479
2316.518,1.1133381
2317.104,1.1131973
2317.69,1.1130565
2318.276,1.1129159
2318.862,1.1127752
2319.448,1.1126347
2320.034,1.1124941
2320.62,1.1123536
2321.206,1.1122131
2321.792,1.1120727
2322.378,1.1119324
2322.964,1.1117921
2323.55,1.1116519
2324.136,1.1115117
2324.722,1.1113715
2325.308,1.1112316
2325.894,1.1110915
2326.48,1.1109515
2327.066,1.1108116
2327.652,1.1106718
2328.238,1.1105319
2328.824,1.1103922
2329.41,1.1102525
2329.996,1.1101129
2330.582,1.1099733
2331.168,1.1098337
2331.754,1.1096942
2332.34,1.1095549
2332.926,1.1094154
2333.512,1.1092762
2334.098,1.1091368
2334.684,1.1089977
2335.27,1.1088585
2335.856,1.1087193
2336.442,1.1085802
2337.028,1.1084414
2337.614,1.1083024
2338.2,1.1081635
2338.786,1.1080246
2339.372,1.1078858
2339.958,1.1077471
2340.544,1.1076083
2341.13,1.1074697
2341.716,1.1073312
2342.302,1.1071925
2342.888,1.1070541
2343.474,1.1069157
2344.06,1.1067773
2344.646,1.1066389
2345.232,1.1065007
2345.818,1.1063625
2346.404,1.1062243
2346.99,1.1060861
2347.576,1.1059481
2348.162,1.10581
2348.748,1.1056721
2349.334,1.1055342
2349.92,1.1053964
2350.506,1.1052586
2351.092,1.1051208
2351.678,1.1049831
2352.264,1.1048455
2352.85,1.1047078
2353.436,1.1045703
2354.022,1.1044328
2354.608,1.1042954
2355.194,1.104158
2355.78,1.1040207
2356.366,1.1038834
2356.952,1.1037462
2357.538,1.103609
2358.124,1.1034719
2358.71,1.1033348
2359.296,1.1031977
2359.882,1.1030607
2360.468,1.1029238
2361.054,1.1027869
2361.64,1.10265
2362.226,1.1025133
2362.812,1.1023766
2363.398,1.10224
2363.984,1.1021034
2364.57,1.1019667
2365.156,1.1018302
2365.742,1.1016937
2366.328,1.1015574
2366.914,1.101421
2367.5,1.1012846
2368.086,1.1011484
2368.672,1.1010122
2369.258,1.1008761
2369.844,1.10074
2370.43,1.1006038
2371.016,1.1004679
2371.602,1.1003319
2372.188,1.100196
2372.774,1.1000601
2373.36,1.0999243
2373.946,1.0997887
2374.532,1.0996529
2375.118,1.0995172
2375.704,1.0993817
2376.29,1.0992461
2376.876,1.0991106
2377.462,1.0989752
2378.048,1.0988398
2378.634,1.0987045
2379.22,1.0985692
2379.806,1.0984339
2380.392,1.0982987
2380.978,1.0981635
2381.564,1.0980284
2382.15,1.0978934
2382.736,1.0977584
2383.322,1.0976235
2383.908,1.0974885
2384.494,1.0973537
2385.08,1.0972189
2385.666,1.0970842
2386.252,1.0969495
2386.838,1.0968148
2387.424,1.0966802
2388.01,1.0965457
2388.596,1.0964112
2389.182,1.0962768
2389.768,1.0961423
2390.354,1.0960079
2390.94,1.0958737
2391.526,1.0957395
2392.112,1.0956053
2392.698,1.0954711
2393.284,1.095337
2393.87,1.0952029
2394.456,1.0950689
2395.042,1.0949351
2395.628,1.0948011
2396.214,1.0946673
2396.8,1.0945334
2397.386,1.0943997
2397.972,1.0942661
2398.558,1.0941324
2399.144,1.0939988
2399.73,1.0938653
2400.316,1.0937318
2400.902,1.0935982
2401.488,1.0934649
2402.074,1.0933315
2402.66,1.0931982
2403.246,1.0930649
2403.832,1.0929317
2404.418,1.0927986
2405.004,1.0926654
2405.59,1.0925324
2406.176,1.0923994
2406.762,1.0922664
2407.348,1.0921335
2407.934,1.0920006
2408.52,1.0918679
2409.106,1.0917351
2409.692,1.0916023
2410.278,1.0914696
2410.864,1.0913371
2411.45,1.0912045
2412.036,1.091072
2412.622,1.0909395
2413.208,1.0908071
2413.794,1.0906746
2414.38,1.0905424
2414.966,1.0904101
2415.552,1.0902779
2416.138,1.0901457
2416.724,1.0900136
2417.31,1.0898815
2417.896,1.0897495
2418.482,1.0896175
2419.068,1.0894855
2419.654,1.0893537
2420.24,1.0892218
2420.826,1.08909
2421.412,1.0889583
2421.998,1.0888265
2422.584,1.0886949
2423.17,1.0885633
2423.756,1.0884317
2424.342,1.0883002
2424.928,1.0881689
2425.514,1.0880374
2426.1,1.087906
2426.686,1.0877748
2427.272,1.0876435
2427.858,1.0875123
2428.444,1.0873811
2429.03,1.08725
2429.616,1.0871189
2430.202,1.0869879
2430.788,1.086857
2431.374,1.086726
2431.96,1.0865951
2432.546,1.0864643
2433.132,1.0863335
2433.718,1.0862027
2434.304,1.0860721
2434.89,1.0859414
2435.476,1.0858108
2436.062,1.0856802
2436.648,1.0855498
2437.234,1.0854193
2437.82,1.0852889
2438.406,1.0851586
2438.992,1.0850283
2439.578,1.084898
2440.164,1.0847678
2440.75,1.0846376
2441.336,1.0845075
2441.922,1.0843774
2442.508,1.0842474
2443.094,1.0841174
2443.68,1.0839875
2444.266,1.0838577
2444.852,1.0837278
2445.438,1.083598
2446.024,1.0834682
2446.61,1.0833385
2447.196,1.0832089
2447.782,1.0830793
2448.368,1.0829498
2448.954,1.0828202
2449.54,1.0826907
2450.126,1.0825614
2450.712,1.082432
2451.298,1.0823027
2451.884,1.0821733
2452.47,1.0820441
2453.056,1.081915
2453.642,1.0817859
2454.228,1.0816568
2454.814,1.0815277
2455.4,1.0813986
2455.986,1.0812695
2456.572,1.0811405
2457.158,1.0810115
2457.744,1.0808825
2458.33,1.0807537
2458.916,1.0806248
2459.502,1.080496
2460.088,1.0803672
2460.674,1.0802386
2461.26,1.0801098
2461.846,1.0799812
2462.432,1.0798527
2463.018,1.0797242
2463.604,1.0795957
2464.19,1.0794672
2464.776,1.0793388
2465.362,1.0792105
2465.948,1.0790821
2466.534,1.078954
2467.12,1.0788257
2467.706,1.0786976
2468.292,1.0785694
2468.878,1.0784414
2469.464,1.0783134
2470.05,1.0781854
2470.636,1.0780574
2471.222,1.0779296
2471.808,1.0778017
2472.394,1.0776739
2472.98,1.0775462
2473.566,1.0774186
2474.152,1.0772908
2474.738,1.0771632
2475.324,1.0770357
2475.91,1.0769081
2476.496,1.0767807
2477.082,1.0766532
2477.668,1.0765259
2478.254,1.0763985
2478.84,1.0762713
2479.426,1.076144
2480.012,1.0760168
2480.598,1.0758896
2481.184,1.0757625
2481.77,1.0756354
2482.356,1.0755085
2482.942,1.0753815
2483.528,1.0752546
2484.114,1.0751277
2484.7,1.0750009
2485.286,1.074874
2485.872,1.0747473
2486.458,1.0746206
2487.044,1.074494
2487.63,1.0743674
2488.216,1.0742408
2488.802,1.0741143
2489.388,1.0739878
2489.974,1.0738614
2490.56,1.073735
2491.146,1.0736086
2491.732,1.0734824
2492.318,1.0733562
2492.904,1.0732299
2493.49,1.0731038
2494.076,1.0729777
2494.662,1.0728515
2495.248,1.0727255
2495.834,1.0725995
2496.42,1.0724736
2497.006,1.0723478
2497.592,1.0722219
2498.178,1.0720961
2498.764,1.0719703
2499.35,1.0718447
2499.936,1.0717189
2500.522,1.0715934
2501.108,1.0714678
2501.694,1.0713422
2502.28,1.0712167
2502.866,1.0710913
2503.452,1.0709659
2504.038,1.0708406
2504.624,1.0707153
2505.21,1.07059
2505.796,1.0704647
2506.382,1.0703396
2506.968,1.0702145
2507.554,1.0700893
2508.14,1.0699643
2508.726,1.0698394
2509.312,1.0697144
2509.898,1.0695895
2510.484,1.0694646
2511.07,1.0693398
2511.656,1.0692151
2512.242,1.0690902
2512.828,1.0689656
2513.414,1.068841
2514,1.0687164
2514.586,1.0685918
2515.172,1.0684673
2515.758,1.0683428
2516.344,1.0682184
2516.93,1.068094
2517.516,1.0679697
2518.102,1.0678453
2518.688,1.0677211
2519.274,1.0675969
2519.86,1.0674727
2520.446,1.0673486
2521.032,1.0672245
2521.618,1.0671005
2522.204,1.0669765
2522.79,1.0668526
2523.376,1.0667287
2523.962,1.0666049
2524.548,1.066481
2525.134,1.0663573
2525.72,1.0662335
2526.306,1.0661098
2526.892,1.0659862
2527.478,1.0658625
2528.064,1.065739
2528.65,1.0656155
2529.236,1.065492
2529.822,1.0653687
2530.408,1.0652453
2530.994,1.0651219
2531.58,1.0649986
2532.166,1.0648754
2532.752,1.0647522
2533.338,1.064629
2533.924,1.0645059
2534.51,1.0643828
2535.096,1.0642598
2535.682,1.0641367
2536.268,1.0640138
2536.854,1.0638909
2537.44,1.0637681
2538.026,1.0636452
2538.612,1.0635226
2539.198,1.0633998
2539.784,1.0632771
2540.37,1.0631545
2540.956,1.0630318
2541.542,1.0629092
2542.128,1.0627867
2542.714,1.0626643
2543.3,1.0625418
2543.886,1.0624194
2544.472,1.0622971
2545.058,1.0621748
2545.644,1.0620526
2546.23,1.0619303
2546.816,1.0618081
2547.402,1.061686
2547.988,1.061564
2548.574,1.0614419
2549.16,1.0613198
2549.746,1.061198
2550.332,1.061076
2550.918,1.0609541
2551.504,1.0608323
2552.09,1.0607105
2552.676,1.0605887
2553.262,1.060467
2553.848,1.0603454
2554.434,1.0602237
2555.02,1.0601022
2555.606,1.0599806
2556.192,1.0598592
2556.778,1.0597377
2557.364,1.0596163
2557.95,1.059495
2558.536,1.0593736
2559.122,1.0592523
2559.708,1.059131
2560.294,1.0590099
2560.88,1.0588887
2561.466,1.0587676
2562.052,1.0586466
2562.638,1.0585254
2563.224,1.0584046
2563.81,1.0582836
2564.396,1.0581627
2564.982,1.0580418
2565.568,1.0579209
2566.154,1.0578002
2566.74,1.0576794
2567.326,1.0575588
2567.912,1.0574381
2568.498,1.0573175
2569.084,1.0571969
2569.67,1.0570763
2570.256,1.0569559
2570.842,1.0568354
2571.428,1.056715
2572.014,1.0565947
2572.6,1.0564744
2573.186,1.056354
2573.772,1.0562339
2574.358,1.0561136
2574.944,1.0559936
2575.53,1.0558734
2576.116,1.0557534
2576.702,1.0556333
2577.288,1.0555133
2577.874,1.0553933
2578.46,1.0552734
2579.046,1.0551536
2579.632,1.0550338
2580.218,1.054914
2580.804,1.0547942
2581.39,1.0546745
2581.976,1.0545549
2582.562,1.0544353
2583.148,1.0543157
2583.734,1.0541961
2584.32,1.0540767
2584.906,1.0539572
2585.492,1.0538378
2586.078,1.0537184
2586.664,1.0535991
2587.25,1.0534798
2587.836,1.0533606
2588.422,1.0532414
2589.008,1.0531223
2589.594,1.0530031
2590.18,1.052884
2590.766,1.0527649
2591.352,1.0526459
2591.938,1.0525271
2592.524,1.0524081
2593.11,1.0522892
2593.696,1.0521704
2594.282,1.0520515
2594.868,1.0519328
2595.454,1.0518141
2596.04,1.0516955
2596.626,1.0515767
2597.212,1.0514582
2597.798,1.0513396
2598.384,1.0512211
2598.97,1.0511026
2599.556,1.0509843
2600.142,1.0508659
2600.728,1.0507475
2601.314,1.0506291
2601.9,1.0505109
2602.486,1.0503927
2603.072,1.0502745
2603.658,1.0501564
2604.244,1.0500382
2604.83,1.0499202
2605.416,1.0498022
2606.002,1.0496842
2606.588,1.0495663
2607.174,1.0494484
2607.76,1.0493305
2608.346,1.0492127
2608.932,1.0490949
2609.518,1.0489771
2610.104,1.0488595
2610.69,1.0487418
2611.276,1.0486242
2611.862,1.0485066
2612.448,1.0483891
2613.034,1.0482715
2613.62,1.0481541
2614.206,1.0480367
2614.792,1.0479193
2615.378,1.047802
2615.964,1.0476846
2616.55,1.0475674
2617.136,1.0474502
2617.722,1.0473329
2618.308,1.0472158
2618.894,1.0470986
2619.48,1.0469817
2620.066,1.0468646
2620.652,1.0467477
2621.238,1.0466307
2621.824,1.0465138
2622.41,1.046397
2622.996,1.04628
2623.582,1.0461633
2624.168,1.0460466
2624.754,1.0459299
2625.34,1.0458132
2625.926,1.0456966
2626.512,1.0455799
2627.098,1.0454634
2627.684,1.0453469
2628.27,1.0452305
2628.856,1.045114
2629.442,1.0449977
2630.028,1.0448813
2630.614,1.044765
2631.2,1.0446488
2631.786,1.0445325
2632.372,1.0444163
2632.958,1.0443002
2633.544,1.044184
2634.13,1.044068
2634.716,1.0439517
2635.302,1.0438355
2635.888,1.0437193
2636.474,1.0436032
2637.06,1.0434872
2637.646,1.0433711
2638.232,1.0432551
2638.818,1.0431391
2639.404,1.0430232
2639.99,1.0429074
2640.576,1.0427916
2641.162,1.0426757
2641.748,1.04256
2642.334,1.0424442
2642.92,1.0423286
2643.506,1.042213
2644.092,1.0420973
2644.678,1.0419818
2645.264,1.0418663
2645.85,1.0417508
2646.436,1.0416354
2647.022,1.0415199
2647.608,1.0414046
2648.194,1.0412892
2648.78,1.0411739
2649.366,1.0410588
2649.952,1.0409435
2650.538,1.0408283
2651.124,1.0407132
2651.71,1.0405982
2652.296,1.0404831
2652.882,1.0403681
2653.468,1.0402532
2654.054,1.0401382
2654.64,1.0400233
2655.226,1.0399085
2655.812,1.0397937
2656.398,1.0396789
2656.984,1.0395641
2657.57,1.0394495
2658.156,1.0393349
2658.742,1.0392202
2659.328,1.0391057
2659.914,1.0389912
2660.5,1.0388767
2661.086,1.0387622
2661.672,1.0386478
2662.258,1.0385334
2662.844,1.0384191
2663.43,1.0383048
2664.016,1.0381905
2664.602,1.0380763
2665.188,1.0379621
2665.774,1.037848
2666.36,1.0377339
2666.946,1.0376198
2667.532,1.0375057
2668.118,1.0373918
2668.704,1.0372778
2669.29,1.037164
2669.876,1.0370501
2670.462,1.0369363
2671.048,1.0368224
2671.634,1.0367087
2672.22,1.036595
2672.806,1.0364814
2673.392,1.0363677
2673.978,1.036254
2674.564,1.0361406
2675.15,1.036027
2675.736,1.0359135
2676.322,1.0358001
2676.908,1.0356866
2677.494,1.0355732
2678.08,1.03546
2678.666,1.0353467
2679.252,1.0352335
2679.838,1.0351202
2680.424,1.0350071
2681.01,1.034894
2681.596,1.0347809
2682.182,1.0346677
2682.768,1.0345547
2683.354,1.0344418
2683.94,1.0343288
2684.526,1.0342159
2685.112,1.034103
2685.698,1.0339903
2686.284,1.0338774
2686.87,1.0337646
2687.456,1.0336519
2688.042,1.0335393
2688.628,1.0334266
2689.214,1.0333141
2689.8,1.0332015
2690.386,1.0330889
2690.972,1.0329765
2691.558,1.032864
2692.144,1.0327516
2692.73,1.0326393
2693.316,1.032527
2693.902,1.0324146
2694.488,1.0323024
2695.074,1.0321902
2695.66,1.0320779
2696.246,1.0319659
2696.832,1.0318537
2697.418,1.0317416
2698.004,1.0316296
2698.59,1.0315176
2699.176,1.0314057
2699.762,1.0312937
2700.348,1.0311818
2700.934,1.03107
2701.52,1.0309582
2702.106,1.0308465
2702.692,1.0307347
2703.278,1.030623
2703.864,1.0305114
2704.45,1.0303997
2705.036,1.0302882
2705.622,1.0301766
2706.208,1.0300651
2706.794,1.0299536
2707.38,1.0298423
2707.966,1.0297308
2708.552,1.0296195
2709.138,1.0295081
2709.724,1.0293969
2710.31,1.0292857
2710.896,1.0291744
2711.482,1.0290632
2712.068,1.0289521
2712.654,1.028841
2713.24,1.0287299
2713.826,1.0286189
2714.412,1.0285079
2714.998,1.028397
2715.584,1.0282861
2716.17,1.0281752
2716.756,1.0280644
2717.342,1.0279536
2717.928,1.0278428
2718.514,1.0277321
2719.1,1.0276214
2719.686,1.0275108
2720.272,1.0274001
2720.858,1.0272895
2721.444,1.027179
2722.03,1.0270685
2722.616,1.026958
2723.202,1.0268476
2723.788,1.0267372
2724.374,1.0266269
2724.96,1.0265166
2725.546,1.0264063
2726.132,1.026296
2726.718,1.0261859
2727.304,1.0260756
2727.89,1.0259656
2728.476,1.0258554
2729.062,1.0257454
2729.648,1.0256354
2730.234,1.0255253
2730.82,1.0254154
2731.406,1.0253055
2731.992,1.0251956
2732.578,1.0250857
2733.164,1.0249759
2733.75,1.0248662
2734.336,1.0247564
2734.922,1.0246468
2735.508,1.0245371
2736.094,1.0244274
2736.68,1.0243179
2737.266,1.0242083
2737.852,1.0240988
2738.438,1.0239893
2739.024,1.0238799
2739.61,1.0237705
2740.196,1.0236611
2740.782,1.0235517
2741.368,1.0234425
2741.954,1.0233332
2742.54,1.023224
2743.126,1.0231148
2743.712,1.0230056
2744.298,1.0228965
2744.884,1.0227875
2745.47,1.0226784
2746.056,1.0225693
2746.642,1.0224603
2747.228,1.0223515
2747.814,1.0222424
2748.4,1.0221334
2748.986,1.0220243
2749.572,1.0219153
2750.158,1.0218062
2750.744,1.0216973
2751.33,1.0215884
2751.916,1.0214795
2752.502,1.0213708
2753.088,1.0212619
2753.674,1.0211531
2754.26,1.0210444
2754.846,1.0209357
2755.432,1.0208271
2756.018,1.0207185
2756.604,1.0206099
2757.19,1.0205013
2757.776,1.0203928
2758.362,1.0202843
2758.948,1.0201758
2759.534,1.0200673
2760.12,1.019959
2760.706,1.0198506
2761.292,1.0197424
2761.878,1.0196341
2762.464,1.0195258
2763.05,1.0194176
2763.636,1.0193095
2764.222,1.0192014
2764.808,1.0190933
2765.394,1.0189853
2765.98,1.0188771
2766.566,1.0187693
2767.152,1.0186613
2767.738,1.0185534
2768.324,1.0184455
2768.91,1.0183376
2769.496,1.0182298
2770.082,1.018122
2770.668,1.0180143
2771.254,1.0179065
2771.84,1.0177989
2772.426,1.0176913
2773.012,1.0175836
2773.598,1.0174761
2774.184,1.0173686
2774.77,1.017261
2775.356,1.0171536
2775.942,1.0170462
2776.528,1.0169388
2777.114,1.0168314
2777.7,1.0167241
2778.286,1.0166168
2778.872,1.0165095
2779.458,1.0164024
2780.044,1.0162952
2780.63,1.016188
2781.216,1.016081
2781.802,1.0159739
2782.388,1.0158668
2782.974,1.0157598
2783.56,1.0156529
2784.146,1.0155458
2784.732,1.015439
2785.318,1.0153321
2785.904,1.0152253
2786.49,1.0151185
2787.076,1.0150118
2787.662,1.014905
2788.248,1.0147983
2788.834,1.0146917
2789.42,1.014585
2790.006,1.0144784
2790.592,1.0143719
2791.178,1.0142654
2791.764,1.0141588
2792.35,1.0140524
2792.936,1.0139461
2793.522,1.0138396
2794.108,1.0137333
2794.694,1.0136269
2795.28,1.0135207
2795.866,1.0134145
2796.452,1.0133083
2797.038,1.0132021
2797.624,1.0130959
2798.21,1.0129898
2798.796,1.0128838
2799.382,1.0127777
2799.968,1.0126717
2800.554,1.0125657
2801.14,1.0124598
2801.726,1.0123539
2802.312,1.012248
2802.898,1.0121422
2803.484,1.0120363
2804.07,1.0119306
2804.656,1.011825
2805.242,1.0117192
2805.828,1.0116135
2806.414,1.0115079
2807,1.0114022
2807.586,1.0112967
2808.172,1.0111912
2808.758,1.0110857
2809.344,1.0109802
2809.93,1.0108749
2810.516,1.0107695
2811.102,1.0106641
2811.688,1.0105588
2812.274,1.0104535
2812.86,1.0103482
2813.446,1.0102431
2814.032,1.0101378
2814.618,1.0100327
2815.204,1.0099275
2815.79,1.0098225
2816.376,1.0097173
2816.962,1.0096124
2817.548,1.0095074
2818.134,1.0094024
2818.72,1.0092975
2819.306,1.0091926
2819.892,1.0090878
2820.478,1.008983
2821.064,1.0088782
2821.65,1.0087734
2822.236,1.0086687
2822.822,1.008564
2823.408,1.0084594
2823.994,1.0083548
2824.58,1.0082501
2825.166,1.0081456
2825.752,1.0080411
2826.338,1.0079366
2826.924,1.0078322
2827.51,1.0077277
2828.096,1.0076233
2828.682,1.007519
2829.268,1.0074147
2829.854,1.0073104
2830.44,1.0072062
2831.026,1.007102
2831.612,1.0069978
2832.198,1.0068936
2832.784,1.0067896
2833.37,1.0066855
2833.956,1.0065814
2834.542,1.0064774
2835.128,1.0063734
2835.714,1.0062695
2836.3,1.0061655
2836.886,1.0060617
2837.472,1.0059577
2838.058,1.005854
2838.644,1.0057502
2839.23,1.0056465
2839.816,1.0055426
2840.402,1.005439
2840.988,1.0053353
2841.574,1.0052317
2842.16,1.0051281
2842.746,1.0050246
2843.332,1.0049211
2843.918,1.0048176
2844.504,1.0047141
2845.09,1.0046107
2845.676,1.0045073
2846.262,1.0044039
2846.848,1.0043006
2847.434,1.0041974
2848.02,1.004094
2848.606,1.0039909
2849.192,1.0038877
2849.778,1.0037845
2850.364,1.0036813
2850.95,1.0035782
2851.536,1.0034752
2852.122,1.0033722
2852.708,1.0032692
2853.294,1.0031662
2853.88,1.0030633
2854.466,1.0029603
2855.052,1.0028574
2855.638,1.0027547
2856.224,1.0026518
2856.81,1.0025491
2857.396,1.0024463
2857.982,1.0023437
2858.568,1.002241
2859.154,1.0021384
2859.74,1.0020357
2860.326,1.0019331
2860.912,1.0018306
2861.498,1.0017281
2862.084,1.0016255
2862.67,1.0015231
2863.256,1.0014207
2863.842,1.0013183
2864.428,1.0012161
2865.014,1.0011137
2865.6,1.0010114
2866.186,1.0009091
2866.772,1.0008069
2867.358,1.0007048
2867.944,1.0006025
2868.53,1.0005004
2869.116,1.0003984
2869.702,1.0002962
2870.288,1.0001942
2870.874,1.0000923
2871.46,0.99999028
2872.046,0.99988836
2872.632,0.99978644
2873.218,0.99968457
2873.804,0.99958277
2874.39,0.99948096
2874.976,0.99937916
2875.562,0.99927741
2876.148,0.99917573
2876.734,0.99907404
2877.32,0.99897236
2877.906,0.99887079
2878.492,0.99876916
2879.078,0.99866766
2879.664,0.99856609
2880.25,0.99846464
2880.836,0.99836314
2881.422,0.99826163
2882.008,0.99816006
2882.594,0.9980585
2883.18,0.99795699
2883.766,0.99785548
2884.352,0.99775404
2884.938,0.99765259
2885.524,0.9975512
2886.11,0.99744987
2886.696,0.99734855
2887.282,0.99724722
2887.868,0.99714595
2888.454,0.99704468
2889.04,0.99694347
2889.626,0.99684232
2890.212,0.99674118
2890.798,0.99664009
2891.384,0.996539
2891.97,0.99643797
2892.556,0.99633688
2893.142,0.99623591
2893.728,0.99613494
2894.314,0.99603403
2894.9,0.99593312
2895.486,0.99583232
2896.072,0.99573147
2896.658,0.99563062
2897.244,0.99552989
2897.83,0.99542916
2898.416,0.99532849
2899.002,0.99522775
2899.588,0.99512714
2900.174,0.99502653
2900.76,0.99492598
2901.346,0.99482536
2901.932,0.99472487
2902.518,0.99462438
2903.104,0.99452394
2903.69,0.99442351
2904.276,0.99432313
2904.862,0.99422276
2905.448,0.99412245
2906.034,0.99402213
2906.62,0.99392188
2907.206,0.99382162
2907.792,0.99372143
2908.378,0.99362123
2908.964,0.99352109
2909.55,0.99342102
2910.136,0.99332094
2910.722,0.99322087
2911.308,0.99312085
2911.894,0.99302083
2912.48,0.99292088
2913.066,0.99282098
2913.652,0.99272108
2914.238,0.99262124
2914.824,0.99252141
2915.41,0.99242157
2915.996,0.99232179
2916.582,0.99222207
2917.168,0.99212235
2917.754,0.99202269
2918.34,0.99192303
2918.926,0.99182338
2919.512,0.99172378
2920.098,0.9916243
2920.684,0.9915247
2921.27,0.99142522
2921.856,0.99132574
2922.442,0.99122632
2923.028,0.99112695
2923.614,0.99102753
2924.2,0.99092817
2924.786,0.99082887
2925.372,0.99072957
2925.958,0.99063033
2926.544,0.99053115
2927.13,0.9904319
2927.716,0.99033278
2928.302,0.99023366
2928.888,0.99013454
2929.474,0.99003553
2930.06,0.98993647
2930.646,0.98983747
2931.232,0.98973846
2931.818,0.98963952
2932.404,0.98954058
2932.99,0.98944169
2933.576,0.98934287
2934.162,0.98924404
2934.748,0.98914522
2935.334,0.98904645
2935.92,0.98894775
2936.506,0.98884904
2937.092,0.98875034
2937.678,0.98865175
2938.264,0.98855311
2938.85,0.98845452
2939.436,0.98835599
2940.022,0.98825747
2940.608,0.988159
2941.194,0.98806047
2941.78,0.98796207
2942.366,0.98786366
2942.952,0.98776525
2943.538,0.9876669
2944.124,0.98756862
2944.71,0.98747033
2945.296,0.9873721
2945.882,0.98727387
2946.468,0.9871757
2947.054,0.98707753
2947.64,0.98697937
2948.226,0.98688132
2948.812,0.98678321
2949.398,0.98668516
2949.984,0.98658711
2950.57,0.98648918
2951.156,0.98639119
2951.742,0.98629326
2952.328,0.98619539
2952.914,0.98609751
2953.5,0.9859997
2954.086,0.98590189
2954.672,0.98580408
2955.258,0.98570633
2955.844,0.98560864
2956.43,0.985511
2957.016,0.98541331
2957.602,0.98531568
2958.188,0.98521811
2958.774,0.98512053
2959.36,0.98502302
2959.946,0.98492545
2960.532,0.984828
2961.118,0.98473054
2961.704,0.98463309
2962.29,0.98453569
2962.876,0.98443842
2963.462,0.98434103
2964.048,0.98424375
2964.634,0.98414648
2965.22,0.98404926
2965.806,0.98395205
2966.392,0.98385483
2966.978,0.98375767
2967.564,0.98366058
2968.15,0.98356342
2968.736,0.98346639
2969.322,0.98336935
2969.908,0.98327231
2970.494,0.9831754
2971.08,0.98307842
2971.666,0.9829815
2972.252,0.98288465
2972.838,0.98278779
2973.424,0.98269093
2974.01,0.98259413
2974.596,0.98249733
2975.182,0.9824006
2975.768,0.98230392
2976.354,0.98220724
2976.94,0.98211056
2977.526,0.98201394
2978.112,0.98191732
2978.698,0.98182076
2979.284,0.98172426
2979.87,0.9816277
2980.456,0.98153126
2981.042,0.98143476
2981.628,0.98133838
2982.214,0.98124194
2982.8,0.98114562
2983.386,0.98104924
2983.972,0.98095292
2984.558,0.98085666
2985.144,0.98076046
2985.73,0.98066419
2986.316,0.98056799
2986.902,0.98047185
2987.488,0.98037571
2988.074,0.98027962
2988.66,0.98018354
2989.246,0.98008746
2989.832,0.9799915
2990.418,0.97989547
2991.004,0.97979951
2991.59,0.97970355
2992.176,0.97960764
2992.762,0.9795118
2993.348,0.97941595
2993.934,0.97932017
2994.52,0.97922438
2995.106,0.9791286
2995.692,0.97903287
2996.278,0.97893715
2996.864,0.97884148
2997.45,0.97874588
2998.036,0.97865021
2998.622,0.97855467
2999.208,0.97845906
2999.794,0.97836351
3000.38,0.97826809
3000.966,0.9781726
3001.552,0.97807711
3002.138,0.97798169
3002.724,0.97788632
3003.31,0.97779095
3003.896,0.97769564
3004.482,0.97760034
3005.068,0.97750503
3005.654,0.97740984
3006.24,0.97731459
3006.826,0.9772194
3007.412,0.97712427
3007.998,0.97702909
3008.584,0.97693402
3009.17,0.97683895
3009.756,0.97674388
3010.342,0.97664887
3010.928,0.97655392
3011.514,0.97645891
3012.1,0.97636402
3012.686,0.97626907
3013.272,0.97617424
3013.858,0.97607934
3014.444,0.97598457
3015.03,0.97588974
3015.616,0.97579497
3016.202,0.97570026
3016.788,0.97560549
3017.374,0.97551084
3017.96,0.97541624
3018.546,0.97532159
3019.132,0.975227
3019.718,0.97513241
3020.304,0.97503787
3020.89,0.97494334
3021.476,0.97484887
3022.062,0.97475445
3022.648,0.97465998
3023.234,0.97456557
3023.82,0.97447121
3024.406,0.97437686
3024.992,0.97428256
3025.578,0.97418827
3026.164,0.97409397
3026.75,0.97399974
3027.336,0.97390556
3027.922,0.97381139
3028.508,0.97371727
3029.094,0.97362316
3029.68,0.97352904
3030.266,0.97343498
3030.852,0.97334093
3031.438,0.97324693
3032.024,0.97315294
3032.61,0.973059
3033.196,0.97296506
3033.782,0.97287118
3034.368,0.97277731
3034.954,0.97268343
3035.54,0.97258967
3036.126,0.97249585
3036.712,0.9724021
3037.298,0.97230834
3037.884,0.9722147
3038.47,0.97212094
3039.056,0.97202736
3039.642,0.97193372
3040.228,0.97184014
3040.814,0.97174656
3041.4,0.97165298
3041.986,0.97155952
3042.572,0.971466
3043.158,0.97137254
3043.744,0.97127908
3044.33,0.97118551
3044.916,0.97109199
3045.502,0.97099853
3046.088,0.97090501
3046.674,0.97081155
3047.26,0.97071815
3047.846,0.97062474
3048.432,0.97053134
3049.018,0.970438
3049.604,0.97034472
3050.19,0.97025138
3050.776,0.97015816
3051.362,0.97006494
3051.948,0.96997172
3052.534,0.96987855
3053.12,0.96978539
3053.706,0.96969229
3054.292,0.96959913
3054.878,0.96950608
3055.464,0.96941304
3056.05,0.96932006
3056.636,0.96922708
3057.222,0.96913409
3057.808,0.96904117
3058.394,0.96894825
3058.98,0.96885538
3059.566,0.96876252
3060.152,0.96866971
3060.738,0.96857691
3061.324,0.9684841
3061.91,0.96839142
3062.496,0.96829867
3063.082,0.96820599
3063.668,0.96811336
3064.254,0.96802068
3064.84,0.96792811
3065.426,0.96783555
3066.012,0.96774292
3066.598,0.96765041
3067.184,0.96755791
3067.77,0.96746546
3068.356,0.96737301
3068.942,0.96728063
3069.528,0.96718824
3070.114,0.96709585
3070.7,0.96700352
3071.286,0.9669112
3071.872,0.96681893
3072.458,0.96672666
3073.044,0.96663445
3073.63,0.96654224
3074.216,0.96645004
3074.802,0.96635789
3075.388,0.9662658
3075.974,0.96617371
3076.56,0.96608162
3077.146,0.96598959
3077.732,0.96589756
3078.318,0.96580559
3078.904,0.96571362
3079.49,0.96562171
3080.076,0.9655298
3080.662,0.96543789
3081.248,0.96534604
3081.834,0.96525425
3082.42,0.9651624
3083.006,0.96507066
3083.592,0.96497887
3084.178,0.96488714
3084.764,0.96479547
3085.35,0.9647038
3085.936,0.96461219
3086.522,0.96452057
3087.108,0.96442896
3087.694,0.96433741
3088.28,0.96424586
3088.866,0.96415436
3089.452,0.96406287
3090.038,0.96397144
3090.624,0.96388
3091.21,0.96378857
3091.796,0.9636972
3092.382,0.96360588
3092.968,0.96351457
3093.554,0.96342325
3094.14,0.963332
3094.726,0.96324074
3095.312,0.96314955
3095.898,0.96305835
3096.484,0.96296716
3097.07,0.96287602
3097.656,0.96278495
3098.242,0.96269381
3098.828,0.96260279
3099.414,0.96251172
3100,0.9624207
