170,4.1671944
170.586,4.1600332
171.172,4.1529098
171.758,4.145822
172.344,4.1387711
172.93,4.1317558
173.516,4.1247759
174.102,4.1178317
174.688,4.1109223
175.274,4.1040473
175.86,4.0972071
176.446,4.0904007
177.032,4.0836277
177.618,4.0768881
178.204,4.0701818
178.79,4.063509
179.376,4.0568686
179.962,4.0502605
180.548,4.043685
181.134,4.0371413
181.72,4.0306292
182.306,4.0241489
182.892,4.0176992
183.478,4.011281
184.064,4.0048933
184.65,3.9985359
185.236,3.9922087
185.822,3.9859116
186.408,3.9796441
186.994,3.9734061
187.58,3.9671974
188.166,3.9610178
188.752,3.9548666
189.338,3.9487441
189.924,3.9426498
190.51,3.9365835
191.096,3.9305453
191.682,3.9245348
192.268,3.9185519
192.854,3.912596
193.44,3.9066675
194.026,3.9007657
194.612,3.8948905
195.198,3.8890419
195.784,3.8832195
196.37,3.8774233
196.956,3.8716528
197.542,3.8659081
198.128,3.860189
198.714,3.854495
199.3,3.8488262
199.886,3.8431826
200.472,3.8375633
201.058,3.8319688
201.644,3.8263988
202.23,3.820853
202.816,3.8153312
203.402,3.8098333
203.988,3.804359
204.574,3.7989082
205.16,3.7934809
205.746,3.7880769
206.332,3.7826955
206.918,3.7773376
207.504,3.772002
208.09,3.7666891
208.676,3.7613983
209.262,3.75613
209.848,3.7508838
210.434,3.7456594
211.02,3.7404571
211.606,3.735276
212.192,3.7301166
212.778,3.7249784
213.364,3.7198615
213.95,3.7147653
214.536,3.7096901
215.122,3.7046354
215.708,3.6996017
216.294,3.6945882
216.88,3.689595
217.466,3.684622
218.052,3.6796691
218.638,3.6747363
219.224,3.6698232
219.81,3.6649296
220.396,3.6600556
220.982,3.6552012
221.568,3.6503658
222.154,3.6455498
222.74,3.6407526
223.326,3.6359744
223.912,3.6312151
224.498,3.6264744
225.084,3.6217523
225.67,3.6170485
226.256,3.6123629
226.842,3.6076958
227.428,3.6030464
228.014,3.5984151
228.6,3.5938017
229.186,3.589206
229.772,3.5846281
230.358,3.5800669
230.944,3.5755231
231.53,3.5709968
232.116,3.5664876
232.702,3.5619953
233.288,3.5575199
233.874,3.5530615
234.46,3.5486197
235.046,3.5441947
235.632,3.5397863
236.218,3.5353942
236.804,3.5310185
237.39,3.526659
237.976,3.5223155
238.562,3.5179882
239.148,3.5136769
239.734,3.5093813
240.32,3.5051014
240.906,3.5008371
241.492,3.4965885
242.078,3.4923553
242.664,3.4881372
243.25,3.4839346
243.836,3.4797471
244.422,3.4755747
245.008,3.4714172
245.594,3.4672744
246.18,3.4631464
246.766,3.459033
247.352,3.4549344
247.938,3.45085
248.524,3.4467804
249.11,3.4427249
249.696,3.438684
250.282,3.4346571
250.868,3.4306443
251.454,3.4266455
252.04,3.4226608
252.626,3.41869
253.212,3.4147329
253.798,3.4107895
254.384,3.4068599
254.97,3.4029436
255.556,3.3990409
256.142,3.3951516
256.728,3.3912756
257.314,3.387413
257.9,3.3835635
258.486,3.3797269
259.072,3.3759034
259.658,3.372093
260.244,3.3682954
260.83,3.3645105
261.416,3.3607385
262.002,3.3569791
262.588,3.3532321
263.174,3.349498
263.76,3.3457761
264.346,3.3420665
264.932,3.3383694
265.518,3.3346846
266.104,3.3310118
266.69,3.3273511
267.276,3.3237026
267.862,3.320066
268.448,3.3164413
269.034,3.3128283
269.62,3.3092272
270.206,3.3056378
270.792,3.3020601
271.378,3.2984941
271.964,3.2949395
272.55,3.2913964
273.136,3.2878647
273.722,3.2843442
274.308,3.2808352
274.894,3.2773373
275.48,3.2738507
276.066,3.270375
276.652,3.2669106
277.238,3.2634571
277.824,3.2600143
278.41,3.2565827
278.996,3.2531617
279.582,3.2497516
280.168,3.246352
280.754,3.2429633
281.34,3.2395852
281.926,3.2362175
282.512,3.2328603
283.098,3.2295134
283.684,3.2261772
284.27,3.222851
284.856,3.2195354
285.442,3.2162297
286.028,3.2129343
286.614,3.2096491
287.2,3.2063737
287.786,3.2031085
288.372,3.1998534
288.958,3.1966081
289.544,3.1933725
290.13,3.1901469
290.716,3.1869309
291.302,3.1837249
291.888,3.1805279
292.474,3.1773407
293.06,3.1741633
293.646,3.170995
294.232,3.1678364
294.818,3.1646872
295.404,3.1615474
295.99,3.1584167
296.576,3.1552956
297.162,3.1521838
297.748,3.149081
298.334,3.1459873
298.92,3.1429029
299.506,3.1398273
300.092,3.136761
300.678,3.1337035
301.264,3.1306548
301.85,3.1276152
302.436,3.1245844
303.022,3.1215625
303.608,3.1185493
304.194,3.1155448
304.78,3.1125488
305.366,3.1095617
305.952,3.1065831
306.538,3.1036129
307.124,3.1006515
307.71,3.0976985
308.296,3.094754
308.882,3.0918176
309.468,3.0888898
310.054,3.0859704
310.64,3.0830591
311.226,3.0801561
311.812,3.0772612
312.398,3.0743747
312.984,3.071496
313.57,3.0686252
314.156,3.0657623
314.742,3.0629075
315.328,3.0600605
315.914,3.0572214
316.5,3.0543904
317.086,3.0515673
317.672,3.0487518
318.258,3.0459445
318.844,3.0431447
319.43,3.0403526
320.016,3.0375683
320.602,3.0347915
321.188,3.0320225
321.774,3.0292609
322.36,3.0265069
322.946,3.0237603
323.532,3.0210214
324.118,3.0182898
324.704,3.0155656
325.29,3.0128489
325.876,3.0101395
326.462,3.0074372
327.048,3.0047426
327.634,3.0020549
328.22,2.9993746
328.806,2.9967012
329.392,2.9940352
329.978,2.9913764
330.564,2.9887245
331.15,2.9860797
331.736,2.9834418
332.322,2.9808109
332.908,2.9781868
333.494,2.9755695
334.08,2.972959
334.666,2.9703557
335.252,2.9677589
335.838,2.965169
336.424,2.9625859
337.01,2.9600096
337.596,2.9574397
338.182,2.9548769
338.768,2.9523206
339.354,2.9497709
339.94,2.9472277
340.526,2.9446912
341.112,2.9421613
341.698,2.9396379
342.284,2.9371209
342.87,2.9346104
343.456,2.9321063
344.042,2.9296086
344.628,2.9271173
345.214,2.9246325
345.8,2.9221537
346.386,2.9196815
346.972,2.9172153
347.558,2.9147556
348.144,2.912302
348.73,2.9098547
349.316,2.9074132
349.902,2.9049783
350.488,2.9025493
351.074,2.9001262
351.66,2.8977094
352.246,2.8952985
352.832,2.8928938
353.418,2.8904948
354.004,2.8881021
354.59,2.885715
355.176,2.8833339
355.762,2.8809588
356.348,2.8785896
356.934,2.8762262
357.52,2.8738685
358.106,2.8715167
358.692,2.8691707
359.278,2.8668303
359.864,2.8644955
360.45,2.8621666
361.036,2.8598435
361.622,2.8575258
362.208,2.8552136
362.794,2.8529074
363.38,2.8506067
363.966,2.8483114
364.552,2.8460217
365.138,2.8437374
365.724,2.8414588
366.31,2.8391855
366.896,2.8369176
367.482,2.8346553
368.068,2.8323984
368.654,2.8301468
369.24,2.8279006
369.826,2.8256595
370.412,2.8234241
370.998,2.8211937
371.584,2.8189688
372.17,2.8167491
372.756,2.8145344
373.342,2.8123252
373.928,2.8101213
374.514,2.8079224
375.1,2.8057284
375.686,2.8035398
376.272,2.8013563
376.858,2.7991779
377.444,2.7970045
378.03,2.7948363
378.616,2.7926729
379.202,2.7905147
379.788,2.7883613
380.374,2.7862132
380.96,2.7840698
381.546,2.7819314
382.132,2.779798
382.718,2.7776694
383.304,2.7755456
383.89,2.7734268
384.476,2.7713127
385.062,2.7692037
385.648,2.7670994
386.234,2.7649999
386.82,2.7629049
387.406,2.7608149
387.992,2.7587297
388.578,2.756649
389.164,2.7545733
389.75,2.752502
390.336,2.7504356
390.922,2.7483735
391.508,2.7463164
392.094,2.7442636
392.68,2.7422156
393.266,2.7401721
393.852,2.7381334
394.438,2.736099
395.024,2.7340691
395.61,2.7320437
396.196,2.7300229
396.782,2.7280066
397.368,2.7259948
397.954,2.7239873
398.54,2.7219844
399.126,2.7199857
399.712,2.7179916
400.298,2.7160017
400.884,2.7140164
401.47,2.7120352
402.056,2.7100585
402.642,2.708086
403.228,2.7061179
403.814,2.704154
404.4,2.7021945
404.986,2.7002392
405.572,2.698288
406.158,2.6963413
406.744,2.6943986
407.33,2.6924601
407.916,2.6905258
408.502,2.6885958
409.088,2.6866698
409.674,2.6847479
410.26,2.6828303
410.846,2.6809168
411.432,2.6790073
412.018,2.6771019
412.604,2.6752005
413.19,2.6733031
413.776,2.6714098
414.362,2.6695206
414.948,2.6676354
415.534,2.6657543
416.12,2.663877
416.706,2.6620038
417.292,2.6601343
417.878,2.6582689
418.464,2.6564074
419.05,2.6545498
419.636,2.6526964
420.222,2.6508465
420.808,2.6490004
421.394,2.6471581
421.98,2.6453197
422.566,2.6434851
423.152,2.641654
423.738,2.639827
424.324,2.6380038
424.91,2.6361842
425.496,2.6343687
426.082,2.6325567
426.668,2.6307483
427.254,2.6289439
427.84,2.6271431
428.426,2.6253459
429.012,2.6235526
429.598,2.6217628
430.184,2.6199768
430.77,2.6181943
431.356,2.6164155
431.942,2.6146402
432.528,2.6128688
433.114,2.6111009
433.7,2.6093364
434.286,2.6075757
434.872,2.6058185
435.458,2.6040649
436.044,2.6023147
436.63,2.6005681
437.216,2.5988252
437.802,2.5970855
438.388,2.5953496
438.974,2.593617
439.56,2.5918877
440.146,2.590162
440.732,2.5884399
441.318,2.5867212
441.904,2.5850058
442.49,2.5832939
443.076,2.5815854
443.662,2.5798802
444.248,2.5781786
444.834,2.5764802
445.42,2.5747852
446.006,2.5730934
446.592,2.5714052
447.178,2.5697203
447.764,2.5680387
448.35,2.5663602
448.936,2.5646851
449.522,2.5630133
450.108,2.5613449
450.694,2.5596797
451.28,2.5580175
451.866,2.5563583
452.452,2.5547025
453.038,2.5530498
453.624,2.5514002
454.21,2.5497539
454.796,2.5481107
455.382,2.5464709
455.968,2.5448341
456.554,2.5432007
457.14,2.5415702
457.726,2.539943
458.312,2.5383189
458.898,2.5366979
459.484,2.53508
460.07,2.5334651
460.656,2.5318534
461.242,2.5302448
461.828,2.5286391
462.414,2.5270367
463,2.5254371
463.586,2.5238409
464.172,2.5222476
464.758,2.5206571
465.344,2.5190697
465.93,2.5174854
466.516,2.5159042
467.102,2.5143259
467.688,2.5127504
468.274,2.511178
468.86,2.5096085
469.446,2.5080421
470.032,2.5064785
470.618,2.5049179
471.204,2.50336
471.79,2.5018053
472.376,2.5002534
472.962,2.4987044
473.548,2.4971583
474.134,2.495615
474.72,2.4940746
475.306,2.492537
475.892,2.4910023
476.478,2.4894705
477.064,2.4879413
477.65,2.4864149
478.236,2.4848912
478.822,2.4833703
479.408,2.4818521
479.994,2.4803367
480.58,2.4788241
481.166,2.4773145
481.752,2.4758074
482.338,2.474303
482.924,2.4728014
483.51,2.4713027
484.096,2.4698067
484.682,2.4683132
485.268,2.4668226
485.854,2.4653347
486.44,2.4638495
487.026,2.4623668
487.612,2.460887
488.198,2.4594097
488.784,2.4579351
489.37,2.4564633
489.956,2.454994
490.542,2.4535275
491.128,2.4520633
491.714,2.4506021
492.3,2.4491432
492.886,2.4476871
493.472,2.4462335
494.058,2.4447825
494.644,2.4433341
495.23,2.4418883
495.816,2.4404452
496.402,2.4390044
496.988,2.4375663
497.574,2.4361308
498.16,2.4346976
498.746,2.4332671
499.332,2.431839
499.918,2.4304137
500.504,2.4289906
501.09,2.4275701
501.676,2.4261522
502.262,2.4247367
502.848,2.4233236
503.434,2.4219131
504.02,2.420505
504.606,2.4190993
505.192,2.4176962
505.778,2.4162953
506.364,2.414897
506.95,2.4135013
507.536,2.4121077
508.122,2.4107165
508.708,2.409328
509.294,2.4079416
509.88,2.4065578
510.466,2.4051764
511.052,2.4037971
511.638,2.4024205
512.224,2.401046
512.81,2.3996742
513.396,2.3983045
513.982,2.3969371
514.568,2.3955722
515.154,2.3942094
515.74,2.3928492
516.326,2.3914912
516.912,2.3901353
517.498,2.388782
518.084,2.3874309
518.67,2.3860822
519.256,2.3847356
519.842,2.3833914
520.428,2.3820493
521.014,2.3807096
521.6,2.3793721
522.186,2.378037
522.772,2.376704
523.358,2.3753731
523.944,2.3740447
524.53,2.3727186
525.116,2.3713944
525.702,2.3700726
526.288,2.368753
526.874,2.3674355
527.46,2.3661203
528.046,2.3648074
528.632,2.3634965
529.218,2.3621879
529.804,2.3608813
530.39,2.3595769
530.976,2.3582747
531.562,2.3569746
532.148,2.3556769
532.734,2.3543811
533.32,2.3530872
533.906,2.3517957
534.492,2.3505063
535.078,2.3492191
535.664,2.3479338
536.25,2.3466506
536.836,2.3453698
537.422,2.3440907
538.008,2.342814
538.594,2.3415394
539.18,2.3402667
539.766,2.3389962
540.352,2.3377275
540.938,2.3364611
541.524,2.3351967
542.11,2.3339345
542.696,2.3326743
543.282,2.3314159
543.868,2.3301597
544.454,2.3289056
545.04,2.3276534
545.626,2.3264034
546.212,2.3251553
546.798,2.323909
547.384,2.322665
547.97,2.3214228
548.556,2.3201828
549.142,2.3189447
549.728,2.3177085
550.314,2.3164742
550.9,2.3152421
551.486,2.3140118
552.072,2.3127835
552.658,2.3115573
553.244,2.3103328
553.83,2.3091104
554.416,2.3078899
555.002,2.3066714
555.588,2.3054547
556.174,2.30424
556.76,2.3030272
557.346,2.3018165
557.932,2.3006074
558.518,2.2994003
559.104,2.2981951
559.69,2.2969918
560.276,2.2957904
560.862,2.294591
561.448,2.2933934
562.034,2.2921977
562.62,2.2910037
563.206,2.2898118
563.792,2.2886217
564.378,2.2874334
564.964,2.2862468
565.55,2.2850623
566.136,2.2838795
566.722,2.2826986
567.308,2.2815194
567.894,2.2803421
568.48,2.2791667
569.066,2.2779932
569.652,2.2768214
570.238,2.2756512
570.824,2.2744832
571.41,2.2733166
571.996,2.2721522
572.582,2.2709892
573.168,2.2698283
573.754,2.2686689
574.34,2.2675114
574.926,2.2663558
575.512,2.2652018
576.098,2.2640495
576.684,2.2628992
577.27,2.2617505
577.856,2.2606034
578.442,2.2594583
579.028,2.2583148
579.614,2.2571733
580.2,2.2560332
580.786,2.254895
581.372,2.2537584
581.958,2.2526236
582.544,2.2514906
583.13,2.2503593
583.716,2.2492294
584.302,2.2481015
584.888,2.2469749
585.474,2.2458503
586.06,2.2447274
586.646,2.2436061
587.232,2.2424862
587.818,2.2413685
588.404,2.2402523
588.99,2.2391374
589.576,2.2380245
590.162,2.2369132
590.748,2.2358036
591.334,2.2346957
591.92,2.2335892
592.506,2.2324846
593.092,2.2313814
593.678,2.2302799
594.264,2.2291803
594.85,2.2280819
595.436,2.2269855
596.022,2.2258904
596.608,2.2247972
597.194,2.2237055
597.78,2.2226152
598.366,2.2215269
598.952,2.2204399
599.538,2.2193546
600.124,2.2182708
600.71,2.2171886
601.296,2.2161081
601.882,2.215029
602.468,2.2139516
603.054,2.2128758
603.64,2.2118015
604.226,2.2107289
604.812,2.2096577
605.398,2.2085881
605.984,2.20752
606.57,2.2064536
607.156,2.2053885
607.742,2.2043252
608.328,2.2032633
608.914,2.202203
609.5,2.2011442
610.086,2.2000868
610.672,2.1990311
611.258,2.1979768
611.844,2.196924
612.43,2.1958728
613.016,2.194823
613.602,2.1937749
614.188,2.1927283
614.774,2.1916831
615.36,2.1906393
615.946,2.1895971
616.532,2.1885564
617.118,2.1875172
617.704,2.1864793
618.29,2.1854429
618.876,2.1844082
619.462,2.1833749
620.048,2.182343
620.634,2.1813126
621.22,2.1802835
621.806,2.179256
622.392,2.17823
622.978,2.1772053
623.564,2.1761823
624.15,2.1751604
624.736,2.1741402
625.322,2.1731215
625.908,2.1721039
626.494,2.171088
627.08,2.1700735
627.666,2.1690602
628.252,2.1680486
628.838,2.1670382
629.424,2.1660295
630.01,2.1650219
630.596,2.1640158
631.182,2.1630111
631.768,2.1620078
632.354,2.161006
632.94,2.1600056
633.526,2.1590064
634.112,2.1580088
634.698,2.1570125
635.284,2.1560175
635.87,2.1550241
636.456,2.1540318
637.042,2.1530409
637.628,2.1520514
638.214,2.1510634
638.8,2.1500766
639.386,2.1490912
639.972,2.1481073
640.558,2.1471248
641.144,2.1461434
641.73,2.1451633
642.316,2.1441848
642.902,2.1432076
643.488,2.1422317
644.074,2.141257
644.66,2.1402838
645.246,2.1393118
645.832,2.1383412
646.418,2.137372
647.004,2.1364038
647.59,2.1354373
648.176,2.1344719
648.762,2.133508
649.348,2.1325452
649.934,2.1315837
650.52,2.1306236
651.106,2.1296649
651.692,2.1287072
652.278,2.1277511
652.864,2.1267962
653.45,2.1258426
654.036,2.1248901
654.622,2.123939
655.208,2.1229892
655.794,2.1220407
656.38,2.1210935
656.966,2.1201475
657.552,2.1192029
658.138,2.1182594
658.724,2.117317
659.31,2.1163759
659.896,2.1154361
660.482,2.1144974
661.068,2.11356
661.654,2.1126237
662.24,2.1116889
662.826,2.1107552
663.412,2.1098228
663.998,2.1088915
664.584,2.1079617
665.17,2.1070328
665.756,2.1061053
666.342,2.1051791
666.928,2.104254
667.514,2.1033301
668.1,2.1024075
668.686,2.1014862
669.272,2.1005659
669.858,2.099647
670.444,2.0987291
671.03,2.0978127
671.616,2.0968974
672.202,2.095983
672.788,2.0950701
673.374,2.0941584
673.96,2.0932479
674.546,2.0923383
675.132,2.0914302
675.718,2.0905232
676.304,2.0896175
676.89,2.0887127
677.476,2.0878093
678.062,2.0869069
678.648,2.0860057
679.234,2.0851059
679.82,2.0842071
680.406,2.0833094
680.992,2.082413
681.578,2.0815177
682.164,2.0806234
682.75,2.0797305
683.336,2.0788386
683.922,2.0779479
684.508,2.0770586
685.094,2.07617
685.68,2.0752828
686.266,2.0743966
686.852,2.0735116
687.438,2.0726278
688.024,2.0717452
688.61,2.0708635
689.196,2.069983
689.782,2.0691037
690.368,2.0682256
690.954,2.0673485
691.54,2.0664725
692.126,2.0655978
692.712,2.064724
693.298,2.0638514
693.884,2.0629799
694.47,2.0621095
695.056,2.0612402
695.642,2.0603719
696.228,2.0595047
696.814,2.0586388
697.4,2.0577738
697.986,2.0569103
698.572,2.0560474
699.158,2.0551858
699.744,2.0543253
700.33,2.0534658
700.916,2.0526075
701.502,2.0517502
702.088,2.050894
702.674,2.0500388
703.26,2.0491848
703.846,2.0483317
704.432,2.0474799
705.018,2.046629
705.604,2.045779
706.19,2.0449297
706.776,2.0440819
707.362,2.0432348
707.948,2.0423889
708.534,2.0415442
709.12,2.0407004
709.706,2.0398576
710.292,2.039016
710.878,2.0381753
711.464,2.0373356
712.05,2.0364971
712.636,2.0356598
713.222,2.0348232
713.808,2.0339878
714.394,2.0331533
714.98,2.03232
715.566,2.0314877
716.152,2.0306563
716.738,2.0298262
717.324,2.0289969
717.91,2.0281687
718.496,2.0273414
719.082,2.0265152
719.668,2.0256901
720.254,2.0248659
720.84,2.0240428
721.426,2.0232205
722.012,2.0223994
722.598,2.0215793
723.184,2.0207603
723.77,2.019942
724.356,2.019125
724.942,2.0183089
725.528,2.0174937
726.114,2.0166795
726.7,2.0158663
727.286,2.0150542
727.872,2.0142429
728.458,2.0134327
729.044,2.0126235
729.63,2.0118153
730.216,2.011008
730.802,2.0102017
731.388,2.0093966
731.974,2.0085921
732.56,2.0077887
733.146,2.0069864
733.732,2.0061848
734.318,2.0053844
734.904,2.0045848
735.49,2.0037863
736.076,2.0029888
736.662,2.002192
737.248,2.0013964
737.834,2.0006015
738.42,1.9998078
739.006,1.9990151
739.592,1.9982232
740.178,1.9974322
740.764,1.9966422
741.35,1.9958531
741.936,1.995065
742.522,1.9942778
743.108,1.9934915
743.694,1.9927061
744.28,1.9919213
744.866,1.9911376
745.452,1.9903548
746.038,1.9895729
746.624,1.9887918
747.21,1.9880118
747.796,1.9872327
748.382,1.9864545
748.968,1.9856772
749.554,1.9849008
750.14,1.9841254
750.726,1.9833508
751.312,1.9825771
751.898,1.9818044
752.484,1.9810325
753.07,1.9802616
753.656,1.9794916
754.242,1.9787225
754.828,1.9779541
755.414,1.9771869
756,1.9764205
756.586,1.975655
757.172,1.9748904
757.758,1.9741266
758.344,1.9733636
758.93,1.9726017
759.516,1.9718406
760.102,1.9710804
760.688,1.9703211
761.274,1.9695626
761.86,1.9688051
762.446,1.9680483
763.032,1.9672925
763.618,1.9665376
764.204,1.9657835
764.79,1.9650303
765.376,1.964278
765.962,1.9635265
766.548,1.9627758
767.134,1.9620261
767.72,1.9612772
768.306,1.9605292
768.892,1.9597821
769.478,1.9590358
770.064,1.9582902
770.65,1.9575456
771.236,1.9568019
771.822,1.956059
772.408,1.9553169
772.994,1.9545758
773.58,1.9538354
774.166,1.9530959
774.752,1.9523572
775.338,1.9516194
775.924,1.9508823
776.51,1.9501462
777.096,1.9494109
777.682,1.9486763
778.268,1.9479427
778.854,1.9472098
779.44,1.9464779
780.026,1.9457467
780.612,1.9450163
781.198,1.9442868
781.784,1.9435581
782.37,1.9428302
782.956,1.9421031
783.542,1.9413768
784.128,1.9406514
784.714,1.9399267
785.3,1.939203
785.886,1.93848
786.472,1.9377578
787.058,1.9370364
787.644,1.9363159
788.23,1.9355961
788.816,1.9348772
789.402,1.9341589
789.988,1.9334416
790.574,1.9327251
791.16,1.9320092
791.746,1.9312943
792.332,1.9305801
792.918,1.9298668
793.504,1.9291542
794.09,1.9284424
794.676,1.9277313
795.262,1.9270211
795.848,1.9263116
796.434,1.925603
797.02,1.9248952
797.606,1.924188
798.192,1.9234817
798.778,1.9227762
799.364,1.9220715
799.95,1.9213675
800.536,1.9206643
801.122,1.9199618
801.708,1.91926
802.294,1.918559
802.88,1.9178587
803.466,1.9171592
804.052,1.9164604
804.638,1.9157624
805.224,1.9150652
805.81,1.9143686
806.396,1.9136729
806.982,1.9129781
807.568,1.9122838
808.154,1.9115903
808.74,1.9108977
809.326,1.9102057
809.912,1.9095145
810.498,1.9088241
811.084,1.9081345
811.67,1.9074455
812.256,1.9067574
812.842,1.9060699
813.428,1.9053832
814.014,1.9046973
814.6,1.9040121
815.186,1.9033276
815.772,1.9026438
816.358,1.9019608
816.944,1.9012786
817.53,1.9005971
818.116,1.8999163
818.702,1.8992362
819.288,1.8985569
819.874,1.8978783
820.46,1.8972005
821.046,1.8965234
821.632,1.8958468
822.218,1.8951712
822.804,1.8944962
823.39,1.893822
823.976,1.8931484
824.562,1.8924756
825.148,1.8918035
825.734,1.8911322
826.32,1.8904616
826.906,1.8897916
827.492,1.8891224
828.078,1.8884538
828.664,1.887786
829.25,1.8871189
829.836,1.8864526
830.422,1.8857869
831.008,1.8851218
831.594,1.8844576
832.18,1.8837941
832.766,1.8831311
833.352,1.8824689
833.938,1.8818074
834.524,1.8811467
835.11,1.8804866
835.696,1.8798273
836.282,1.8791685
836.868,1.8785106
837.454,1.8778532
838.04,1.8771966
838.626,1.8765407
839.212,1.8758854
839.798,1.8752309
840.384,1.874577
840.97,1.8739238
841.556,1.8732713
842.142,1.8726195
842.728,1.8719684
843.314,1.8713179
843.9,1.8706681
844.486,1.870019
845.072,1.8693706
845.658,1.8687228
846.244,1.8680757
846.83,1.8674293
847.416,1.8667835
848.002,1.8661385
848.588,1.8654941
849.174,1.8648504
849.76,1.8642073
850.346,1.863565
850.932,1.8629231
851.518,1.862282
852.104,1.8616416
852.69,1.861002
853.276,1.8603629
853.862,1.8597244
854.448,1.8590866
855.034,1.8584495
855.62,1.857813
856.206,1.8571771
856.792,1.856542
857.378,1.8559076
857.964,1.8552736
858.55,1.8546405
859.136,1.854008
859.722,1.853376
860.308,1.8527447
860.894,1.8521141
861.48,1.8514841
862.066,1.8508548
862.652,1.850226
863.238,1.8495981
863.824,1.8489707
864.41,1.8483438
864.996,1.8477176
865.582,1.8470922
866.168,1.8464673
866.754,1.8458431
867.34,1.8452195
867.926,1.8445965
868.512,1.8439742
869.098,1.8433524
869.684,1.8427314
870.27,1.8421109
870.856,1.8414911
871.442,1.8408719
872.028,1.8402532
872.614,1.8396354
873.2,1.839018
873.786,1.8384013
874.372,1.8377851
874.958,1.8371698
875.544,1.8365549
876.13,1.8359406
876.716,1.835327
877.302,1.8347139
877.888,1.8341016
878.474,1.8334899
879.06,1.8328787
879.646,1.8322681
880.232,1.8316581
880.818,1.8310488
881.404,1.83044
881.99,1.829832
882.576,1.8292245
883.162,1.8286176
883.748,1.8280112
884.334,1.8274055
884.92,1.8268003
885.506,1.8261958
886.092,1.8255919
886.678,1.8249887
887.264,1.824386
887.85,1.8237839
888.436,1.8231823
889.022,1.8225814
889.608,1.8219811
890.194,1.8213813
890.78,1.8207822
891.366,1.8201836
891.952,1.8195857
892.538,1.8189883
893.124,1.8183916
893.71,1.8177954
894.296,1.8171997
894.882,1.8166047
895.468,1.8160102
896.054,1.8154163
896.64,1.8148232
897.226,1.8142304
897.812,1.8136383
898.398,1.8130467
898.984,1.8124558
899.57,1.8118654
900.156,1.8112756
900.742,1.8106863
901.328,1.8100977
901.914,1.8095096
902.5,1.8089222
903.086,1.8083352
903.672,1.8077488
904.258,1.807163
904.844,1.8065778
905.43,1.8059932
906.016,1.8054091
906.602,1.8048255
907.188,1.8042426
907.774,1.8036602
908.36,1.8030783
908.946,1.802497
909.532,1.8019164
910.118,1.8013362
910.704,1.8007566
911.29,1.8001776
911.876,1.7995991
912.462,1.7990211
913.048,1.7984438
913.634,1.7978671
914.22,1.7972908
914.806,1.796715
915.392,1.79614
915.978,1.7955654
916.564,1.7949913
917.15,1.7944179
917.736,1.7938448
918.322,1.7932725
918.908,1.7927006
919.494,1.7921294
920.08,1.7915586
920.666,1.7909884
921.252,1.7904187
921.838,1.7898496
922.424,1.789281
923.01,1.788713
923.596,1.7881455
924.182,1.7875786
924.768,1.7870121
925.354,1.7864462
925.94,1.7858809
926.526,1.7853161
927.112,1.7847519
927.698,1.7841882
928.284,1.7836249
928.87,1.7830622
929.456,1.7825001
930.042,1.7819384
930.628,1.7813774
931.214,1.7808168
931.8,1.7802569
932.386,1.7796974
932.972,1.7791384
933.558,1.77858
934.144,1.7780221
934.73,1.7774646
935.316,1.7769078
935.902,1.7763515
936.488,1.7757956
937.074,1.7752403
937.66,1.7746856
938.246,1.7741313
938.832,1.7735776
939.418,1.7730243
940.004,1.7724717
940.59,1.7719195
941.176,1.7713678
941.762,1.7708167
942.348,1.7702661
942.934,1.7697159
943.52,1.7691662
944.106,1.7686172
944.692,1.7680686
945.278,1.7675204
945.864,1.7669729
946.45,1.7664258
947.036,1.7658793
947.622,1.7653333
948.208,1.7647877
948.794,1.7642426
949.38,1.7636981
949.966,1.7631541
950.552,1.7626106
951.138,1.7620676
951.724,1.761525
952.31,1.760983
952.896,1.7604414
953.482,1.7599005
954.068,1.75936
954.654,1.7588199
955.24,1.7582804
955.826,1.7577413
956.412,1.7572027
956.998,1.7566648
957.584,1.7561272
958.17,1.7555901
958.756,1.7550535
959.342,1.7545176
959.928,1.7539819
960.514,1.7534468
961.1,1.7529122
961.686,1.7523781
962.272,1.7518445
962.858,1.7513113
963.444,1.7507787
964.03,1.7502465
964.616,1.7497149
965.202,1.7491837
965.788,1.7486529
966.374,1.7481227
966.96,1.7475929
967.546,1.7470638
968.132,1.7465349
968.718,1.7460066
969.304,1.7454787
969.89,1.7449515
970.476,1.7444246
971.062,1.7438982
971.648,1.7433722
972.234,1.7428468
972.82,1.7423218
973.406,1.7417973
973.992,1.7412733
974.578,1.7407497
975.164,1.7402266
975.75,1.7397041
976.336,1.739182
976.922,1.7386602
977.508,1.7381392
978.094,1.7376184
978.68,1.7370981
979.266,1.7365783
979.852,1.736059
980.438,1.7355402
981.024,1.7350217
981.61,1.7345039
982.196,1.7339864
982.782,1.7334694
983.368,1.7329528
983.954,1.7324367
984.54,1.7319211
985.126,1.731406
985.712,1.7308912
986.298,1.730377
986.884,1.7298632
987.47,1.7293499
988.056,1.728837
988.642,1.7283247
989.228,1.7278126
989.814,1.7273011
990.4,1.7267901
990.986,1.7262795
991.572,1.7257694
992.158,1.7252597
992.744,1.7247504
993.33,1.7242416
993.916,1.7237333
994.502,1.7232255
995.088,1.722718
995.674,1.722211
996.26,1.7217045
996.846,1.7211984
997.432,1.7206928
998.018,1.7201875
998.604,1.7196828
999.19,1.7191784
999.776,1.7186747
1000.362,1.7181712
1000.948,1.7176682
1001.534,1.7171657
1002.12,1.7166636
1002.706,1.7161618
1003.292,1.7156607
1003.878,1.7151599
1004.464,1.7146596
1005.05,1.7141596
1005.636,1.7136602
1006.222,1.7131611
1006.808,1.7126626
1007.394,1.7121644
1007.98,1.7116667
1008.566,1.7111694
1009.152,1.7106725
1009.738,1.7101761
1010.324,1.7096801
1010.91,1.7091845
1011.496,1.7086895
1012.082,1.7081947
1012.668,1.7077005
1013.254,1.7072066
1013.84,1.7067132
1014.426,1.7062203
1015.012,1.7057277
1015.598,1.7052355
1016.184,1.7047439
1016.77,1.7042526
1017.356,1.7037617
1017.942,1.7032713
1018.528,1.7027813
1019.114,1.7022917
1019.7,1.7018026
1020.286,1.7013139
1020.872,1.7008255
1021.458,1.7003375
1022.044,1.6998501
1022.63,1.6993631
1023.216,1.6988764
1023.802,1.6983902
1024.388,1.6979045
1024.974,1.697419
1025.56,1.6969341
1026.146,1.6964495
1026.732,1.6959654
1027.318,1.6954817
1027.904,1.6949984
1028.49,1.6945155
1029.076,1.6940329
1029.662,1.6935508
1030.248,1.6930692
1030.834,1.692588
1031.42,1.6921072
1032.006,1.6916267
1032.592,1.6911467
1033.178,1.6906672
1033.764,1.6901879
1034.35,1.6897092
1034.936,1.6892308
1035.522,1.6887528
1036.108,1.6882752
1036.694,1.687798
1037.28,1.6873213
1037.866,1.6868449
1038.452,1.6863689
1039.038,1.6858934
1039.624,1.6854182
1040.21,1.6849436
1040.796,1.6844692
1041.382,1.6839952
1041.968,1.6835217
1042.554,1.6830486
1043.14,1.6825758
1043.726,1.6821035
1044.312,1.6816316
1044.898,1.68116
1045.484,1.6806889
1046.07,1.6802181
1046.656,1.6797477
1047.242,1.6792778
1047.828,1.6788082
1048.414,1.678339
1049,1.6778703
1049.586,1.6774019
1050.172,1.6769339
1050.758,1.6764663
1051.344,1.675999
1051.93,1.6755322
1052.516,1.6750659
1053.102,1.6745998
1053.688,1.6741341
1054.274,1.6736689
1054.86,1.6732041
1055.446,1.6727396
1056.032,1.6722754
1056.618,1.6718118
1057.204,1.6713485
1057.79,1.6708856
1058.376,1.6704229
1058.962,1.6699609
1059.548,1.669499
1060.134,1.6690377
1060.72,1.6685766
1061.306,1.668116
1061.892,1.6676557
1062.478,1.6671959
1063.064,1.6667364
1063.65,1.6662773
1064.236,1.6658186
1064.822,1.6653602
1065.408,1.6649023
1065.994,1.6644447
1066.58,1.6639875
1067.166,1.6635307
1067.752,1.6630743
1068.338,1.662618
1068.924,1.6621624
1069.51,1.661707
1070.096,1.661252
1070.682,1.6607974
1071.268,1.6603431
1071.854,1.6598891
1072.44,1.6594355
1073.026,1.6589823
1073.612,1.6585294
1074.198,1.6580769
1074.784,1.6576248
1075.37,1.657173
1075.956,1.6567217
1076.542,1.6562707
1077.128,1.65582
1077.714,1.6553698
1078.3,1.6549199
1078.886,1.6544704
1079.472,1.6540211
1080.058,1.6535724
1080.644,1.653124
1081.23,1.6526759
1081.816,1.6522282
1082.402,1.6517808
1082.988,1.6513339
1083.574,1.6508873
1084.16,1.6504411
1084.746,1.6499952
1085.332,1.6495496
1085.918,1.6491045
1086.504,1.6486597
1087.09,1.6482152
1087.676,1.6477712
1088.262,1.6473274
1088.848,1.6468841
1089.434,1.6464411
1090.02,1.6459985
1090.606,1.6455561
1091.192,1.6451142
1091.778,1.6446726
1092.364,1.6442313
1092.95,1.6437905
1093.536,1.64335
1094.122,1.6429099
1094.708,1.6424701
1095.294,1.6420306
1095.88,1.6415915
1096.466,1.6411527
1097.052,1.6407144
1097.638,1.6402763
1098.224,1.6398387
1098.81,1.6394013
1099.396,1.6389643
1099.982,1.6385278
1100.568,1.6380914
1101.154,1.6376555
1101.74,1.6372199
1102.326,1.6367847
1102.912,1.6363498
1103.498,1.6359153
1104.084,1.635481
1104.67,1.6350472
1105.256,1.6346136
1105.842,1.6341805
1106.428,1.6337477
1107.014,1.6333152
1107.6,1.6328831
1108.186,1.6324513
1108.772,1.6320199
1109.358,1.6315888
1109.944,1.631158
1110.53,1.6307276
1111.116,1.6302975
1111.702,1.6298678
1112.288,1.6294384
1112.874,1.6290094
1113.46,1.6285807
1114.046,1.6281523
1114.632,1.6277243
1115.218,1.6272966
1115.804,1.6268692
1116.39,1.6264422
1116.976,1.6260155
1117.562,1.6255891
1118.148,1.6251631
1118.734,1.6247375
1119.32,1.624312
1119.906,1.6238871
1120.492,1.6234624
1121.078,1.6230381
1121.664,1.622614
1122.25,1.6221905
1122.836,1.621767
1123.422,1.6213441
1124.008,1.6209214
1124.594,1.620499
1125.18,1.620077
1125.766,1.6196554
1126.352,1.6192341
1126.938,1.618813
1127.524,1.6183923
1128.11,1.617972
1128.696,1.6175519
1129.282,1.6171322
1129.868,1.6167128
1130.454,1.6162938
1131.04,1.615875
1131.626,1.6154567
1132.212,1.6150386
1132.798,1.6146208
1133.384,1.6142035
1133.97,1.6137863
1134.556,1.6133696
1135.142,1.6129531
1135.728,1.6125369
1136.314,1.6121211
1136.9,1.6117057
1137.486,1.6112906
1138.072,1.6108757
1138.658,1.6104612
1139.244,1.610047
1139.83,1.6096331
1140.416,1.6092196
1141.002,1.6088064
1141.588,1.6083934
1142.174,1.6079808
1142.76,1.6075685
1143.346,1.6071566
1143.932,1.6067449
1144.518,1.6063336
1145.104,1.6059226
1145.69,1.6055119
1146.276,1.6051016
1146.862,1.6046915
1147.448,1.6042818
1148.034,1.6038723
1148.62,1.6034632
1149.206,1.6030544
1149.792,1.6026459
1150.378,1.6022378
1150.964,1.6018299
1151.55,1.6014224
1152.136,1.6010151
1152.722,1.6006082
1153.308,1.6002016
1153.894,1.5997953
1154.48,1.5993893
1155.066,1.5989836
1155.652,1.5985783
1156.238,1.5981733
1156.824,1.5977684
1157.41,1.5973641
1157.996,1.5969599
1158.582,1.5965561
1159.168,1.5961525
1159.754,1.5957494
1160.34,1.5953465
1160.926,1.5949439
1161.512,1.5945415
1162.098,1.5941396
1162.684,1.5937378
1163.27,1.5933366
1163.856,1.5929354
1164.442,1.5925347
1165.028,1.5921342
1165.614,1.5917341
1166.2,1.5913342
1166.786,1.5909346
1167.372,1.5905354
1167.958,1.5901364
1168.544,1.5897379
1169.13,1.5893395
1169.716,1.5889415
1170.302,1.5885438
1170.888,1.5881463
1171.474,1.587749
1172.06,1.587352
1172.646,1.5869552
1173.232,1.5865588
1173.818,1.5861627
1174.404,1.5857668
1174.99,1.5853713
1175.576,1.5849761
1176.162,1.5845811
1176.748,1.5841864
1177.334,1.5837921
1177.92,1.583398
1178.506,1.5830042
1179.092,1.5826107
1179.678,1.5822176
1180.264,1.5818247
1180.85,1.5814321
1181.436,1.5810398
1182.022,1.5806477
1182.608,1.580256
1183.194,1.5798646
1183.78,1.5794735
1184.366,1.5790826
1184.952,1.5786921
1185.538,1.5783019
1186.124,1.5779119
1186.71,1.5775222
1187.296,1.5771328
1187.882,1.5767437
1188.468,1.5763549
1189.054,1.5759664
1189.64,1.5755781
1190.226,1.5751902
1190.812,1.5748025
1191.398,1.5744152
1191.984,1.574028
1192.57,1.5736413
1193.156,1.5732548
1193.742,1.5728686
1194.328,1.5724826
1194.914,1.5720969
1195.5,1.5717115
1196.086,1.5713265
1196.672,1.5709417
1197.258,1.5705571
1197.844,1.5701729
1198.43,1.5697889
1199.016,1.5694053
1199.602,1.5690219
1200.188,1.5686388
1200.774,1.568256
1201.36,1.5678735
1201.946,1.5674912
1202.532,1.5671092
1203.118,1.5667275
1203.704,1.566346
1204.29,1.5659649
1204.876,1.5655842
1205.462,1.5652035
1206.048,1.5648233
1206.634,1.5644432
1207.22,1.5640634
1207.806,1.563684
1208.392,1.5633049
1208.978,1.5629259
1209.564,1.5625473
1210.15,1.562169
1210.736,1.5617908
1211.322,1.561413
1211.908,1.5610355
1212.494,1.5606582
1213.08,1.5602813
1213.666,1.5599046
1214.252,1.5595281
1214.838,1.559152
1215.424,1.5587761
1216.01,1.5584005
1216.596,1.5580251
1217.182,1.5576501
1217.768,1.5572753
1218.354,1.5569007
1218.94,1.5565265
1219.526,1.5561526
1220.112,1.5557789
1220.698,1.5554054
1221.284,1.5550323
1221.87,1.5546594
1222.456,1.5542867
1223.042,1.5539144
1223.628,1.5535423
1224.214,1.5531704
1224.8,1.552799
1225.386,1.5524276
1225.972,1.5520567
1226.558,1.5516859
1227.144,1.5513154
1227.73,1.5509452
1228.316,1.5505753
1228.902,1.5502056
1229.488,1.5498362
1230.074,1.5494671
1230.66,1.5490981
1231.246,1.5487295
1231.832,1.5483612
1232.418,1.5479931
1233.004,1.5476252
1233.59,1.5472577
1234.176,1.5468904
1234.762,1.5465233
1235.348,1.5461566
1235.934,1.5457901
1236.52,1.5454239
1237.106,1.5450579
1237.692,1.5446922
1238.278,1.5443267
1238.864,1.5439615
1239.45,1.5435965
1240.036,1.5432318
1240.622,1.5428674
1241.208,1.5425032
1241.794,1.5421394
1242.38,1.5417757
1242.966,1.5414124
1243.552,1.5410492
1244.138,1.5406864
1244.724,1.5403237
1245.31,1.5399615
1245.896,1.5395993
1246.482,1.5392375
1247.068,1.5388759
1247.654,1.5385146
1248.24,1.5381535
1248.826,1.5377927
1249.412,1.5374322
1249.998,1.5370719
1250.584,1.5367119
1251.17,1.536352
1251.756,1.5359926
1252.342,1.5356333
1252.928,1.5352743
1253.514,1.5349154
1254.1,1.5345569
1254.686,1.5341983
1255.272,1.5338401
1255.858,1.5334821
1256.444,1.5331242
1257.03,1.5327667
1257.616,1.5324094
1258.202,1.5320525
1258.788,1.5316957
1259.374,1.5313392
1259.96,1.530983
1260.546,1.530627
1261.132,1.5302712
1261.718,1.5299157
1262.304,1.5295604
1262.89,1.5292054
1263.476,1.5288507
1264.062,1.5284961
1264.648,1.528142
1265.234,1.5277879
1265.82,1.5274342
1266.406,1.5270808
1266.992,1.5267274
1267.578,1.5263745
1268.164,1.5260216
1268.75,1.5256692
1269.336,1.525317
1269.922,1.5249648
1270.508,1.5246131
1271.094,1.5242616
1271.68,1.5239104
1272.266,1.5235593
1272.852,1.5232085
1273.438,1.522858
1274.024,1.5225077
1274.61,1.5221577
1275.196,1.5218078
1275.782,1.5214583
1276.368,1.521109
1276.954,1.5207598
1277.54,1.520411
1278.126,1.5200624
1278.712,1.5197141
1279.298,1.5193659
1279.884,1.5190182
1280.47,1.5186704
1281.056,1.5183231
1281.642,1.5179759
1282.228,1.517629
1282.814,1.5172825
1283.4,1.5169359
1283.986,1.5165899
1284.572,1.5162439
1285.158,1.5158982
1285.744,1.5155528
1286.33,1.5152075
1286.916,1.5148625
1287.502,1.5145178
1288.088,1.5141733
1288.674,1.513829
1289.26,1.513485
1289.846,1.5131412
1290.432,1.5127976
1291.018,1.5124543
1291.604,1.5121112
1292.19,1.5117683
1292.776,1.5114257
1293.362,1.5110834
1293.948,1.5107412
1294.534,1.5103993
1295.12,1.5100577
1295.706,1.5097163
1296.292,1.509375
1296.878,1.509034
1297.464,1.5086932
1298.05,1.5083529
1298.636,1.5080125
1299.222,1.5076724
1299.808,1.5073327
1300.394,1.5069932
1300.98,1.5066538
1301.566,1.5063146
1302.152,1.5059758
1302.738,1.5056372
1303.324,1.5052987
1303.91,1.5049605
1304.496,1.5046226
1305.082,1.5042849
1305.668,1.5039474
1306.254,1.50361
1306.84,1.503273
1307.426,1.5029362
1308.012,1.5025996
1308.598,1.5022633
1309.184,1.5019271
1309.77,1.5015913
1310.356,1.5012556
1310.942,1.5009202
1311.528,1.500585
1312.114,1.50025
1312.7,1.4999151
1313.286,1.4995806
1313.872,1.4992464
1314.458,1.4989122
1315.044,1.4985783
1315.63,1.4982448
1316.216,1.4979112
1316.802,1.4975779
1317.388,1.4972446
1317.974,1.4969116
1318.56,1.4965788
1319.146,1.4962463
1319.732,1.495914
1320.318,1.4955819
1320.904,1.49525
1321.49,1.4949183
1322.076,1.4945869
1322.662,1.4942558
1323.248,1.4939247
1323.834,1.4935939
1324.42,1.4932634
1325.006,1.4929332
1325.592,1.4926029
1326.178,1.4922731
1326.764,1.4919435
1327.35,1.491614
1327.936,1.4912848
1328.522,1.4909558
1329.108,1.4906271
1329.694,1.4902985
1330.28,1.4899701
1330.866,1.489642
1331.452,1.4893141
1332.038,1.4889865
1332.624,1.4886589
1333.21,1.4883317
1333.796,1.4880047
1334.382,1.4876778
1334.968,1.4873513
1335.554,1.4870249
1336.14,1.4866987
1336.726,1.4863728
1337.312,1.486047
1337.898,1.4857215
1338.484,1.4853963
1339.07,1.4850712
1339.656,1.4847463
1340.242,1.4844216
1340.828,1.4840972
1341.414,1.483773
1342,1.483449
1342.586,1.4831252
1343.172,1.4828016
1343.758,1.4824783
1344.344,1.4821551
1344.93,1.4818321
1345.516,1.4815094
1346.102,1.4811869
1346.688,1.4808646
1347.274,1.4805425
1347.86,1.4802207
1348.446,1.4798989
1349.032,1.4795774
1349.618,1.4792563
1350.204,1.4789351
1350.79,1.4786143
1351.376,1.4782938
1351.962,1.4779733
1352.548,1.4776531
1353.134,1.4773332
1353.72,1.4770135
1354.306,1.4766939
1354.892,1.4763745
1355.478,1.4760554
1356.064,1.4757364
1356.65,1.4754176
1357.236,1.4750991
1357.822,1.4747808
1358.408,1.4744627
1358.994,1.4741448
1359.58,1.4738271
1360.166,1.4735097
1360.752,1.4731923
1361.338,1.4728752
1361.924,1.4725584
1362.51,1.4722418
1363.096,1.4719253
1363.682,1.4716091
1364.268,1.471293
1364.854,1.4709772
1365.44,1.4706615
1366.026,1.4703461
1366.612,1.4700309
1367.198,1.4697158
1367.784,1.469401
1368.37,1.4690864
1368.956,1.4687721
1369.542,1.4684578
1370.128,1.4681438
1370.714,1.4678301
1371.3,1.4675164
1371.886,1.467203
1372.472,1.4668899
1373.058,1.4665768
1373.644,1.466264
1374.23,1.4659514
1374.816,1.4656391
1375.402,1.4653269
1375.988,1.4650149
1376.574,1.4647031
1377.16,1.4643916
1377.746,1.4640801
1378.332,1.463769
1378.918,1.4634579
1379.504,1.4631472
1380.09,1.4628366
1380.676,1.4625262
1381.262,1.462216
1381.848,1.4619061
1382.434,1.4615963
1383.02,1.4612867
1383.606,1.4609773
1384.192,1.4606681
1384.778,1.4603591
1385.364,1.4600502
1385.95,1.4597416
1386.536,1.4594332
1387.122,1.459125
1387.708,1.458817
1388.294,1.4585092
1388.88,1.4582016
1389.466,1.4578941
1390.052,1.4575869
1390.638,1.4572798
1391.224,1.4569731
1391.81,1.4566664
1392.396,1.45636
1392.982,1.4560536
1393.568,1.4557476
1394.154,1.4554417
1394.74,1.4551361
1395.326,1.4548306
1395.912,1.4545252
1396.498,1.4542202
1397.084,1.4539152
1397.67,1.4536105
1398.256,1.4533057
1398.842,1.4530013
1399.428,1.4526969
1400.014,1.4523928
1400.6,1.4520888
1401.186,1.4517851
1401.772,1.4514816
1402.358,1.4511782
1402.944,1.450875
1403.53,1.450572
1404.116,1.4502692
1404.702,1.4499667
1405.288,1.4496642
1405.874,1.449362
1406.46,1.44906
1407.046,1.4487581
1407.632,1.4484565
1408.218,1.448155
1408.804,1.4478538
1409.39,1.4475527
1409.976,1.4472518
1410.562,1.446951
1411.148,1.4466505
1411.734,1.4463502
1412.32,1.4460502
1412.906,1.4457501
1413.492,1.4454503
1414.078,1.4451507
1414.664,1.4448514
1415.25,1.4445522
1415.836,1.4442531
1416.422,1.4439543
1417.008,1.4436556
1417.594,1.4433572
1418.18,1.443059
1418.766,1.4427608
1419.352,1.4424629
1419.938,1.4421653
1420.524,1.4418677
1421.11,1.4415704
1421.696,1.4412732
1422.282,1.4409763
1422.868,1.4406794
1423.454,1.4403828
1424.04,1.4400865
1424.626,1.4397902
1425.212,1.4394941
1425.798,1.4391983
1426.384,1.4389026
1426.97,1.4386071
1427.556,1.4383118
1428.142,1.4380167
1428.728,1.4377217
1429.314,1.4374269
1429.9,1.4371324
1430.486,1.4368379
1431.072,1.4365437
1431.658,1.4362496
1432.244,1.4359558
1432.83,1.435662
1433.416,1.4353685
1434.002,1.4350753
1434.588,1.4347821
1435.174,1.4344891
1435.76,1.4341964
1436.346,1.4339038
1436.932,1.4336114
1437.518,1.4333191
1438.104,1.433027
1438.69,1.4327352
1439.276,1.4324435
1439.862,1.4321519
1440.448,1.4318606
1441.034,1.4315695
1441.62,1.4312785
1442.206,1.4309876
1442.792,1.430697
1443.378,1.4304066
1443.964,1.4301163
1444.55,1.4298261
1445.136,1.4295362
1445.722,1.4292465
1446.308,1.428957
1446.894,1.4286675
1447.48,1.4283783
1448.066,1.4280893
1448.652,1.4278004
1449.238,1.4275118
1449.824,1.4272232
1450.41,1.426935
1450.996,1.4266467
1451.582,1.4263588
1452.168,1.4260709
1452.754,1.4257833
1453.34,1.4254959
1453.926,1.4252086
1454.512,1.4249215
1455.098,1.4246346
1455.684,1.4243478
1456.27,1.4240612
1456.856,1.4237748
1457.442,1.4234885
1458.028,1.4232025
1458.614,1.4229167
1459.2,1.4226309
1459.786,1.4223453
1460.372,1.4220599
1460.958,1.4217747
1461.544,1.4214897
1462.13,1.4212049
1462.716,1.4209201
1463.302,1.4206357
1463.888,1.4203514
1464.474,1.4200672
1465.06,1.4197831
1465.646,1.4194993
1466.232,1.4192157
1466.818,1.4189322
1467.404,1.4186488
1467.99,1.4183657
1468.576,1.4180827
1469.162,1.4177998
1469.748,1.4175173
1470.334,1.4172348
1470.92,1.4169525
1471.506,1.4166704
1472.092,1.4163884
1472.678,1.4161067
1473.264,1.415825
1473.85,1.4155436
1474.436,1.4152623
1475.022,1.4149811
1475.608,1.4147002
1476.194,1.4144194
1476.78,1.4141388
1477.366,1.4138583
1477.952,1.413578
1478.538,1.413298
1479.124,1.413018
1479.71,1.4127382
1480.296,1.4124587
1480.882,1.4121792
1481.468,1.4118999
1482.054,1.4116207
1482.64,1.4113418
1483.226,1.4110631
1483.812,1.4107845
1484.398,1.410506
1484.984,1.4102277
1485.57,1.4099497
1486.156,1.4096717
1486.742,1.4093939
1487.328,1.4091163
1487.914,1.4088387
1488.5,1.4085615
1489.086,1.4082843
1489.672,1.4080074
1490.258,1.4077306
1490.844,1.407454
1491.43,1.4071774
1492.016,1.4069011
1492.602,1.406625
1493.188,1.4063491
1493.774,1.4060732
1494.36,1.4057976
1494.946,1.405522
1495.532,1.4052467
1496.118,1.4049715
1496.704,1.4046966
1497.29,1.4044217
1497.876,1.4041469
1498.462,1.4038725
1499.048,1.4035982
1499.634,1.4033239
1500.22,1.4030498
1500.806,1.402776
1501.392,1.4025022
1501.978,1.4022287
1502.564,1.4019554
1503.15,1.401682
1503.736,1.401409
1504.322,1.401136
1504.908,1.4008633
1505.494,1.4005907
1506.08,1.4003183
1506.666,1.400046
1507.252,1.3997738
1507.838,1.3995019
1508.424,1.3992301
1509.01,1.3989584
1509.596,1.398687
1510.182,1.3984157
1510.768,1.3981445
1511.354,1.3978734
1511.94,1.3976027
1512.526,1.397332
1513.112,1.3970613
1513.698,1.396791
1514.284,1.3965207
1514.87,1.3962507
1515.456,1.3959808
1516.042,1.3957111
1516.628,1.3954414
1517.214,1.395172
1517.8,1.3949027
1518.386,1.3946335
1518.972,1.3943646
1519.558,1.3940958
1520.144,1.3938271
1520.73,1.3935586
1521.316,1.3932902
1521.902,1.3930218
1522.488,1.3927537
1523.074,1.3924857
1523.66,1.3922179
1524.246,1.3919501
1524.832,1.3916826
1525.418,1.3914152
1526.004,1.3911481
1526.59,1.3908809
1527.176,1.390614
1527.762,1.3903472
1528.348,1.3900807
1528.934,1.3898143
1529.52,1.3895479
1530.106,1.3892817
1530.692,1.3890158
1531.278,1.38875
1531.864,1.3884842
1532.45,1.3882188
1533.036,1.3879533
1533.622,1.387688
1534.208,1.387423
1534.794,1.3871582
1535.38,1.3868934
1535.966,1.3866287
1536.552,1.3863642
1537.138,1.3860999
1537.724,1.3858358
1538.31,1.3855717
1538.896,1.3853079
1539.482,1.3850441
1540.068,1.3847806
1540.654,1.3845172
1541.24,1.384254
1541.826,1.3839908
1542.412,1.3837279
1542.998,1.3834651
1543.584,1.3832024
1544.17,1.3829399
1544.756,1.3826776
1545.342,1.3824153
1545.928,1.3821533
1546.514,1.3818914
1547.1,1.3816296
1547.686,1.3813679
1548.272,1.3811065
1548.858,1.3808452
1549.444,1.380584
1550.03,1.3803229
1550.616,1.3800621
1551.202,1.3798014
1551.788,1.3795408
1552.374,1.3792804
1552.96,1.3790201
1553.546,1.37876
1554.132,1.3785
1554.718,1.3782402
1555.304,1.3779805
1555.89,1.377721
1556.476,1.3774616
1557.062,1.3772023
1557.648,1.3769432
1558.234,1.3766843
1558.82,1.3764255
1559.406,1.3761668
1559.992,1.3759083
1560.578,1.3756499
1561.164,1.3753917
1561.75,1.3751336
1562.336,1.3748757
1562.922,1.3746179
1563.508,1.3743603
1564.094,1.3741027
1564.68,1.3738455
1565.266,1.3735882
1565.852,1.3733312
1566.438,1.3730742
1567.024,1.3728174
1567.61,1.3725609
1568.196,1.3723043
1568.782,1.372048
1569.368,1.3717918
1569.954,1.3715358
1570.54,1.3712798
1571.126,1.3710241
1571.712,1.3707684
1572.298,1.370513
1572.884,1.3702576
1573.47,1.3700024
1574.056,1.3697474
1574.642,1.3694925
1575.228,1.3692377
1575.814,1.3689831
1576.4,1.3687286
1576.986,1.3684742
1577.572,1.3682201
1578.158,1.3679661
1578.744,1.3677121
1579.33,1.3674583
1579.916,1.3672047
1580.502,1.3669512
1581.088,1.3666979
1581.674,1.3664447
1582.26,1.3661916
1582.846,1.3659387
1583.432,1.3656859
1584.018,1.3654332
1584.604,1.3651807
1585.19,1.3649284
1585.776,1.3646762
1586.362,1.3644241
1586.948,1.3641722
1587.534,1.3639203
1588.12,1.3636687
1588.706,1.3634171
1589.292,1.3631657
1589.878,1.3629146
1590.464,1.3626634
1591.05,1.3624125
1591.636,1.3621616
1592.222,1.3619109
1592.808,1.3616604
1593.394,1.36141
1593.98,1.3611597
1594.566,1.3609096
1595.152,1.3606596
1595.738,1.3604097
1596.324,1.36016
1596.91,1.3599104
1597.496,1.359661
1598.082,1.3594117
1598.668,1.3591624
1599.254,1.3589134
1599.84,1.3586645
1600.426,1.3584157
1601.012,1.3581672
1601.598,1.3579187
1602.184,1.3576703
1602.77,1.3574221
1603.356,1.357174
1603.942,1.3569261
1604.528,1.3566782
1605.114,1.3564306
1605.7,1.3561831
1606.286,1.3559357
1606.872,1.3556885
1607.458,1.3554413
1608.044,1.3551943
1608.63,1.3549474
1609.216,1.3547007
1609.802,1.3544542
1610.388,1.3542076
1610.974,1.3539613
1611.56,1.3537152
1612.146,1.3534691
1612.732,1.3532232
1613.318,1.3529775
1613.904,1.3527318
1614.49,1.3524863
1615.076,1.3522409
1615.662,1.3519957
1616.248,1.3517505
1616.834,1.3515055
1617.42,1.3512607
1618.006,1.351016
1618.592,1.3507714
1619.178,1.3505269
1619.764,1.3502827
1620.35,1.3500385
1620.936,1.3497944
1621.522,1.3495505
1622.108,1.3493067
1622.694,1.349063
1623.28,1.3488196
1623.866,1.3485762
1624.452,1.3483329
1625.038,1.3480898
1625.624,1.3478469
1626.21,1.3476039
1626.796,1.3473612
1627.382,1.3471186
1627.968,1.3468761
1628.554,1.3466338
1629.14,1.3463916
1629.726,1.3461496
1630.312,1.3459076
1630.898,1.3456658
1631.484,1.3454241
1632.07,1.3451825
1632.656,1.3449411
1633.242,1.3446999
1633.828,1.3444587
1634.414,1.3442177
1635,1.3439767
1635.586,1.3437359
1636.172,1.3434954
1636.758,1.3432548
1637.344,1.3430145
1637.93,1.3427742
1638.516,1.3425341
1639.102,1.3422941
1639.688,1.3420542
1640.274,1.3418144
1640.86,1.3415748
1641.446,1.3413353
1642.032,1.341096
1642.618,1.3408568
1643.204,1.3406177
1643.79,1.3403786
1644.376,1.3401399
1644.962,1.3399011
1645.548,1.3396626
1646.134,1.3394241
1646.72,1.3391858
1647.306,1.3389475
1647.892,1.3387095
1648.478,1.3384715
1649.064,1.3382337
1649.65,1.337996
1650.236,1.3377584
1650.822,1.337521
1651.408,1.3372837
1651.994,1.3370465
1652.58,1.3368094
1653.166,1.3365725
1653.752,1.3363357
1654.338,1.336099
1654.924,1.3358624
1655.51,1.335626
1656.096,1.3353896
1656.682,1.3351535
1657.268,1.3349174
1657.854,1.3346815
1658.44,1.3344457
1659.026,1.33421
1659.612,1.3339745
1660.198,1.333739
1660.784,1.3335037
1661.37,1.3332685
1661.956,1.3330334
1662.542,1.3327985
1663.128,1.3325638
1663.714,1.332329
1664.3,1.3320944
1664.886,1.3318601
1665.472,1.3316257
1666.058,1.3313915
1666.644,1.3311574
1667.23,1.3309234
1667.816,1.3306897
1668.402,1.330456
1668.988,1.3302224
1669.574,1.329989
1670.16,1.3297557
1670.746,1.3295224
1671.332,1.3292893
1671.918,1.3290564
1672.504,1.3288236
1673.09,1.3285908
1673.676,1.3283582
1674.262,1.3281257
1674.848,1.3278934
1675.434,1.3276612
1676.02,1.3274291
1676.606,1.3271971
1677.192,1.3269652
1677.778,1.3267335
1678.364,1.3265018
1678.95,1.3262703
1679.536,1.326039
1680.122,1.3258077
1680.708,1.3255765
1681.294,1.3253455
1681.88,1.3251146
1682.466,1.3248839
1683.052,1.3246533
1683.638,1.3244227
1684.224,1.3241923
1684.81,1.323962
1685.396,1.3237318
1685.982,1.3235017
1686.568,1.3232719
1687.154,1.323042
1687.74,1.3228123
1688.326,1.3225827
1688.912,1.3223534
1689.498,1.322124
1690.084,1.3218948
1690.67,1.3216656
1691.256,1.3214366
1691.842,1.3212079
1692.428,1.3209791
1693.014,1.3207505
1693.6,1.320522
1694.186,1.3202937
1694.772,1.3200653
1695.358,1.3198372
1695.944,1.3196092
1696.53,1.3193812
1697.116,1.3191534
1697.702,1.3189257
1698.288,1.3186983
1698.874,1.3184708
1699.46,1.3182435
1700.046,1.3180163
1700.632,1.3177892
1701.218,1.3175622
1701.804,1.3173354
1702.39,1.3171086
1702.976,1.316882
1703.562,1.3166555
1704.148,1.3164291
1704.734,1.3162029
1705.32,1.3159767
1705.906,1.3157507
1706.492,1.3155248
1707.078,1.315299
1707.664,1.3150733
1708.25,1.3148477
1708.836,1.3146223
1709.422,1.314397
1710.008,1.3141717
1710.594,1.3139466
1711.18,1.3137217
1711.766,1.3134967
1712.352,1.313272
1712.938,1.3130474
1713.524,1.3128228
1714.11,1.3125985
1714.696,1.3123741
1715.282,1.31215
1715.868,1.3119259
1716.454,1.3117019
1717.04,1.3114781
1717.626,1.3112544
1718.212,1.3110307
1718.798,1.3108072
1719.384,1.3105838
1719.97,1.3103607
1720.556,1.3101375
1721.142,1.3099145
1721.728,1.3096915
1722.314,1.3094687
1722.9,1.3092459
1723.486,1.3090234
1724.072,1.3088009
1724.658,1.3085786
1725.244,1.3083563
1725.83,1.3081342
1726.416,1.3079122
1727.002,1.3076903
1727.588,1.3074685
1728.174,1.3072468
1728.76,1.3070253
1729.346,1.3068038
1729.932,1.3065825
1730.518,1.3063612
1731.104,1.3061401
1731.69,1.3059192
1732.276,1.3056983
1732.862,1.3054775
1733.448,1.3052568
1734.034,1.3050362
1734.62,1.3048158
1735.206,1.3045955
1735.792,1.3043753
1736.378,1.3041551
1736.964,1.3039352
1737.55,1.3037152
1738.136,1.3034955
1738.722,1.3032758
1739.308,1.3030562
1739.894,1.3028368
1740.48,1.3026175
1741.066,1.3023983
1741.652,1.3021791
1742.238,1.3019602
1742.824,1.3017412
1743.41,1.3015225
1743.996,1.3013039
1744.582,1.3010852
1745.168,1.3008668
1745.754,1.3006485
1746.34,1.3004303
1746.926,1.3002121
1747.512,1.2999941
1748.098,1.2997762
1748.684,1.2995584
1749.27,1.2993407
1749.856,1.2991232
1750.442,1.2989057
1751.028,1.2986884
1751.614,1.2984711
1752.2,1.298254
1752.786,1.2980369
1753.372,1.2978201
1753.958,1.2976032
1754.544,1.2973865
1755.13,1.2971699
1755.716,1.2969534
1756.302,1.2967371
1756.888,1.2965208
1757.474,1.2963047
1758.06,1.2960887
1758.646,1.2958727
1759.232,1.2956568
1759.818,1.2954412
1760.404,1.2952255
1760.99,1.29501
1761.576,1.2947946
1762.162,1.2945793
1762.748,1.2943641
1763.334,1.294149
1763.92,1.293934
1764.506,1.2937192
1765.092,1.2935045
1765.678,1.2932898
1766.264,1.2930752
1766.85,1.2928607
1767.436,1.2926464
1768.022,1.2924322
1768.608,1.2922181
1769.194,1.2920041
1769.78,1.2917901
1770.366,1.2915764
1770.952,1.2913626
1771.538,1.2911491
1772.124,1.2909356
1772.71,1.2907223
1773.296,1.290509
1773.882,1.2902957
1774.468,1.2900827
1775.054,1.2898698
1775.64,1.2896569
1776.226,1.2894442
1776.812,1.2892315
1777.398,1.289019
1777.984,1.2888066
1778.57,1.2885942
1779.156,1.2883821
1779.742,1.28817
1780.328,1.2879579
1780.914,1.287746
1781.5,1.2875342
1782.086,1.2873225
1782.672,1.2871109
1783.258,1.2868994
1783.844,1.286688
1784.43,1.2864767
1785.016,1.2862656
1785.602,1.2860545
1786.188,1.2858435
1786.774,1.2856327
1787.36,1.285422
1787.946,1.2852112
1788.532,1.2850007
1789.118,1.2847903
1789.704,1.2845799
1790.29,1.2843696
1790.876,1.2841595
1791.462,1.2839495
1792.048,1.2837396
1792.634,1.2835298
1793.22,1.28332
1793.806,1.2831104
1794.392,1.2829008
1794.978,1.2826914
1795.564,1.2824821
1796.15,1.2822728
1796.736,1.2820637
1797.322,1.2818547
1797.908,1.2816459
1798.494,1.281437
1799.08,1.2812283
1799.666,1.2810197
1800.252,1.2808112
1800.838,1.2806028
1801.424,1.2803946
1802.01,1.2801863
1802.596,1.2799783
1803.182,1.2797703
1803.768,1.2795624
1804.354,1.2793546
1804.94,1.2791469
1805.526,1.2789392
1806.112,1.2787318
1806.698,1.2785244
1807.284,1.2783171
1807.87,1.2781099
1808.456,1.2779028
1809.042,1.2776959
1809.628,1.2774889
1810.214,1.2772822
1810.8,1.2770755
1811.386,1.2768689
1811.972,1.2766625
1812.558,1.2764561
1813.144,1.2762498
1813.73,1.2760437
1814.316,1.2758375
1814.902,1.2756315
1815.488,1.2754257
1816.074,1.2752198
1816.66,1.2750142
1817.246,1.2748086
1817.832,1.2746031
1818.418,1.2743977
1819.004,1.2741925
1819.59,1.2739873
1820.176,1.2737821
1820.762,1.2735772
1821.348,1.2733723
1821.934,1.2731675
1822.52,1.2729628
1823.106,1.2727582
1823.692,1.2725537
1824.278,1.2723494
1824.864,1.272145
1825.45,1.2719408
1826.036,1.2717367
1826.622,1.2715327
1827.208,1.2713288
1827.794,1.271125
1828.38,1.2709213
1828.966,1.2707176
1829.552,1.2705141
1830.138,1.2703108
1830.724,1.2701074
1831.31,1.2699043
1831.896,1.2697011
1832.482,1.2694981
1833.068,1.2692951
1833.654,1.2690923
1834.24,1.2688895
1834.826,1.2686869
1835.412,1.2684844
1835.998,1.2682819
1836.584,1.2680796
1837.17,1.2678773
1837.756,1.2676752
1838.342,1.2674731
1838.928,1.2672712
1839.514,1.2670693
1840.1,1.2668675
1840.686,1.2666658
1841.272,1.2664642
1841.858,1.2662628
1842.444,1.2660614
1843.03,1.2658601
1843.616,1.265659
1844.202,1.2654579
1844.788,1.2652569
1845.374,1.265056
1845.96,1.2648551
1846.546,1.2646544
1847.132,1.2644538
1847.718,1.2642533
1848.304,1.2640529
1848.89,1.2638525
1849.476,1.2636523
1850.062,1.2634522
1850.648,1.2632521
1851.234,1.2630522
1851.82,1.2628523
1852.406,1.2626525
1852.992,1.2624528
1853.578,1.2622533
1854.164,1.2620538
1854.75,1.2618544
1855.336,1.2616552
1855.922,1.2614559
1856.508,1.2612568
1857.094,1.2610579
1857.68,1.2608589
1858.266,1.2606602
1858.852,1.2604614
1859.438,1.2602627
1860.024,1.2600642
1860.61,1.2598659
1861.196,1.2596675
1861.782,1.2594692
1862.368,1.259271
1862.954,1.259073
1863.54,1.258875
1864.126,1.2586771
1864.712,1.2584794
1865.298,1.2582816
1865.884,1.2580841
1866.47,1.2578865
1867.056,1.2576891
1867.642,1.2574918
1868.228,1.2572945
1868.814,1.2570974
1869.4,1.2569003
1869.986,1.2567034
1870.572,1.2565066
1871.158,1.2563097
1871.744,1.2561131
1872.33,1.2559166
1872.916,1.25572
1873.502,1.2555237
1874.088,1.2553273
1874.674,1.2551311
1875.26,1.254935
1875.846,1.2547389
1876.432,1.2545431
1877.018,1.2543472
1877.604,1.2541515
1878.19,1.2539558
1878.776,1.2537602
1879.362,1.2535647
1879.948,1.2533693
1880.534,1.2531741
1881.12,1.2529788
1881.706,1.2527838
1882.292,1.2525887
1882.878,1.2523937
1883.464,1.2521989
1884.05,1.2520041
1884.636,1.2518095
1885.222,1.2516149
1885.808,1.2514205
1886.394,1.2512261
1886.98,1.2510318
1887.566,1.2508376
1888.152,1.2506435
1888.738,1.2504494
1889.324,1.2502555
1889.91,1.2500616
1890.496,1.2498679
1891.082,1.2496742
1891.668,1.2494807
1892.254,1.2492872
1892.84,1.2490938
1893.426,1.2489004
1894.012,1.2487073
1894.598,1.2485142
1895.184,1.2483211
1895.77,1.2481282
1896.356,1.2479353
1896.942,1.2477425
1897.528,1.2475499
1898.114,1.2473572
1898.7,1.2471647
1899.286,1.2469723
1899.872,1.24678
1900.458,1.2465878
1901.044,1.2463956
1901.63,1.2462035
1902.216,1.2460116
1902.802,1.2458197
1903.388,1.245628
1903.974,1.2454362
1904.56,1.2452446
1905.146,1.2450532
1905.732,1.2448617
1906.318,1.2446704
1906.904,1.2444791
1907.49,1.2442878
1908.076,1.2440969
1908.662,1.2439058
1909.248,1.2437149
1909.834,1.2435241
1910.42,1.2433333
1911.006,1.2431427
1911.592,1.2429521
1912.178,1.2427617
1912.764,1.2425712
1913.35,1.242381
1913.936,1.2421908
1914.522,1.2420007
1915.108,1.2418107
1915.694,1.2416207
1916.28,1.2414309
1916.866,1.2412411
1917.452,1.2410514
1918.038,1.2408618
1918.624,1.2406722
1919.21,1.2404828
1919.796,1.2402935
1920.382,1.2401043
1920.968,1.2399151
1921.554,1.2397261
1922.14,1.239537
1922.726,1.2393482
1923.312,1.2391593
1923.898,1.2389706
1924.484,1.2387819
1925.07,1.2385933
1925.656,1.2384049
1926.242,1.2382165
1926.828,1.2380282
1927.414,1.2378399
1928,1.2376518
1928.586,1.2374638
1929.172,1.2372758
1929.758,1.237088
1930.344,1.2369002
1930.93,1.2367125
1931.516,1.2365249
1932.102,1.2363374
1932.688,1.2361499
1933.274,1.2359625
1933.86,1.2357754
1934.446,1.2355881
1935.032,1.235401
1935.618,1.235214
1936.204,1.2350271
1936.79,1.2348402
1937.376,1.2346535
1937.962,1.2344668
1938.548,1.2342801
1939.134,1.2340937
1939.72,1.2339072
1940.306,1.2337209
1940.892,1.2335346
1941.478,1.2333485
1942.064,1.2331624
1942.65,1.2329763
1943.236,1.2327905
1943.822,1.2326046
1944.408,1.2324189
1944.994,1.2322332
1945.58,1.2320476
1946.166,1.2318621
1946.752,1.2316767
1947.338,1.2314913
1947.924,1.2313061
1948.51,1.2311209
1949.096,1.2309358
1949.682,1.2307508
1950.268,1.2305659
1950.854,1.2303811
1951.44,1.2301964
1952.026,1.2300117
1952.612,1.229827
1953.198,1.2296426
1953.784,1.2294582
1954.37,1.2292738
1954.956,1.2290896
1955.542,1.2289054
1956.128,1.2287214
1956.714,1.2285373
1957.3,1.2283534
1957.886,1.2281696
1958.472,1.2279859
1959.058,1.2278022
1959.644,1.2276186
1960.23,1.2274351
1960.816,1.2272516
1961.402,1.2270683
1961.988,1.226885
1962.574,1.2267019
1963.16,1.2265188
1963.746,1.2263358
1964.332,1.2261528
1964.918,1.2259699
1965.504,1.2257872
1966.09,1.2256045
1966.676,1.2254219
1967.262,1.2252394
1967.848,1.2250569
1968.434,1.2248745
1969.02,1.2246922
1969.606,1.2245101
1970.192,1.2243279
1970.778,1.2241459
1971.364,1.223964
1971.95,1.2237821
1972.536,1.2236003
1973.122,1.2234186
1973.708,1.2232369
1974.294,1.2230555
1974.88,1.2228739
1975.466,1.2226926
1976.052,1.2225113
1976.638,1.22233
1977.224,1.2221489
1977.81,1.2219678
1978.396,1.2217869
1978.982,1.2216059
1979.568,1.2214251
1980.154,1.2212443
1980.74,1.2210637
1981.326,1.2208831
1981.912,1.2207026
1982.498,1.2205222
1983.084,1.2203418
1983.67,1.2201616
1984.256,1.2199814
1984.842,1.2198013
1985.428,1.2196213
1986.014,1.2194413
1986.6,1.2192614
1987.186,1.2190818
1987.772,1.218902
1988.358,1.2187223
1988.944,1.2185428
1989.53,1.2183633
1990.116,1.218184
1990.702,1.2180047
1991.288,1.2178254
1991.874,1.2176462
1992.46,1.2174672
1993.046,1.2172883
1993.632,1.2171093
1994.218,1.2169305
1994.804,1.2167517
1995.39,1.216573
1995.976,1.2163944
1996.562,1.216216
1997.148,1.2160375
1997.734,1.2158591
1998.32,1.2156808
1998.906,1.2155026
1999.492,1.2153245
2000.078,1.2151464
2000.664,1.2149686
2001.25,1.2147906
2001.836,1.2146128
2002.422,1.2144351
2003.008,1.2142574
2003.594,1.2140799
2004.18,1.2139024
2004.766,1.2137249
2005.352,1.2135476
2005.938,1.2133703
2006.524,1.2131931
2007.11,1.213016
2007.696,1.212839
2008.282,1.212662
2008.868,1.2124851
2009.454,1.2123083
2010.04,1.2121316
2010.626,1.211955
2011.212,1.2117784
2011.798,1.2116019
2012.384,1.2114254
2012.97,1.2112491
2013.556,1.2110729
2014.142,1.2108967
2014.728,1.2107207
2015.314,1.2105446
2015.9,1.2103686
2016.486,1.2101928
2017.072,1.210017
2017.658,1.2098413
2018.244,1.2096655
2018.83,1.2094899
2019.416,1.2093145
2020.002,1.2091391
2020.588,1.2089638
2021.174,1.2087885
2021.76,1.2086133
2022.346,1.2084382
2022.932,1.2082632
2023.518,1.2080882
2024.104,1.2079133
2024.69,1.2077385
2025.276,1.2075638
2025.862,1.2073891
2026.448,1.2072146
2027.034,1.2070401
2027.62,1.2068655
2028.206,1.2066913
2028.792,1.206517
2029.378,1.2063427
2029.964,1.2061687
2030.55,1.2059946
2031.136,1.2058207
2031.722,1.2056468
2032.308,1.2054729
2032.894,1.2052991
2033.48,1.2051255
2034.066,1.2049519
2034.652,1.2047783
2035.238,1.2046049
2035.824,1.2044315
2036.41,1.2042582
2036.996,1.204085
2037.582,1.2039119
2038.168,1.2037388
2038.754,1.2035658
2039.34,1.2033929
2039.926,1.20322
2040.512,1.2030473
2041.098,1.2028745
2041.684,1.2027019
2042.27,1.2025293
2042.856,1.2023569
2043.442,1.2021844
2044.028,1.2020122
2044.614,1.2018399
2045.2,1.2016677
2045.786,1.2014956
2046.372,1.2013236
2046.958,1.2011516
2047.544,1.2009797
2048.13,1.2008079
2048.716,1.2006361
2049.302,1.2004645
2049.888,1.2002929
2050.474,1.2001214
2051.06,1.19995
2051.646,1.1997786
2052.232,1.1996074
2052.818,1.1994361
2053.404,1.1992649
2053.99,1.1990938
2054.576,1.1989229
2055.162,1.1987519
2055.748,1.1985811
2056.334,1.1984103
2056.92,1.1982396
2057.506,1.198069
2058.092,1.1978984
2058.678,1.1977279
2059.264,1.1975574
2059.85,1.1973871
2060.436,1.1972169
2061.022,1.1970466
2061.608,1.1968765
2062.194,1.1967065
2062.78,1.1965365
2063.366,1.1963665
2063.952,1.1961968
2064.538,1.196027
2065.124,1.1958573
2065.71,1.1956877
2066.296,1.1955181
2066.882,1.1953486
2067.468,1.1951792
2068.054,1.1950099
2068.64,1.1948407
2069.226,1.1946715
2069.812,1.1945024
2070.398,1.1943333
2070.984,1.1941644
2071.57,1.1939955
2072.156,1.1938267
2072.742,1.1936579
2073.328,1.1934892
2073.914,1.1933206
2074.5,1.1931521
2075.086,1.1929836
2075.672,1.1928152
2076.258,1.1926469
2076.844,1.1924787
2077.43,1.1923105
2078.016,1.1921424
2078.602,1.1919743
2079.188,1.1918063
2079.774,1.1916385
2080.36,1.1914706
2080.946,1.1913029
2081.532,1.1911352
2082.118,1.1909676
2082.704,1.1908001
2083.29,1.1906325
2083.876,1.1904651
2084.462,1.1902978
2085.048,1.1901306
2085.634,1.1899633
2086.22,1.1897962
2086.806,1.1896292
2087.392,1.1894622
2087.978,1.1892953
2088.564,1.1891285
2089.15,1.1889617
2089.736,1.188795
2090.322,1.1886284
2090.908,1.1884618
2091.494,1.1882954
2092.08,1.1881289
2092.666,1.1879625
2093.252,1.1877962
2093.838,1.1876301
2094.424,1.187464
2095.01,1.1872979
2095.596,1.1871319
2096.182,1.1869659
2096.768,1.1868001
2097.354,1.1866343
2097.94,1.1864686
2098.526,1.186303
2099.112,1.1861373
2099.698,1.1859719
2100.284,1.1858064
2100.87,1.1856411
2101.456,1.1854757
2102.042,1.1853106
2102.628,1.1851454
2103.214,1.1849803
2103.8,1.1848153
2104.386,1.1846503
2104.972,1.1844854
2105.558,1.1843206
2106.144,1.1841558
2106.73,1.1839912
2107.316,1.1838266
2107.902,1.1836621
2108.488,1.1834975
2109.074,1.1833332
2109.66,1.1831688
2110.246,1.1830045
2110.832,1.1828403
2111.418,1.1826762
2112.004,1.1825122
2112.59,1.1823481
2113.176,1.1821842
2113.762,1.1820204
2114.348,1.1818566
2114.934,1.1816928
2115.52,1.1815293
2116.106,1.1813656
2116.692,1.1812022
2117.278,1.1810387
2117.864,1.1808753
2118.45,1.180712
2119.036,1.1805488
2119.622,1.1803856
2120.208,1.1802225
2120.794,1.1800594
2121.38,1.1798965
2121.966,1.1797336
2122.552,1.1795707
2123.138,1.179408
2123.724,1.1792452
2124.31,1.1790826
2124.896,1.17892
2125.482,1.1787575
2126.068,1.1785952
2126.654,1.1784328
2127.24,1.1782705
2127.826,1.1781082
2128.412,1.1779461
2128.998,1.177784
2129.584,1.177622
2130.17,1.17746
2130.756,1.1772981
2131.342,1.1771363
2131.928,1.1769745
2132.514,1.1768129
2133.1,1.1766512
2133.686,1.1764896
2134.272,1.1763282
2134.858,1.1761667
2135.444,1.1760054
2136.03,1.1758441
2136.616,1.1756828
2137.202,1.1755217
2137.788,1.1753606
2138.374,1.1751995
2138.96,1.1750386
2139.546,1.1748778
2140.132,1.1747169
2140.718,1.1745561
2141.304,1.1743954
2141.89,1.1742347
2142.476,1.1740743
2143.062,1.1739137
2143.648,1.1737533
2144.234,1.1735929
2144.82,1.1734326
2145.406,1.1732724
2145.992,1.1731123
2146.578,1.1729522
2147.164,1.1727921
2147.75,1.1726321
2148.336,1.1724722
2148.922,1.1723124
2149.508,1.1721526
2150.094,1.1719929
2150.68,1.1718333
2151.266,1.1716737
2151.852,1.1715142
2152.438,1.1713548
2153.024,1.1711954
2153.61,1.171036
2154.196,1.1708767
2154.782,1.1707176
2155.368,1.1705585
2155.954,1.1703994
2156.54,1.1702405
2157.126,1.1700815
2157.712,1.1699226
2158.298,1.1697639
2158.884,1.1696051
2159.47,1.1694465
2160.056,1.1692879
2160.642,1.1691294
2161.228,1.1689708
2161.814,1.1688125
2162.4,1.1686541
2162.986,1.1684958
2163.572,1.1683376
2164.158,1.1681795
2164.744,1.1680214
2165.33,1.1678634
2165.916,1.1677054
2166.502,1.1675476
2167.088,1.1673898
2167.674,1.1672319
2168.26,1.1670742
2168.846,1.1669166
2169.432,1.166759
2170.018,1.1666015
2170.604,1.1664441
2171.19,1.1662867
2171.776,1.1661295
2172.362,1.1659721
2172.948,1.165815
2173.534,1.1656579
2174.12,1.1655008
2174.706,1.1653438
2175.292,1.1651869
2175.878,1.16503
2176.464,1.1648732
2177.05,1.1647165
2177.636,1.1645597
2178.222,1.1644032
2178.808,1.1642466
2179.394,1.16409
2179.98,1.1639335
2180.566,1.1637771
2181.152,1.1636207
2181.738,1.1634643
2182.324,1.1633081
2182.91,1.1631519
2183.496,1.1629958
2184.082,1.1628398
2184.668,1.1626837
2185.254,1.1625278
2185.84,1.1623719
2186.426,1.1622161
2187.012,1.1620604
2187.598,1.1619047
2188.184,1.161749
2188.77,1.1615936
2189.356,1.161438
2189.942,1.1612825
2190.528,1.1611272
2191.114,1.1609719
2191.7,1.1608167
2192.286,1.1606615
2192.872,1.1605064
2193.458,1.1603513
2194.044,1.1601962
2194.63,1.1600413
2195.216,1.1598865
2195.802,1.1597316
2196.388,1.1595768
2196.974,1.1594222
2197.56,1.1592675
2198.146,1.1591129
2198.732,1.1589584
2199.318,1.1588041
2199.904,1.1586497
2200.49,1.1584953
2201.076,1.1583411
2201.662,1.1581869
2202.248,1.1580328
2202.834,1.1578786
2203.42,1.1577246
2204.006,1.1575707
2204.592,1.1574168
2205.178,1.1572629
2205.764,1.1571093
2206.35,1.1569555
2206.936,1.1568018
2207.522,1.1566483
2208.108,1.1564949
2208.694,1.1563413
2209.28,1.1561879
2209.866,1.1560346
2210.452,1.1558813
2211.038,1.1557281
2211.624,1.155575
2212.21,1.1554219
2212.796,1.1552688
2213.382,1.1551158
2213.968,1.154963
2214.554,1.1548102
2215.14,1.1546574
2215.726,1.1545047
2216.312,1.1543519
2216.898,1.1541994
2217.484,1.1540468
2218.07,1.1538943
2218.656,1.1537418
2219.242,1.1535895
2219.828,1.1534373
2220.414,1.1532849
2221,1.1531328
2221.586,1.1529807
2222.172,1.1528286
2222.758,1.1526766
2223.344,1.1525247
2223.93,1.1523728
2224.516,1.152221
2225.102,1.1520692
2225.688,1.1519175
2226.274,1.1517659
2226.86,1.1516143
2227.446,1.1514628
2228.032,1.1513113
2228.618,1.1511599
2229.204,1.1510086
2229.79,1.1508573
2230.376,1.1507061
2230.962,1.1505549
2231.548,1.1504039
2232.134,1.1502528
2232.72,1.1501018
2233.306,1.1499509
2233.892,1.1498001
2234.478,1.1496493
2235.064,1.1494985
2235.65,1.1493478
2236.236,1.1491972
2236.822,1.1490467
2237.408,1.1488961
2237.994,1.1487457
2238.58,1.1485952
2239.166,1.1484449
2239.752,1.1482947
2240.338,1.1481445
2240.924,1.1479943
2241.51,1.1478442
2242.096,1.1476942
2242.682,1.1475443
2243.268,1.1473943
2243.854,1.1472445
2244.44,1.1470946
2245.026,1.1469449
2245.612,1.1467953
2246.198,1.1466455
2246.784,1.1464961
2247.37,1.1463466
2247.956,1.1461971
2248.542,1.1460477
2249.128,1.1458983
2249.714,1.1457491
2250.3,1.1455998
2250.886,1.1454508
2251.472,1.1453017
2252.058,1.1451527
2252.644,1.1450037
2253.23,1.1448548
2253.816,1.1447059
2254.402,1.1445571
2254.988,1.1444083
2255.574,1.1442597
2256.16,1.144111
2256.746,1.1439625
2257.332,1.143814
2257.918,1.1436654
2258.504,1.1435171
2259.09,1.1433687
2259.676,1.1432204
2260.262,1.1430722
2260.848,1.1429241
2261.434,1.142776
2262.02,1.142628
2262.606,1.14248
2263.192,1.1423321
2263.778,1.1421841
2264.364,1.1420363
2264.95,1.1418886
2265.536,1.1417409
2266.122,1.1415932
2266.708,1.1414456
2267.294,1.1412981
2267.88,1.1411506
2268.466,1.1410033
2269.052,1.1408559
2269.638,1.1407086
2270.224,1.1405613
2270.81,1.1404141
2271.396,1.140267
2271.982,1.1401199
2272.568,1.1399729
2273.154,1.1398259
2273.74,1.1396791
2274.326,1.1395322
2274.912,1.1393855
2275.498,1.1392387
2276.084,1.1390921
2276.67,1.1389455
2277.256,1.1387988
2277.842,1.1386523
2278.428,1.1385059
2279.014,1.1383595
2279.6,1.1382132
2280.186,1.1380669
2280.772,1.1379207
2281.358,1.1377745
2281.944,1.1376284
2282.53,1.1374824
2283.116,1.1373364
2283.702,1.1371905
2284.288,1.1370445
2284.874,1.1368988
2285.46,1.136753
2286.046,1.1366073
2286.632,1.1364616
2287.218,1.1363161
2287.804,1.1361705
2288.39,1.136025
2288.976,1.1358795
2289.562,1.1357342
2290.148,1.1355889
2290.734,1.1354436
2291.32,1.1352984
2291.906,1.1351532
2292.492,1.1350081
2293.078,1.1348631
2293.664,1.1347181
2294.25,1.1345732
2294.836,1.1344284
2295.422,1.1342834
2296.008,1.1341387
2296.594,1.133994
2297.18,1.1338494
2297.766,1.1337048
2298.352,1.1335603
2298.938,1.1334157
2299.524,1.1332713
2300.11,1.133127
2300.696,1.1329826
2301.282,1.1328384
2301.868,1.1326942
2302.454,1.13255
2303.04,1.132406
2303.626,1.1322619
2304.212,1.1321179
2304.798,1.131974
2305.384,1.1318301
2305.97,1.1316863
2306.556,1.1315426
2307.142,1.1313988
2307.728,1.1312551
2308.314,1.1311116
2308.9,1.130968
2309.486,1.1308246
2310.072,1.1306812
2310.658,1.1305377
2311.244,1.1303943
2311.83,1.1302512
2312.416,1.1301079
2313.002,1.1299648
2313.588,1.1298217
2314.174,1.1296786
2314.76,1.1295356
2315.346,1.1293926
2315.932,1.1292498
2316.518,1.1291069
2317.104,1.1289642
2317.69,1.1288215
2318.276,1.1286788
2318.862,1.1285361
2319.448,1.1283935
2320.034,1.1282511
2320.62,1.1281086
2321.206,1.1279662
2321.792,1.1278239
2322.378,1.1276816
2322.964,1.1275394
2323.55,1.1273972
2324.136,1.1272551
2324.722,1.127113
2325.308,1.126971
2325.894,1.126829
2326.48,1.126687
2327.066,1.1265452
2327.652,1.1264035
2328.238,1.1262616
2328.824,1.12612
2329.41,1.1259784
2329.996,1.1258367
2330.582,1.1256952
2331.168,1.1255537
2331.754,1.1254123
2332.34,1.1252708
2332.926,1.1251296
2333.512,1.1249883
2334.098,1.1248471
2334.684,1.1247059
2335.27,1.1245649
2335.856,1.1244237
2336.442,1.1242827
2337.028,1.1241418
2337.614,1.1240009
2338.2,1.1238601
2338.786,1.1237193
2339.372,1.1235785
2339.958,1.1234379
2340.544,1.1232972
2341.13,1.1231567
2341.716,1.1230161
2342.302,1.1228757
2342.888,1.1227353
2343.474,1.122595
2344.06,1.1224546
2344.646,1.1223143
2345.232,1.1221741
2345.818,1.122034
2346.404,1.1218939
2346.99,1.1217538
2347.576,1.1216139
2348.162,1.1214739
2348.748,1.1213341
2349.334,1.1211941
2349.92,1.1210544
2350.506,1.1209147
2351.092,1.120775
2351.678,1.1206354
2352.264,1.1204958
2352.85,1.1203563
2353.436,1.1202167
2354.022,1.1200774
2354.608,1.119938
2355.194,1.1197987
2355.78,1.1196594
2356.366,1.1195202
2356.952,1.1193811
2357.538,1.119242
2358.124,1.119103
2358.71,1.118964
2359.296,1.118825
2359.882,1.1186861
2360.468,1.1185472
2361.054,1.1184084
2361.64,1.1182697
2362.226,1.118131
2362.812,1.1179924
2363.398,1.1178538
2363.984,1.1177152
2364.57,1.1175768
2365.156,1.1174384
2365.742,1.1173
2366.328,1.1171616
2366.914,1.1170235
2367.5,1.1168852
2368.086,1.116747
2368.672,1.116609
2369.258,1.1164708
2369.844,1.1163328
2370.43,1.1161948
2371.016,1.1160569
2371.602,1.1159191
2372.188,1.1157813
2372.774,1.1156435
2373.36,1.1155058
2373.946,1.1153681
2374.532,1.1152306
2375.118,1.115093
2375.704,1.1149555
2376.29,1.1148181
2376.876,1.1146806
2377.462,1.1145433
2378.048,1.114406
2378.634,1.1142688
2379.22,1.1141316
2379.806,1.1139945
2380.392,1.1138574
2380.978,1.1137203
2381.564,1.1135833
2382.15,1.1134464
2382.736,1.1133095
2383.322,1.1131727
2383.908,1.1130358
2384.494,1.1128991
2385.08,1.1127625
2385.666,1.1126258
2386.252,1.1124892
2386.838,1.1123527
2387.424,1.1122162
2388.01,1.1120797
2388.596,1.1119434
2389.182,1.1118071
2389.768,1.1116707
2390.354,1.1115345
2390.94,1.1113983
2391.526,1.1112622
2392.112,1.1111262
2392.698,1.1109902
2393.284,1.1108541
2393.87,1.1107183
2394.456,1.1105824
2395.042,1.1104465
2395.628,1.1103107
2396.214,1.110175
2396.8,1.1100394
2397.386,1.1099037
2397.972,1.1097682
2398.558,1.1096326
2399.144,1.1094971
2399.73,1.1093616
2400.316,1.1092263
2400.902,1.109091
2401.488,1.1089557
2402.074,1.1088204
2402.66,1.1086853
2403.246,1.1085502
2403.832,1.1084151
2404.418,1.1082801
2405.004,1.1081451
2405.59,1.1080102
2406.176,1.1078752
2406.762,1.1077405
2407.348,1.1076057
2407.934,1.107471
2408.52,1.1073363
2409.106,1.1072016
2409.692,1.107067
2410.278,1.1069325
2410.864,1.1067981
2411.45,1.1066636
2412.036,1.1065292
2412.622,1.1063949
2413.208,1.1062605
2413.794,1.1061263
2414.38,1.1059922
2414.966,1.1058581
2415.552,1.1057239
2416.138,1.1055899
2416.724,1.1054559
2417.31,1.105322
2417.896,1.105188
2418.482,1.1050541
2419.068,1.1049204
2419.654,1.1047866
2420.24,1.104653
2420.826,1.1045194
2421.412,1.1043857
2421.998,1.1042522
2422.584,1.1041187
2423.17,1.1039852
2423.756,1.1038517
2424.342,1.1037182
2424.928,1.1035848
2425.514,1.1034514
2426.1,1.1033181
2426.686,1.1031848
2427.272,1.1030515
2427.858,1.1029184
2428.444,1.1027852
2429.03,1.1026522
2429.616,1.1025192
2430.202,1.1023861
2430.788,1.1022532
2431.374,1.1021203
2431.96,1.1019875
2432.546,1.1018547
2433.132,1.101722
2433.718,1.1015892
2434.304,1.1014566
2434.89,1.1013241
2435.476,1.1011914
2436.062,1.101059
2436.648,1.1009265
2437.234,1.1007941
2437.82,1.1006618
2438.406,1.1005294
2438.992,1.1003972
2439.578,1.100265
2440.164,1.1001328
2440.75,1.1000007
2441.336,1.0998687
2441.922,1.0997366
2442.508,1.0996046
2443.094,1.0994728
2443.68,1.0993408
2444.266,1.099209
2444.852,1.0990772
2445.438,1.0989455
2446.024,1.0988138
2446.61,1.0986822
2447.196,1.0985506
2447.782,1.098419
2448.368,1.0982875
2448.954,1.0981561
2449.54,1.0980246
2450.126,1.0978932
2450.712,1.097762
2451.298,1.0976307
2451.884,1.0974995
2452.47,1.0973684
2453.056,1.0972372
2453.642,1.0971061
2454.228,1.0969751
2454.814,1.0968442
2455.4,1.0967132
2455.986,1.0965823
2456.572,1.0964515
2457.158,1.0963207
2457.744,1.09619
2458.33,1.0960592
2458.916,1.0959287
2459.502,1.095798
2460.088,1.0956675
2460.674,1.0955369
2461.26,1.0954065
2461.846,1.0952761
2462.432,1.0951457
2463.018,1.0950154
2463.604,1.0948851
2464.19,1.0947549
2464.776,1.0946248
2465.362,1.0944946
2465.948,1.0943645
2466.534,1.0942345
2467.12,1.0941045
2467.706,1.0939745
2468.292,1.0938447
2468.878,1.0937147
2469.464,1.093585
2470.05,1.0934552
2470.636,1.0933255
2471.222,1.0931958
2471.808,1.0930662
2472.394,1.0929366
2472.98,1.0928071
2473.566,1.0926776
2474.152,1.0925481
2474.738,1.0924188
2475.324,1.0922894
2475.91,1.0921601
2476.496,1.0920309
2477.082,1.0919017
2477.668,1.0917726
2478.254,1.0916435
2478.84,1.0915143
2479.426,1.0913854
2480.012,1.0912564
2480.598,1.0911274
2481.184,1.0909985
2481.77,1.0908697
2482.356,1.0907409
2482.942,1.0906122
2483.528,1.0904835
2484.114,1.0903548
2484.7,1.0902262
2485.286,1.0900977
2485.872,1.0899692
2486.458,1.0898407
2487.044,1.0897123
2487.63,1.0895839
2488.216,1.0894556
2488.802,1.0893272
2489.388,1.0891991
2489.974,1.0890708
2490.56,1.0889426
2491.146,1.0888146
2491.732,1.0886865
2492.318,1.0885586
2492.904,1.0884305
2493.49,1.0883026
2494.076,1.0881747
2494.662,1.0880469
2495.248,1.0879191
2495.834,1.0877913
2496.42,1.0876637
2497.006,1.0875361
2497.592,1.0874084
2498.178,1.0872809
2498.764,1.0871533
2499.35,1.0870259
2499.936,1.0868984
2500.522,1.0867711
2501.108,1.0866437
2501.694,1.0865165
2502.28,1.0863892
2502.866,1.086262
2503.452,1.0861349
2504.038,1.0860077
2504.624,1.0858806
2505.21,1.0857537
2505.796,1.0856267
2506.382,1.0854998
2506.968,1.0853729
2507.554,1.0852461
2508.14,1.0851192
2508.726,1.0849925
2509.312,1.0848658
2509.898,1.0847391
2510.484,1.0846125
2511.07,1.0844859
2511.656,1.0843594
2512.242,1.0842329
2512.828,1.0841064
2513.414,1.0839801
2514,1.0838537
2514.586,1.0837275
2515.172,1.0836012
2515.758,1.083475
2516.344,1.0833488
2516.93,1.0832226
2517.516,1.0830966
2518.102,1.0829705
2518.688,1.0828446
2519.274,1.0827186
2519.86,1.0825927
2520.446,1.0824668
2521.032,1.0823411
2521.618,1.0822152
2522.204,1.0820895
2522.79,1.0819638
2523.376,1.0818383
2523.962,1.0817126
2524.548,1.0815871
2525.134,1.0814615
2525.72,1.081336
2526.306,1.0812106
2526.892,1.0810853
2527.478,1.0809599
2528.064,1.0808346
2528.65,1.0807095
2529.236,1.0805843
2529.822,1.0804591
2530.408,1.0803339
2530.994,1.0802089
2531.58,1.0800838
2532.166,1.0799589
2532.752,1.079834
2533.338,1.0797091
2533.924,1.0795842
2534.51,1.0794594
2535.096,1.0793346
2535.682,1.0792099
2536.268,1.0790852
2536.854,1.0789607
2537.44,1.078836
2538.026,1.0787115
2538.612,1.0785869
2539.198,1.0784625
2539.784,1.0783381
2540.37,1.0782137
2540.956,1.0780894
2541.542,1.0779651
2542.128,1.0778409
2542.714,1.0777167
2543.3,1.0775925
2543.886,1.0774684
2544.472,1.0773443
2545.058,1.0772203
2545.644,1.0770963
2546.23,1.0769724
2546.816,1.0768485
2547.402,1.0767246
2547.988,1.0766009
2548.574,1.0764771
2549.16,1.0763533
2549.746,1.0762297
2550.332,1.0761061
2550.918,1.0759825
2551.504,1.075859
2552.09,1.0757354
2552.676,1.0756119
2553.262,1.0754884
2553.848,1.0753651
2554.434,1.0752418
2555.02,1.0751185
2555.606,1.0749953
2556.192,1.074872
2556.778,1.0747489
2557.364,1.0746257
2557.95,1.0745027
2558.536,1.0743797
2559.122,1.0742567
2559.708,1.0741338
2560.294,1.0740107
2560.88,1.0738879
2561.466,1.073765
2562.052,1.0736423
2562.638,1.0735196
2563.224,1.0733968
2563.81,1.0732743
2564.396,1.0731516
2564.982,1.073029
2565.568,1.0729065
2566.154,1.0727839
2566.74,1.0726615
2567.326,1.0725392
2567.912,1.0724168
2568.498,1.0722945
2569.084,1.0721723
2569.67,1.07205
2570.256,1.0719278
2570.842,1.0718057
2571.428,1.0716835
2572.014,1.0715615
2572.6,1.0714395
2573.186,1.0713176
2573.772,1.0711956
2574.358,1.0710737
2574.944,1.0709518
2575.53,1.07083
2576.116,1.0707083
2576.702,1.0705866
2577.288,1.0704648
2577.874,1.0703433
2578.46,1.0702215
2579.046,1.0701001
2579.632,1.0699785
2580.218,1.069857
2580.804,1.0697356
2581.39,1.0696142
2581.976,1.0694928
2582.562,1.0693716
2583.148,1.0692502
2583.734,1.0691291
2584.32,1.0690079
2584.906,1.0688868
2585.492,1.0687656
2586.078,1.0686446
2586.664,1.0685235
2587.25,1.0684025
2587.836,1.0682817
2588.422,1.0681608
2589.008,1.0680399
2589.594,1.0679191
2590.18,1.0677984
2590.766,1.0676776
2591.352,1.0675569
2591.938,1.0674362
2592.524,1.0673157
2593.11,1.0671951
2593.696,1.0670745
2594.282,1.0669541
2594.868,1.0668336
2595.454,1.0667132
2596.04,1.0665929
2596.626,1.0664725
2597.212,1.0663522
2597.798,1.0662321
2598.384,1.0661119
2598.97,1.0659918
2599.556,1.0658717
2600.142,1.0657516
2600.728,1.0656315
2601.314,1.0655116
2601.9,1.0653917
2602.486,1.0652717
2603.072,1.0651518
2603.658,1.065032
2604.244,1.0649122
2604.83,1.0647925
2605.416,1.0646728
2606.002,1.0645531
2606.588,1.0644336
2607.174,1.064314
2607.76,1.0641944
2608.346,1.0640749
2608.932,1.0639554
2609.518,1.0638361
2610.104,1.0637167
2610.69,1.0635973
2611.276,1.063478
2611.862,1.0633588
2612.448,1.0632396
2613.034,1.0631205
2613.62,1.0630013
2614.206,1.0628822
2614.792,1.0627631
2615.378,1.0626441
2615.964,1.0625252
2616.55,1.0624062
2617.136,1.0622873
2617.722,1.0621685
2618.308,1.0620496
2618.894,1.0619309
2619.48,1.0618122
2620.066,1.0616935
2620.652,1.0615748
2621.238,1.0614562
2621.824,1.0613377
2622.41,1.0612191
2622.996,1.0611007
2623.582,1.0609822
2624.168,1.0608639
2624.754,1.0607455
2625.34,1.0606271
2625.926,1.0605088
2626.512,1.0603906
2627.098,1.0602725
2627.684,1.0601542
2628.27,1.0600361
2628.856,1.059918
2629.442,1.0597999
2630.028,1.0596819
2630.614,1.0595638
2631.2,1.0594457
2631.786,1.0593277
2632.372,1.0592097
2632.958,1.0590918
2633.544,1.0589739
2634.13,1.058856
2634.716,1.0587382
2635.302,1.0586205
2635.888,1.0585027
2636.474,1.058385
2637.06,1.0582674
2637.646,1.0581497
2638.232,1.0580322
2638.818,1.0579146
2639.404,1.0577971
2639.99,1.0576795
2640.576,1.0575622
2641.162,1.0574448
2641.748,1.0573274
2642.334,1.0572102
2642.92,1.0570929
2643.506,1.0569756
2644.092,1.0568584
2644.678,1.0567414
2645.264,1.0566242
2645.85,1.0565071
2646.436,1.0563902
2647.022,1.0562731
2647.608,1.0561562
2648.194,1.0560392
2648.78,1.0559224
2649.366,1.0558056
2649.952,1.0556887
2650.538,1.055572
2651.124,1.0554553
2651.71,1.0553386
2652.296,1.055222
2652.882,1.0551053
2653.468,1.0549889
2654.054,1.0548723
2654.64,1.0547558
2655.226,1.0546393
2655.812,1.054523
2656.398,1.0544066
2656.984,1.0542903
2657.57,1.0541739
2658.156,1.0540577
2658.742,1.0539415
2659.328,1.0538254
2659.914,1.0537093
2660.5,1.0535932
2661.086,1.053477
2661.672,1.0533611
2662.258,1.0532451
2662.844,1.0531291
2663.43,1.0530132
2664.016,1.0528973
2664.602,1.0527816
2665.188,1.0526658
2665.774,1.0525501
2666.36,1.0524343
2666.946,1.0523187
2667.532,1.0522031
2668.118,1.0520874
2668.704,1.0519719
2669.29,1.0518564
2669.876,1.0517409
2670.462,1.0516255
2671.048,1.0515101
2671.634,1.0513947
2672.22,1.0512793
2672.806,1.051164
2673.392,1.0510489
2673.978,1.0509336
2674.564,1.0508184
2675.15,1.0507033
2675.736,1.0505883
2676.322,1.0504732
2676.908,1.0503582
2677.494,1.0502431
2678.08,1.0501282
2678.666,1.0500133
2679.252,1.0498984
2679.838,1.0497837
2680.424,1.0496688
2681.01,1.0495541
2681.596,1.0494393
2682.182,1.0493248
2682.768,1.0492101
2683.354,1.0490955
2683.94,1.048981
2684.526,1.0488664
2685.112,1.0487518
2685.698,1.0486375
2686.284,1.0485231
2686.87,1.0484086
2687.456,1.0482943
2688.042,1.04818
2688.628,1.0480658
2689.214,1.0479516
2689.8,1.0478374
2690.386,1.0477232
2690.972,1.0476091
2691.558,1.047495
2692.144,1.047381
2692.73,1.047267
2693.316,1.0471531
2693.902,1.0470392
2694.488,1.0469253
2695.074,1.0468115
2695.66,1.0466976
2696.246,1.0465838
2696.832,1.0464702
2697.418,1.0463564
2698.004,1.0462427
2698.59,1.0461291
2699.176,1.0460155
2699.762,1.045902
2700.348,1.0457885
2700.934,1.045675
2701.52,1.0455616
2702.106,1.0454482
2702.692,1.0453348
2703.278,1.0452214
2703.864,1.0451082
2704.45,1.044995
2705.036,1.0448817
2705.622,1.0447686
2706.208,1.0446554
2706.794,1.0445423
2707.38,1.0444293
2707.966,1.0443163
2708.552,1.0442033
2709.138,1.0440903
2709.724,1.0439774
2710.31,1.0438646
2710.896,1.0437517
2711.482,1.0436389
2712.068,1.0435262
2712.654,1.0434134
2713.24,1.0433007
2713.826,1.0431881
2714.412,1.0430754
2714.998,1.0429629
2715.584,1.0428503
2716.17,1.0427378
2716.756,1.0426253
2717.342,1.0425129
2717.928,1.0424005
2718.514,1.0422882
2719.1,1.0421758
2719.686,1.0420636
2720.272,1.0419513
2720.858,1.0418391
2721.444,1.0417269
2722.03,1.0416148
2722.616,1.0415027
2723.202,1.0413907
2723.788,1.0412786
2724.374,1.0411665
2724.96,1.0410546
2725.546,1.0409427
2726.132,1.0408309
2726.718,1.0407189
2727.304,1.0406072
2727.89,1.0404954
2728.476,1.0403837
2729.062,1.040272
2729.648,1.0401603
2730.234,1.0400487
2730.82,1.039937
2731.406,1.0398254
2731.992,1.039714
2732.578,1.0396025
2733.164,1.0394911
2733.75,1.0393796
2734.336,1.0392683
2734.922,1.0391569
2735.508,1.0390457
2736.094,1.0389344
2736.68,1.0388231
2737.266,1.0387119
2737.852,1.0386008
2738.438,1.0384897
2739.024,1.0383786
2739.61,1.0382675
2740.196,1.0381565
2740.782,1.0380455
2741.368,1.0379345
2741.954,1.0378237
2742.54,1.0377128
2743.126,1.0376021
2743.712,1.0374912
2744.298,1.0373805
2744.884,1.0372697
2745.47,1.037159
2746.056,1.0370483
2746.642,1.0369377
2747.228,1.0368272
2747.814,1.0367166
2748.4,1.0366061
2748.986,1.0364956
2749.572,1.0363852
2750.158,1.0362748
2750.744,1.0361644
2751.33,1.0360541
2751.916,1.0359439
2752.502,1.0358336
2753.088,1.0357233
2753.674,1.0356132
2754.26,1.0355029
2754.846,1.0353929
2755.432,1.0352827
2756.018,1.0351727
2756.604,1.0350627
2757.19,1.0349528
2757.776,1.0348428
2758.362,1.0347329
2758.948,1.034623
2759.534,1.0345132
2760.12,1.0344033
2760.706,1.0342937
2761.292,1.0341839
2761.878,1.0340742
2762.464,1.0339645
2763.05,1.033855
2763.636,1.0337453
2764.222,1.0336357
2764.808,1.0335263
2765.394,1.0334167
2765.98,1.0333073
2766.566,1.0331979
2767.152,1.0330886
2767.738,1.0329792
2768.324,1.0328699
2768.91,1.0327606
2769.496,1.0326514
2770.082,1.0325422
2770.668,1.032433
2771.254,1.032324
2771.84,1.0322148
2772.426,1.0321058
2773.012,1.0319967
2773.598,1.0318878
2774.184,1.0317788
2774.77,1.0316699
2775.356,1.031561
2775.942,1.0314522
2776.528,1.0313433
2777.114,1.0312346
2777.7,1.0311258
2778.286,1.0310171
2778.872,1.0309085
2779.458,1.0307997
2780.044,1.0306911
2780.63,1.0305827
2781.216,1.0304741
2781.802,1.0303656
2782.388,1.0302571
2782.974,1.0301486
2783.56,1.0300403
2784.146,1.0299319
2784.732,1.0298237
2785.318,1.0297153
2785.904,1.0296071
2786.49,1.0294988
2787.076,1.0293907
2787.662,1.0292825
2788.248,1.0291743
2788.834,1.0290663
2789.42,1.0289582
2790.006,1.0288502
2790.592,1.0287422
2791.178,1.0286343
2791.764,1.0285264
2792.35,1.0284185
2792.936,1.0283107
2793.522,1.0282028
2794.108,1.0280951
2794.694,1.0279874
2795.28,1.0278796
2795.866,1.0277719
2796.452,1.0276643
2797.038,1.0275567
2797.624,1.0274491
2798.21,1.0273416
2798.796,1.0272341
2799.382,1.0271267
2799.968,1.0270191
2800.554,1.0269119
2801.14,1.0268044
2801.726,1.0266972
2802.312,1.0265898
2802.898,1.0264826
2803.484,1.0263753
2804.07,1.0262681
2804.656,1.026161
2805.242,1.0260539
2805.828,1.0259467
2806.414,1.0258397
2807,1.0257326
2807.586,1.0256257
2808.172,1.0255188
2808.758,1.0254118
2809.344,1.0253049
2809.93,1.0251981
2810.516,1.0250912
2811.102,1.0249845
2811.688,1.0248778
2812.274,1.024771
2812.86,1.0246643
2813.446,1.0245576
2814.032,1.024451
2814.618,1.0243444
2815.204,1.024238
2815.79,1.0241314
2816.376,1.024025
2816.962,1.0239185
2817.548,1.0238121
2818.134,1.0237056
2818.72,1.0235993
2819.306,1.0234931
2819.892,1.0233867
2820.478,1.0232805
2821.064,1.0231743
2821.65,1.0230681
2822.236,1.0229617
2822.822,1.0228555
2823.408,1.0227492
2823.994,1.022643
2824.58,1.0225368
2825.166,1.0224307
2825.752,1.0223244
2826.338,1.0222183
2826.924,1.0221124
2827.51,1.0220064
2828.096,1.0219003
2828.682,1.0217943
2829.268,1.0216885
2829.854,1.0215826
2830.44,1.0214767
2831.026,1.0213709
2831.612,1.0212651
2832.198,1.0211593
2832.784,1.0210536
2833.37,1.0209479
2833.956,1.0208423
2834.542,1.0207367
2835.128,1.0206311
2835.714,1.0205256
2836.3,1.0204201
2836.886,1.0203146
2837.472,1.0202091
2838.058,1.0201037
2838.644,1.0199983
2839.23,1.0198929
2839.816,1.0197877
2840.402,1.0196824
2840.988,1.0195771
2841.574,1.0194719
2842.16,1.0193667
2842.746,1.0192616
2843.332,1.0191565
2843.918,1.0190514
2844.504,1.0189464
2845.09,1.0188414
2845.676,1.0187364
2846.262,1.0186315
2846.848,1.0185266
2847.434,1.0184216
2848.02,1.0183169
2848.606,1.0182121
2849.192,1.0181073
2849.778,1.0180025
2850.364,1.0178978
2850.95,1.0177932
2851.536,1.0176885
2852.122,1.017584
2852.708,1.0174793
2853.294,1.0173748
2853.88,1.0172702
2854.466,1.0171658
2855.052,1.0170614
2855.638,1.0169569
2856.224,1.0168526
2856.81,1.0167483
2857.396,1.016644
2857.982,1.0165397
2858.568,1.0164355
2859.154,1.0163312
2859.74,1.016227
2860.326,1.0161229
2860.912,1.0160187
2861.498,1.0159148
2862.084,1.0158107
2862.67,1.0157067
2863.256,1.0156027
2863.842,1.0154988
2864.428,1.0153948
2865.014,1.015291
2865.6,1.0151871
2866.186,1.0150833
2866.772,1.0149796
2867.358,1.0148758
2867.944,1.0147721
2868.53,1.0146685
2869.116,1.0145648
2869.702,1.0144612
2870.288,1.0143576
2870.874,1.0142541
2871.46,1.0141505
2872.046,1.014047
2872.632,1.0139436
2873.218,1.0138402
2873.804,1.0137368
2874.39,1.0136335
2874.976,1.0135301
2875.562,1.0134269
2876.148,1.0133235
2876.734,1.0132203
2877.32,1.0131172
2877.906,1.0130141
2878.492,1.012911
2879.078,1.0128078
2879.664,1.0127047
2880.25,1.0126017
2880.836,1.0124987
2881.422,1.0123959
2882.008,1.0122929
2882.594,1.01219
2883.18,1.0120871
2883.766,1.0119842
2884.352,1.0118815
2884.938,1.0117787
2885.524,1.011676
2886.11,1.0115733
2886.696,1.0114707
2887.282,1.011368
2887.868,1.0112654
2888.454,1.0111629
2889.04,1.0110602
2889.626,1.0109577
2890.212,1.0108553
2890.798,1.0107528
2891.384,1.0106505
2891.97,1.0105481
2892.556,1.0104457
2893.142,1.0103434
2893.728,1.0102412
2894.314,1.0101389
2894.9,1.0100367
2895.486,1.0099344
2896.072,1.0098324
2896.658,1.0097302
2897.244,1.0096281
2897.83,1.009526
2898.416,1.0094241
2899.002,1.009322
2899.588,1.0092201
2900.174,1.0091182
2900.76,1.0090163
2901.346,1.0089144
2901.932,1.0088125
2902.518,1.0087107
2903.104,1.0086089
2903.69,1.0085073
2904.276,1.0084056
2904.862,1.0083039
2905.448,1.0082022
2906.034,1.0081006
2906.62,1.0079991
2907.206,1.0078975
2907.792,1.0077959
2908.378,1.0076945
2908.964,1.007593
2909.55,1.0074916
2910.136,1.0073903
2910.722,1.0072888
2911.308,1.0071876
2911.894,1.0070863
2912.48,1.0069851
2913.066,1.0068837
2913.652,1.0067825
2914.238,1.0066814
2914.824,1.0065802
2915.41,1.0064791
2915.996,1.0063781
2916.582,1.0062771
2917.168,1.006176
2917.754,1.006075
2918.34,1.0059742
2918.926,1.0058732
2919.512,1.0057724
2920.098,1.0056714
2920.684,1.0055707
2921.27,1.0054698
2921.856,1.0053691
2922.442,1.0052683
2923.028,1.0051676
2923.614,1.005067
2924.2,1.0049664
2924.786,1.0048658
2925.372,1.0047652
2925.958,1.0046647
2926.544,1.0045642
2927.13,1.0044637
2927.716,1.0043632
2928.302,1.0042628
2928.888,1.0041624
2929.474,1.0040621
2930.06,1.0039617
2930.646,1.0038614
2931.232,1.0037612
2931.818,1.0036609
2932.404,1.0035608
2932.99,1.0034605
2933.576,1.0033604
2934.162,1.0032604
2934.748,1.0031602
2935.334,1.0030602
2935.92,1.0029602
2936.506,1.0028602
2937.092,1.0027603
2937.678,1.0026604
2938.264,1.0025604
2938.85,1.0024606
2939.436,1.0023608
2940.022,1.0022609
2940.608,1.0021613
2941.194,1.0020615
2941.78,1.0019617
2942.366,1.001862
2942.952,1.0017624
2943.538,1.0016627
2944.124,1.0015628
2944.71,1.0014632
2945.296,1.0013634
2945.882,1.0012637
2946.468,1.0011641
2947.054,1.0010644
2947.64,1.0009648
2948.226,1.0008652
2948.812,1.0007657
2949.398,1.0006661
2949.984,1.0005667
2950.57,1.0004672
2951.156,1.0003678
2951.742,1.0002683
2952.328,1.000169
2952.914,1.0000697
2953.5,0.99997044
2954.086,0.99987119
2954.672,0.99977189
2955.258,0.99967271
2955.844,0.99957353
2956.43,0.99947441
2957.016,0.99937522
2957.602,0.99927616
2958.188,0.9991771
2958.774,0.99907809
2959.36,0.99897909
2959.946,0.99888009
2960.532,0.9987812
2961.118,0.99868226
2961.704,0.99858338
2962.29,0.99848455
2962.876,0.99838573
2963.462,0.99828696
2964.048,0.9981882
2964.634,0.99808943
2965.22,0.99799079
2965.806,0.99789214
2966.392,0.9977935
2966.978,0.99769485
2967.564,0.99759626
2968.15,0.9974978
2968.736,0.99739921
2969.322,0.99730074
2969.908,0.99720228
2970.494,0.99710387
2971.08,0.99700552
2971.666,0.99690711
2972.252,0.99680877
2972.838,0.99671048
2973.424,0.99661219
2974.01,0.99651396
2974.596,0.99641573
2975.182,0.99631757
2975.768,0.9962194
2976.354,0.99612129
2976.94,0.99602318
2977.526,0.99592513
2978.112,0.99582708
2978.698,0.99572909
2979.284,0.9956311
2979.87,0.99553317
2980.456,0.99543524
2981.042,0.99533737
2981.628,0.9952395
2982.214,0.99514169
2982.8,0.99504387
2983.386,0.99494612
2983.972,0.99484837
2984.558,0.99475068
2985.144,0.99465299
2985.73,0.99455535
2986.316,0.99445772
2986.902,0.99436015
2987.488,0.99426258
2988.074,0.99416506
2988.66,0.99406749
2989.246,0.9939701
2989.832,0.99387264
2990.418,0.99377519
2991.004,0.99367779
2991.59,0.99358046
2992.176,0.99348313
2992.762,0.99338585
2993.348,0.99328858
2993.934,0.99319136
2994.52,0.99309415
2995.106,0.99299693
2995.692,0.99289984
2996.278,0.99280274
2996.864,0.99270558
2997.45,0.99260855
2998.036,0.99251151
2998.622,0.99241447
2999.208,0.99231756
2999.794,0.99222058
3000.38,0.99212366
3000.966,0.99202681
3001.552,0.99192995
3002.138,0.99183309
3002.724,0.99173629
3003.31,0.99163955
3003.896,0.99154282
3004.482,0.99144614
3005.068,0.9913494
3005.654,0.99125278
3006.24,0.99115616
3006.826,0.99105954
3007.412,0.99096298
3007.998,0.99086642
3008.584,0.99076998
3009.17,0.99067348
3009.756,0.99057704
3010.342,0.9904806
3010.928,0.99038422
3011.514,0.99028784
3012.1,0.99019152
3012.686,0.9900952
3013.272,0.98999894
3013.858,0.98990268
3014.444,0.98980647
3015.03,0.98971027
3015.616,0.98961413
3016.202,0.98951799
3016.788,0.9894219
3017.374,0.98932582
3017.96,0.98922974
3018.546,0.98913378
3019.132,0.98903781
3019.718,0.98894179
3020.304,0.98884588
3020.89,0.98874998
3021.476,0.98865408
3022.062,0.98855829
3022.648,0.98846245
3023.234,0.98836666
3023.82,0.98827088
3024.406,0.98817515
3024.992,0.98807949
3025.578,0.98798376
3026.164,0.98788816
3026.75,0.98779255
3027.336,0.98769695
3027.922,0.9876014
3028.508,0.98750585
3029.094,0.98741037
3029.68,0.98731488
3030.266,0.98721945
3030.852,0.98712409
3031.438,0.98702866
3032.024,0.98693329
3032.61,0.98683792
3033.196,0.98674268
3033.782,0.98664743
3034.368,0.98655212
3034.954,0.98645693
3035.54,0.98636174
3036.126,0.98626661
3036.712,0.98617142
3037.298,0.98607635
3037.884,0.98598123
3038.47,0.98588622
3039.056,0.98579121
3039.642,0.9856962
3040.228,0.98560125
3040.814,0.9855063
3041.4,0.98541141
3041.986,0.98531651
3042.572,0.98522168
3043.158,0.98512685
3043.744,0.98503208
3044.33,0.98493725
3044.916,0.98484254
3045.502,0.98474783
3046.088,0.98465317
3046.674,0.98455852
3047.26,0.98446387
3047.846,0.98436928
3048.432,0.98427469
3049.018,0.98418021
3049.604,0.98408568
3050.19,0.98399121
3050.776,0.98389667
3051.362,0.98380226
3051.948,0.9837079
3052.534,0.98361349
3053.12,0.9835192
3053.706,0.98342484
3054.292,0.98333055
3054.878,0.98323631
3055.464,0.98314208
3056.05,0.98304784
3056.636,0.98295367
3057.222,0.98285949
3057.808,0.98276538
3058.394,0.98267132
3058.98,0.98257726
3059.566,0.98248321
3060.152,0.98238921
3060.738,0.98229522
3061.324,0.98220122
3061.91,0.98210734
3062.496,0.9820134
3063.082,0.98191953
3063.668,0.98182571
3064.254,0.98173189
3064.84,0.98163807
3065.426,0.98154432
3066.012,0.98145062
3066.598,0.98135686
3067.184,0.98126316
3067.77,0.98116952
3068.356,0.98107594
3068.942,0.9809823
3069.528,0.98088878
3070.114,0.9807952
3070.7,0.98070168
3071.286,0.98060822
3071.872,0.98051471
3072.458,0.9804213
3073.044,0.9803279
3073.63,0.9802345
3074.216,0.98014116
3074.802,0.98004782
3075.388,0.97995454
3075.974,0.97986126
3076.56,0.97976804
3077.146,0.97967482
3077.732,0.97958165
3078.318,0.97948849
3078.904,0.97939533
3079.49,0.97930223
3080.076,0.97920913
3080.662,0.97911608
3081.248,0.9790231
3081.834,0.97893012
3082.42,0.97883713
3083.006,0.97874415
3083.592,0.97865123
3084.178,0.97855836
3084.764,0.9784655
3085.35,0.97837269
3085.936,0.97827989
3086.522,0.97818702
3087.108,0.9780941
3087.694,0.97800118
3088.28,0.97790831
3088.866,0.97781545
3089.452,0.97772264
3090.038,0.97762984
3090.624,0.9775371
3091.21,0.97744429
3091.796,0.97735161
3092.382,0.97725892
3092.968,0.97716624
3093.554,0.97707361
3094.14,0.97698098
3094.726,0.97688842
3095.312,0.97679591
3095.898,0.97670335
3096.484,0.97661084
3097.07,0.97651839
3097.656,0.97642595
3098.242,0.9763335
3098.828,0.97624117
3099.414,0.97614878
3100,0.97605646
