170,5.8828073
170.586,5.8726897
171.172,5.8626246
171.758,5.8526115
172.344,5.8426495
172.93,5.8327365
173.516,5.8228745
174.102,5.8130627
174.688,5.8032999
175.274,5.7935863
175.86,5.7839212
176.446,5.7743044
177.032,5.7647357
177.618,5.7552142
178.204,5.7457399
178.79,5.7363124
179.376,5.7269311
179.962,5.7175956
180.548,5.7083058
181.134,5.6990609
181.72,5.6898613
182.306,5.6807055
182.892,5.6715941
183.478,5.6625261
184.064,5.653502
184.65,5.6445208
185.236,5.6355815
185.822,5.6266847
186.408,5.6178298
186.994,5.6090169
187.58,5.600245
188.166,5.5915146
188.752,5.5828247
189.338,5.5741749
189.924,5.5655656
190.51,5.5569959
191.096,5.5484657
191.682,5.5399747
192.268,5.5315223
192.854,5.5231085
193.44,5.5147333
194.026,5.5063963
194.612,5.4980965
195.198,5.4898343
195.784,5.4816093
196.37,5.4734211
196.956,5.4652696
197.542,5.4571543
198.128,5.4490747
198.714,5.4410315
199.3,5.4330235
199.886,5.4250507
200.472,5.4171133
201.058,5.4092102
201.644,5.4013419
202.23,5.3935075
202.816,5.3857074
203.402,5.3779411
203.988,5.3702083
204.574,5.3625083
205.16,5.3548417
205.746,5.347208
206.332,5.3396068
206.918,5.3320379
207.504,5.324501
208.09,5.3169961
208.676,5.3095231
209.262,5.3020811
209.848,5.2946696
210.434,5.2872901
211.02,5.2799406
211.606,5.2726221
212.192,5.2653337
212.778,5.2580757
213.364,5.2508473
213.95,5.2436485
214.536,5.2364798
215.122,5.2293401
215.708,5.22223
216.294,5.2151484
216.88,5.2080956
217.466,5.2010713
218.052,5.1940751
218.638,5.1871076
219.224,5.1801682
219.81,5.1732559
220.396,5.1663718
220.982,5.1595149
221.568,5.1526856
222.154,5.1458831
222.74,5.1391072
223.326,5.1323586
223.912,5.1256361
224.498,5.1189404
225.084,5.1122708
225.67,5.1056266
226.256,5.0990081
226.842,5.0924153
227.428,5.0858479
228.014,5.0793061
228.6,5.0727892
229.186,5.0662975
229.772,5.0598307
230.358,5.0533891
230.944,5.0469713
231.53,5.0405784
232.116,5.0342097
232.702,5.0278649
233.288,5.0215445
233.874,5.0152473
234.46,5.0089741
235.046,5.0027246
235.632,4.9964981
236.218,4.9902949
236.804,4.9841146
237.39,4.9779577
237.976,4.9718232
238.562,4.9657116
239.148,4.9596224
239.734,4.9535551
240.32,4.9475107
240.906,4.9414873
241.492,4.9354863
242.078,4.9295073
242.664,4.9235492
243.25,4.9176135
243.836,4.9116988
244.422,4.9058051
245.008,4.8999333
245.594,4.8940821
246.18,4.8882518
246.766,4.8824425
247.352,4.8766537
247.938,4.8708858
248.524,4.8651381
249.11,4.8594103
249.696,4.853703
250.282,4.8480158
250.868,4.8423486
251.454,4.8367014
252.04,4.8310738
252.626,4.8254657
253.212,4.8198771
253.798,4.8143077
254.384,4.8087578
254.97,4.8032269
255.556,4.7977152
256.142,4.7922225
256.728,4.7867484
257.314,4.7812929
257.9,4.7758565
258.486,4.7704382
259.072,4.7650385
259.658,4.7596569
260.244,4.7542939
260.83,4.7489486
261.416,4.7436213
262.002,4.7383122
262.588,4.7330208
263.174,4.7277465
263.76,4.7224903
264.346,4.7172518
264.932,4.7120304
265.518,4.7068262
266.104,4.7016397
266.69,4.6964698
267.276,4.6913171
267.862,4.6861811
268.448,4.6810622
269.034,4.6759601
269.62,4.6708746
270.206,4.6658053
270.792,4.6607528
271.378,4.6557164
271.964,4.6506968
272.55,4.6456933
273.136,4.6407056
273.722,4.6357341
274.308,4.6307783
274.894,4.6258388
275.48,4.6209149
276.066,4.6160069
276.652,4.611114
277.238,4.6062369
277.824,4.6013751
278.41,4.596529
278.996,4.5916982
279.582,4.5868826
280.168,4.5820818
280.754,4.5772963
281.34,4.5725255
281.926,4.56777
282.512,4.5630288
283.098,4.5583029
283.684,4.5535913
284.27,4.5488944
284.856,4.5442119
285.442,4.5395441
286.028,4.5348902
286.614,4.5302505
287.2,4.5256248
287.786,4.5210137
288.372,4.5164165
288.958,4.5118332
289.544,4.5072637
290.13,4.5027084
290.716,4.4981666
291.302,4.4936385
291.888,4.4891243
292.474,4.4846239
293.06,4.4801364
293.646,4.4756627
294.232,4.4712024
294.818,4.4667554
295.404,4.4623218
295.99,4.457901
296.576,4.4534936
297.162,4.4490991
297.748,4.4447179
298.334,4.4403491
298.92,4.4359937
299.506,4.4316511
300.092,4.427321
300.678,4.4230037
301.264,4.4186988
301.85,4.4144068
302.436,4.4101272
303.022,4.4058599
303.608,4.4016051
304.194,4.3973627
304.78,4.3931322
305.366,4.3889146
305.952,4.3847084
306.538,4.3805146
307.124,4.3763328
307.71,4.3721623
308.296,4.3680038
308.882,4.3638573
309.468,4.3597221
310.054,4.3555989
310.64,4.3514876
311.226,4.3473883
311.812,4.3432999
312.398,4.3392234
312.984,4.3351583
313.57,4.3311043
314.156,4.3270621
314.742,4.3230309
315.328,4.3190112
315.914,4.3150029
316.5,4.3110056
317.086,4.3070192
317.672,4.3030438
318.258,4.2990799
318.844,4.2951264
319.43,4.2911844
320.016,4.2872529
320.602,4.2833319
321.188,4.2794223
321.774,4.2755227
322.36,4.2716341
322.946,4.2677565
323.532,4.2638888
324.118,4.2600317
324.704,4.2561855
325.29,4.2523494
325.876,4.2485237
326.462,4.2447081
327.048,4.2409024
327.634,4.2371068
328.22,4.2333217
328.806,4.229547
329.392,4.2257819
329.978,4.2220268
330.564,4.2182817
331.15,4.2145472
331.736,4.2108221
332.322,4.2071071
332.908,4.2034016
333.494,4.1997061
334.08,4.1960201
334.666,4.1923442
335.252,4.1886778
335.838,4.1850209
336.424,4.1813736
337.01,4.1777358
337.596,4.1741076
338.182,4.1704888
338.768,4.1668792
339.354,4.1632791
339.94,4.1596885
340.526,4.1561069
341.112,4.1525345
341.698,4.1489716
342.284,4.1454177
342.87,4.1418729
343.456,4.1383371
344.042,4.1348109
344.628,4.1312933
345.214,4.1277843
345.8,4.1242847
346.386,4.1207938
346.972,4.117312
347.558,4.1138387
348.144,4.1103745
348.73,4.1069188
349.316,4.1034718
349.902,4.1000333
350.488,4.0966039
351.074,4.0931826
351.66,4.0897698
352.246,4.0863662
352.832,4.0829706
353.418,4.0795836
354.004,4.0762048
354.59,4.0728345
355.176,4.0694728
355.762,4.0661187
356.348,4.0627737
356.934,4.0594363
357.52,4.0561075
358.106,4.0527868
358.692,4.0494742
359.278,4.0461698
359.864,4.0428734
360.45,4.0395851
361.036,4.036305
361.622,4.0330324
362.208,4.029768
362.794,4.0265117
363.38,4.023263
363.966,4.0200224
364.552,4.0167894
365.138,4.0135641
365.724,4.0103464
366.31,4.0071368
366.896,4.0039349
367.482,4.0007405
368.068,3.9975538
368.654,3.994375
369.24,3.9912033
369.826,3.9880395
370.412,3.9848828
370.998,3.981734
371.584,3.9785924
372.17,3.9754584
372.756,3.9723315
373.342,3.9692123
373.928,3.9661002
374.514,3.9629955
375.1,3.959898
375.686,3.9568079
376.272,3.9537249
376.858,3.950649
377.444,3.9475806
378.03,3.944519
378.616,3.9414647
379.202,3.9384174
379.788,3.9353774
380.374,3.932344
380.96,3.929318
381.546,3.9262986
382.132,3.9232864
382.718,3.9202812
383.304,3.9172828
383.89,3.9142911
384.476,3.9113064
385.062,3.9083285
385.648,3.9053574
386.234,3.9023931
386.82,3.8994355
387.406,3.8964846
387.992,3.8935404
388.578,3.8906028
389.164,3.8876719
389.75,3.8847477
390.336,3.88183
390.922,3.8789189
391.508,3.8760142
392.094,3.8731163
392.68,3.8702247
393.266,3.8673396
393.852,3.8644609
394.438,3.8615887
395.024,3.8587229
395.61,3.8558636
396.196,3.8530104
396.782,3.8501637
397.368,3.8473232
397.954,3.8444891
398.54,3.841661
399.126,3.8388393
399.712,3.836024
400.298,3.8332148
400.884,3.8304117
401.47,3.8276145
402.056,3.8248236
402.642,3.8220389
403.228,3.8192604
403.814,3.8164878
404.4,3.8137212
404.986,3.8109605
405.572,3.8082061
406.158,3.8054574
406.744,3.8027148
407.33,3.799978
407.916,3.7972474
408.502,3.7945223
409.088,3.7918034
409.674,3.7890902
410.26,3.7863827
410.846,3.7836812
411.432,3.7809854
412.018,3.7782953
412.604,3.7756109
413.19,3.7729318
413.776,3.7702587
414.362,3.767591
414.948,3.7649291
415.534,3.7622728
416.12,3.7596221
416.706,3.7569771
417.292,3.7543375
417.878,3.7517035
418.464,3.7490752
419.05,3.7464523
419.636,3.743835
420.222,3.7412231
420.808,3.7386167
421.394,3.7360156
421.98,3.7334201
422.566,3.73083
423.152,3.7282453
423.738,3.7256658
424.324,3.7230918
424.91,3.7205231
425.496,3.7179599
426.082,3.7154016
426.668,3.7128489
427.254,3.7103014
427.84,3.7077591
428.426,3.7052221
429.012,3.7026901
429.598,3.7001636
430.184,3.6976421
430.77,3.6951258
431.356,3.6926146
431.942,3.6901085
432.528,3.6876078
433.114,3.6851118
433.7,3.682621
434.286,3.6801355
434.872,3.6776547
435.458,3.675179
436.044,3.6727083
436.63,3.6702428
437.216,3.6677821
437.802,3.6653264
438.388,3.6628757
438.974,3.6604297
439.56,3.6579888
440.146,3.6555526
440.732,3.6531215
441.318,3.6506951
441.904,3.6482737
442.49,3.6458566
443.076,3.6434443
443.662,3.6410365
444.248,3.6386337
444.834,3.6362355
445.42,3.633842
446.006,3.6314535
446.592,3.6290696
447.178,3.6266904
447.764,3.6243157
448.35,3.6219461
448.936,3.6195807
449.522,3.6172202
450.108,3.6148643
450.694,3.6125131
451.28,3.6101663
451.866,3.6078243
452.452,3.6054866
453.038,3.6031537
453.624,3.6008253
454.21,3.5985014
454.796,3.5961819
455.382,3.5938671
455.968,3.5915565
456.554,3.5892506
457.14,3.5869491
457.726,3.5846519
458.312,3.5823591
458.898,3.580071
459.484,3.5777869
460.07,3.5755076
460.656,3.5732324
461.242,3.5709615
461.828,3.5686951
462.414,3.566433
463,3.5641751
463.586,3.5619216
464.172,3.5596724
464.758,3.5574272
465.344,3.5551865
465.93,3.5529501
466.516,3.5507178
467.102,3.5484896
467.688,3.5462656
468.274,3.5440457
468.86,3.5418296
469.446,3.5396178
470.032,3.5374103
470.618,3.5352066
471.204,3.5330071
471.79,3.5308118
472.376,3.5286205
472.962,3.5264335
473.548,3.5242503
474.134,3.5220714
474.72,3.5198963
475.306,3.5177252
475.892,3.5155582
476.478,3.5133955
477.064,3.5112364
477.65,3.5090816
478.236,3.5069306
478.822,3.5047834
479.408,3.5026405
479.994,3.5005014
480.58,3.4983661
481.166,3.4962347
481.752,3.4941072
482.338,3.4919839
482.924,3.4898641
483.51,3.4877484
484.096,3.4856365
484.682,3.4835281
485.268,3.4814239
485.854,3.4793234
486.44,3.4772267
487.026,3.4751339
487.612,3.4730449
488.198,3.4709594
488.784,3.4688778
489.37,3.4668
489.956,3.464726
490.542,3.4626555
491.128,3.4605889
491.714,3.4585259
492.3,3.4564667
492.886,3.454411
493.472,3.4523592
494.058,3.4503107
494.644,3.448266
495.23,3.4462252
495.816,3.4441879
496.402,3.4421539
496.988,3.4401238
497.574,3.4380972
498.16,3.4360743
498.746,3.4340546
499.332,3.4320388
499.918,3.4300265
500.504,3.4280176
501.09,3.4260125
501.676,3.4240108
502.262,3.4220126
502.848,3.4200177
503.434,3.4180264
504.02,3.4160388
504.606,3.4140544
505.192,3.4120734
505.778,3.4100959
506.364,3.4081221
506.95,3.4061515
507.536,3.4041843
508.122,3.4022207
508.708,3.4002602
509.294,3.3983033
509.88,3.3963497
510.466,3.3943996
511.052,3.3924527
511.638,3.3905091
512.224,3.3885689
512.81,3.3866322
513.396,3.3846986
513.982,3.3827684
514.568,3.3808415
515.154,3.3789177
515.74,3.3769975
516.326,3.3750803
516.912,3.3731663
517.498,3.3712559
518.084,3.3693485
518.67,3.3674445
519.256,3.3655436
519.842,3.3636458
520.428,3.3617516
521.014,3.3598602
521.6,3.3579721
522.186,3.3560872
522.772,3.3542051
523.358,3.3523264
523.944,3.350451
524.53,3.3485787
525.116,3.3467093
525.702,3.3448431
526.288,3.3429801
526.874,3.3411202
527.46,3.3392634
528.046,3.33741
528.632,3.3355594
529.218,3.3337116
529.804,3.3318672
530.39,3.3300259
530.976,3.3281875
531.562,3.3263524
532.148,3.3245199
532.734,3.3226907
533.32,3.3208644
533.906,3.3190413
534.492,3.3172209
535.078,3.3154037
535.664,3.3135896
536.25,3.3117783
536.836,3.3099701
537.422,3.3081646
538.008,3.3063624
538.594,3.3045628
539.18,3.3027663
539.766,3.3009727
540.352,3.2991819
540.938,3.2973943
541.524,3.2956095
542.11,3.2938275
542.696,3.2920485
543.282,3.2902722
543.868,3.2884989
544.454,3.2867286
545.04,3.284961
545.626,3.2831962
546.212,3.2814343
546.798,3.2796752
547.384,3.2779191
547.97,3.2761657
548.556,3.274415
549.142,3.2726674
549.728,3.2709224
550.314,3.2691801
550.9,3.2674408
551.486,3.2657039
552.072,3.2639701
552.658,3.262239
553.244,3.2605107
553.83,3.258785
554.416,3.2570622
555.002,3.255342
555.588,3.2536244
556.174,3.2519097
556.76,3.2501979
557.346,3.2484884
557.932,3.2467818
558.518,3.2450781
559.104,3.2433767
559.69,3.2416782
560.276,3.2399824
560.862,3.2382891
561.448,3.2365985
562.034,3.2349107
562.62,3.2332253
563.206,3.2315426
563.792,3.2298625
564.378,3.2281852
564.964,3.2265103
565.55,3.2248383
566.136,3.2231686
566.722,3.2215016
567.308,3.2198372
567.894,3.2181754
568.48,3.216516
569.066,3.2148592
569.652,3.2132051
570.238,3.2115536
570.824,3.2099044
571.41,3.2082579
571.996,3.206614
572.582,3.2049725
573.168,3.2033334
573.754,3.2016969
574.34,3.2000628
574.926,3.1984313
575.512,3.1968021
576.098,3.1951756
576.684,3.1935515
577.27,3.1919301
577.856,3.1903107
578.442,3.1886942
579.028,3.1870799
579.614,3.1854682
580.2,3.1838589
580.786,3.1822519
581.372,3.1806476
581.958,3.1790454
582.544,3.1774459
583.13,3.1758487
583.716,3.1742537
584.302,3.1726615
584.888,3.1710715
585.474,3.1694837
586.06,3.1678984
586.646,3.1663156
587.232,3.1647353
587.818,3.163157
588.404,3.1615813
588.99,3.1600077
589.576,3.1584368
590.162,3.156868
590.748,3.1553016
591.334,3.1537375
591.92,3.1521759
592.506,3.1506164
593.092,3.1490593
593.678,3.1475043
594.264,3.145952
594.85,3.1444018
595.436,3.142854
596.022,3.1413083
596.608,3.1397648
597.194,3.1382236
597.78,3.1366849
598.366,3.1351483
598.952,3.1336141
599.538,3.1320822
600.124,3.1305523
600.71,3.1290247
601.296,3.1274993
601.882,3.1259763
602.468,3.1244555
603.054,3.1229367
603.64,3.1214204
604.226,3.1199059
604.812,3.1183941
605.398,3.1168842
605.984,3.1153767
606.57,3.1138711
607.156,3.1123679
607.742,3.1108668
608.328,3.1093678
608.914,3.1078711
609.5,3.1063766
610.086,3.1048841
610.672,3.1033938
611.258,3.1019056
611.844,3.1004198
612.43,3.0989358
613.016,3.0974541
613.602,3.0959744
614.188,3.094497
614.774,3.0930216
615.36,3.0915482
615.946,3.0900772
616.532,3.0886083
617.118,3.0871413
617.704,3.0856764
618.29,3.0842135
618.876,3.0827529
619.462,3.0812943
620.048,3.0798376
620.634,3.0783832
621.22,3.0769308
621.806,3.0754805
622.392,3.0740321
622.978,3.0725858
623.564,3.0711415
624.15,3.0696993
624.736,3.0682592
625.322,3.0668211
625.908,3.0653849
626.494,3.0639508
627.08,3.0625188
627.666,3.0610888
628.252,3.0596607
628.838,3.0582347
629.424,3.0568106
630.01,3.0553885
630.596,3.0539684
631.182,3.0525503
631.768,3.0511343
632.354,3.04972
632.94,3.0483079
633.526,3.0468976
634.112,3.0454893
634.698,3.0440831
635.284,3.0426786
635.87,3.0412765
636.456,3.039876
637.042,3.0384772
637.628,3.0370808
638.214,3.035686
638.8,3.0342934
639.386,3.0329025
639.972,3.0315137
640.558,3.0301266
641.144,3.0287416
641.73,3.0273583
642.316,3.0259769
642.902,3.0245976
643.488,3.0232201
644.074,3.0218444
644.66,3.0204709
645.246,3.0190988
645.832,3.0177288
646.418,3.0163603
647.004,3.0149937
647.59,3.013629
648.176,3.0122659
648.762,3.0109048
649.348,3.0095456
649.934,3.0081882
650.52,3.0068328
651.106,3.0054791
651.692,3.0041273
652.278,3.0027773
652.864,3.0014291
653.45,3.0000827
654.036,2.9987381
654.622,2.9973953
655.208,2.9960544
655.794,2.994715
656.38,2.9933777
656.966,2.9920423
657.552,2.9907084
658.138,2.9893765
658.724,2.9880464
659.31,2.9867177
659.896,2.9853911
660.482,2.9840662
661.068,2.982743
661.654,2.9814217
662.24,2.9801023
662.826,2.9787843
663.412,2.9774683
663.998,2.9761539
664.584,2.9748414
665.17,2.9735305
665.756,2.9722214
666.342,2.9709139
666.928,2.9696081
667.514,2.9683044
668.1,2.9670022
668.686,2.9657016
669.272,2.9644029
669.858,2.9631057
670.444,2.9618104
671.03,2.9605167
671.616,2.9592247
672.202,2.9579344
672.788,2.956646
673.374,2.955359
673.96,2.9540737
674.546,2.9527903
675.132,2.9515083
675.718,2.9502282
676.304,2.9489498
676.89,2.9476728
677.476,2.9463978
678.062,2.9451241
678.648,2.9438522
679.234,2.9425821
679.82,2.9413135
680.406,2.9400465
680.992,2.9387813
681.578,2.9375176
682.164,2.9362557
682.75,2.9349954
683.336,2.9337366
683.922,2.9324794
684.508,2.9312241
685.094,2.92997
685.68,2.9287179
686.266,2.9274673
686.852,2.9262183
687.438,2.9249706
688.024,2.9237249
688.61,2.9224808
689.196,2.9212379
689.782,2.919997
690.368,2.9187574
690.954,2.9175198
691.54,2.9162831
692.126,2.9150479
692.712,2.9138141
693.298,2.9125822
693.884,2.9113517
694.47,2.9101226
695.056,2.9088953
695.642,2.9076695
696.228,2.9064453
696.814,2.9052227
697.4,2.9040015
697.986,2.902782
698.572,2.9015636
699.158,2.9003472
699.744,2.8991323
700.33,2.8979189
700.916,2.8967068
701.502,2.8954966
702.088,2.8942876
702.674,2.8930802
703.26,2.8918746
703.846,2.8906703
704.432,2.8894675
705.018,2.8882663
705.604,2.8870664
706.19,2.8858683
706.776,2.8846714
707.362,2.883476
707.948,2.8822823
708.534,2.8810899
709.12,2.8798993
709.706,2.87871
710.292,2.8775222
710.878,2.8763359
711.464,2.8751509
712.05,2.8739674
712.636,2.8727856
713.222,2.8716049
713.808,2.8704262
714.394,2.8692484
714.98,2.8680723
715.566,2.8668978
716.152,2.8657246
716.738,2.8645527
717.324,2.8633823
717.91,2.8622136
718.496,2.8610461
719.082,2.8598802
719.668,2.8587155
720.254,2.8575525
720.84,2.8563907
721.426,2.8552303
722.012,2.8540716
722.598,2.8529139
723.184,2.851758
723.77,2.8506033
724.356,2.8494501
724.942,2.8482983
725.528,2.8471479
726.114,2.845999
726.7,2.8448513
727.286,2.8437049
727.872,2.8425603
728.458,2.8414166
729.044,2.8402741
729.63,2.839133
730.216,2.8379934
730.802,2.8368549
731.388,2.8357179
731.974,2.8345823
732.56,2.8334482
733.146,2.8323152
733.732,2.8311837
734.318,2.8300536
734.904,2.8289247
735.49,2.8277972
736.076,2.8266711
736.662,2.8255463
737.248,2.8244228
737.834,2.8233008
738.42,2.82218
739.006,2.8210607
739.592,2.8199427
740.178,2.818826
740.764,2.8177106
741.35,2.8165965
741.936,2.8154838
742.522,2.8143723
743.108,2.8132622
743.694,2.8121536
744.28,2.8110461
744.866,2.8099399
745.452,2.808835
746.038,2.8077316
746.624,2.8066294
747.21,2.8055284
747.796,2.8044288
748.382,2.8033307
748.968,2.8022335
749.554,2.8011377
750.14,2.8000433
750.726,2.7989502
751.312,2.7978582
751.898,2.7967677
752.484,2.7956784
753.07,2.7945902
753.656,2.7935035
754.242,2.792418
754.828,2.7913337
755.414,2.7902508
756,2.7891691
756.586,2.7880886
757.172,2.7870095
757.758,2.7859313
758.344,2.7848549
758.93,2.7837794
759.516,2.7827053
760.102,2.7816322
760.688,2.7805607
761.274,2.7794902
761.86,2.7784209
762.446,2.777353
763.032,2.7762861
763.618,2.7752206
764.204,2.7741563
764.79,2.7730932
765.376,2.7720315
765.962,2.7709708
766.548,2.7699115
767.134,2.7688534
767.72,2.7677963
768.306,2.7667406
768.892,2.765686
769.478,2.7646327
770.064,2.7635806
770.65,2.7625296
771.236,2.7614799
771.822,2.7604313
772.408,2.7593842
772.994,2.758338
773.58,2.757293
774.166,2.7562492
774.752,2.7552068
775.338,2.7541654
775.924,2.7531252
776.51,2.7520862
777.096,2.7510483
777.682,2.7500117
778.268,2.748976
778.854,2.7479417
779.44,2.7469087
780.026,2.7458766
780.612,2.7448459
781.198,2.7438161
781.784,2.7427876
782.37,2.7417603
782.956,2.7407341
783.542,2.7397091
784.128,2.7386851
784.714,2.7376623
785.3,2.7366409
785.886,2.7356203
786.472,2.7346005
787.058,2.7335823
787.644,2.7325649
788.23,2.7315488
788.816,2.7305338
789.402,2.7295198
789.988,2.728507
790.574,2.7274954
791.16,2.726485
791.746,2.7254755
792.332,2.7244673
792.918,2.7234602
793.504,2.7224543
794.09,2.7214494
794.676,2.7204456
795.262,2.7194428
795.848,2.7184412
796.434,2.7174408
797.02,2.7164414
797.606,2.7154434
798.192,2.7144461
798.778,2.71345
799.364,2.712455
799.95,2.7114613
800.536,2.7104685
801.122,2.7094769
801.708,2.7084863
802.294,2.7074969
802.88,2.7065084
803.466,2.7055211
804.052,2.7045348
804.638,2.7035496
805.224,2.7025657
805.81,2.7015827
806.396,2.7006006
806.982,2.6996198
807.568,2.6986401
808.154,2.6976614
808.74,2.6966836
809.326,2.6957071
809.912,2.6947315
810.498,2.6937571
811.084,2.6927836
811.67,2.6918113
812.256,2.69084
812.842,2.6898696
813.428,2.6889005
814.014,2.6879325
814.6,2.6869652
815.186,2.6859992
815.772,2.6850343
816.358,2.6840701
816.944,2.6831071
817.53,2.6821454
818.116,2.6811845
818.702,2.6802247
819.288,2.6792657
819.874,2.678308
820.46,2.6773512
821.046,2.6763957
821.632,2.6754408
822.218,2.6744871
822.804,2.6735344
823.39,2.6725829
823.976,2.6716323
824.562,2.6706827
825.148,2.669734
825.734,2.6687865
826.32,2.6678398
826.906,2.6668942
827.492,2.6659498
828.078,2.6650062
828.664,2.6640637
829.25,2.6631222
829.836,2.6621814
830.422,2.661242
831.008,2.6603034
831.594,2.6593657
832.18,2.6584291
832.766,2.6574936
833.352,2.656559
833.938,2.6556253
834.524,2.6546929
835.11,2.6537611
835.696,2.6528304
836.282,2.6519008
836.868,2.6509721
837.454,2.6500442
838.04,2.6491175
838.626,2.6481917
839.212,2.6472669
839.798,2.646343
840.384,2.6454201
840.97,2.6444981
841.556,2.6435771
842.142,2.6426573
842.728,2.6417382
843.314,2.64082
843.9,2.6399031
844.486,2.6389868
845.072,2.6380715
845.658,2.6371572
846.244,2.6362441
846.83,2.6353316
847.416,2.6344202
848.002,2.6335096
848.588,2.6326003
849.174,2.6316917
849.76,2.630784
850.346,2.6298773
850.932,2.6289716
851.518,2.6280665
852.104,2.6271627
852.69,2.6262598
853.276,2.6253576
853.862,2.6244566
854.448,2.6235564
855.034,2.6226573
855.62,2.6217589
856.206,2.6208615
856.792,2.6199648
857.378,2.6190693
857.964,2.6181748
858.55,2.617281
859.136,2.6163881
859.722,2.6154964
860.308,2.6146052
860.894,2.6137152
861.48,2.6128261
862.066,2.6119378
862.652,2.6110504
863.238,2.6101639
863.824,2.6092782
864.41,2.6083937
864.996,2.6075099
865.582,2.606627
866.168,2.6057451
866.754,2.6048641
867.34,2.6039839
867.926,2.6031046
868.512,2.6022263
869.098,2.6013486
869.684,2.600472
870.27,2.5995963
870.856,2.5987215
871.442,2.5978475
872.028,2.5969744
872.614,2.5961022
873.2,2.5952308
873.786,2.5943604
874.372,2.5934908
874.958,2.592622
875.544,2.5917542
876.13,2.5908873
876.716,2.5900211
877.302,2.5891559
877.888,2.5882916
878.474,2.5874281
879.06,2.5865655
879.646,2.5857038
880.232,2.5848429
880.818,2.5839827
881.404,2.5831237
881.99,2.5822654
882.576,2.5814078
883.162,2.5805511
883.748,2.5796955
884.334,2.5788405
884.92,2.5779865
885.506,2.5771332
886.092,2.5762808
886.678,2.5754292
887.264,2.5745785
887.85,2.5737288
888.436,2.5728798
889.022,2.5720315
889.608,2.5711842
890.194,2.5703378
890.78,2.5694921
891.366,2.5686474
891.952,2.5678034
892.538,2.5669601
893.124,2.5661178
893.71,2.5652764
894.296,2.5644357
894.882,2.5635958
895.468,2.5627568
896.054,2.5619185
896.64,2.5610812
897.226,2.5602446
897.812,2.5594089
898.398,2.558574
898.984,2.55774
899.57,2.5569065
900.156,2.5560741
900.742,2.5552425
901.328,2.5544116
901.914,2.5535815
902.5,2.5527523
903.086,2.551924
903.672,2.5510962
904.258,2.5502694
904.844,2.5494435
905.43,2.5486181
906.016,2.5477939
906.602,2.5469701
907.188,2.5461473
907.774,2.5453253
908.36,2.5445042
908.946,2.5436838
909.532,2.5428641
910.118,2.5420454
910.704,2.5412271
911.29,2.54041
911.876,2.5395935
912.462,2.5387778
913.048,2.5379629
913.634,2.5371487
914.22,2.5363355
914.806,2.5355229
915.392,2.5347111
915.978,2.5339
916.564,2.5330899
917.15,2.5322804
917.736,2.5314717
918.322,2.530664
918.908,2.5298567
919.494,2.5290504
920.08,2.5282447
920.666,2.5274401
921.252,2.5266359
921.838,2.5258327
922.424,2.5250301
923.01,2.5242283
923.596,2.5234275
924.182,2.5226271
924.768,2.5218277
925.354,2.521029
925.94,2.520231
926.526,2.519434
927.112,2.5186374
927.698,2.5178418
928.284,2.5170469
928.87,2.5162528
929.456,2.5154593
930.042,2.5146666
930.628,2.5138748
931.214,2.5130835
931.8,2.5122931
932.386,2.5115035
932.972,2.5107145
933.558,2.5099263
934.144,2.5091388
934.73,2.5083523
935.316,2.5075662
935.902,2.5067811
936.488,2.5059965
937.074,2.5052128
937.66,2.5044296
938.246,2.5036473
938.832,2.5028658
939.418,2.502085
940.004,2.5013049
940.59,2.5005255
941.176,2.499747
941.762,2.4989691
942.348,2.4981918
942.934,2.4974153
943.52,2.4966397
944.106,2.4958646
944.692,2.4950905
945.278,2.4943168
945.864,2.4935439
946.45,2.4927719
947.036,2.4920003
947.622,2.4912298
948.208,2.4904597
948.794,2.4896903
949.38,2.4889219
949.966,2.4881539
950.552,2.4873869
951.138,2.4866204
951.724,2.4858546
952.31,2.4850898
952.896,2.4843254
953.482,2.4835618
954.068,2.4827988
954.654,2.4820366
955.24,2.4812751
955.826,2.4805143
956.412,2.4797542
956.998,2.4789948
957.584,2.4782362
958.17,2.477478
958.756,2.4767208
959.342,2.4759643
959.928,2.4752083
960.514,2.474453
961.1,2.4736986
961.686,2.4729447
962.272,2.4721916
962.858,2.4714391
963.444,2.4706872
964.03,2.4699361
964.616,2.4691858
965.202,2.468436
965.788,2.4676869
966.374,2.4669385
966.96,2.4661908
967.546,2.4654438
968.132,2.4646976
968.718,2.4639518
969.304,2.463207
969.89,2.4624627
970.476,2.461719
971.062,2.4609761
971.648,2.4602339
972.234,2.4594922
972.82,2.4587512
973.406,2.4580109
973.992,2.4572713
974.578,2.4565325
975.164,2.4557941
975.75,2.4550567
976.336,2.4543197
976.922,2.4535835
977.508,2.4528477
978.094,2.4521129
978.68,2.4513786
979.266,2.450645
979.852,2.4499118
980.438,2.4491796
981.024,2.4484479
981.61,2.447717
982.196,2.4469867
982.782,2.4462569
983.368,2.445528
983.954,2.4447994
984.54,2.4440718
985.126,2.4433448
985.712,2.4426181
986.298,2.4418924
986.884,2.4411674
987.47,2.4404428
988.056,2.439719
988.642,2.4389958
989.228,2.4382732
989.814,2.4375513
990.4,2.43683
990.986,2.4361093
991.572,2.4353893
992.158,2.43467
992.744,2.4339514
993.33,2.4332333
993.916,2.4325159
994.502,2.4317989
995.088,2.4310827
995.674,2.4303672
996.26,2.4296522
996.846,2.4289382
997.432,2.4282243
998.018,2.4275115
998.604,2.4267991
999.19,2.4260871
999.776,2.4253759
1000.362,2.4246657
1000.948,2.4239557
1001.534,2.4232464
1002.12,2.4225378
1002.706,2.4218297
1003.292,2.4211223
1003.878,2.4204156
1004.464,2.4197094
1005.05,2.419004
1005.636,2.418299
1006.222,2.4175947
1006.808,2.4168909
1007.394,2.4161878
1007.98,2.4154854
1008.566,2.4147835
1009.152,2.4140823
1009.738,2.4133816
1010.324,2.4126816
1010.91,2.4119823
1011.496,2.4112835
1012.082,2.4105852
1012.668,2.4098876
1013.254,2.4091907
1013.84,2.4084942
1014.426,2.4077985
1015.012,2.4071033
1015.598,2.4064088
1016.184,2.4057148
1016.77,2.4050214
1017.356,2.4043286
1017.942,2.4036365
1018.528,2.402945
1019.114,2.4022541
1019.7,2.4015636
1020.286,2.4008739
1020.872,2.4001846
1021.458,2.3994961
1022.044,2.3988082
1022.63,2.3981206
1023.216,2.397434
1023.802,2.3967478
1024.388,2.3960621
1024.974,2.3953769
1025.56,2.3946927
1026.146,2.3940086
1026.732,2.3933256
1027.318,2.3926427
1027.904,2.3919606
1028.49,2.3912792
1029.076,2.3905983
1029.662,2.3899179
1030.248,2.3892381
1030.834,2.3885589
1031.42,2.3878803
1032.006,2.3872023
1032.592,2.3865247
1033.178,2.3858478
1033.764,2.3851717
1034.35,2.384496
1034.936,2.3838208
1035.522,2.3831463
1036.108,2.3824723
1036.694,2.3817987
1037.28,2.3811259
1037.866,2.3804536
1038.452,2.379782
1039.038,2.3791108
1039.624,2.3784401
1040.21,2.3777702
1040.796,2.3771007
1041.382,2.3764319
1041.968,2.3757637
1042.554,2.3750958
1043.14,2.3744287
1043.726,2.3737619
1044.312,2.373096
1044.898,2.3724306
1045.484,2.3717656
1046.07,2.3711011
1046.656,2.3704374
1047.242,2.3697741
1047.828,2.3691115
1048.414,2.3684492
1049,2.3677876
1049.586,2.3671265
1050.172,2.3664658
1050.758,2.3658056
1051.344,2.3651462
1051.93,2.3644869
1052.516,2.3638287
1053.102,2.3631706
1053.688,2.3625133
1054.274,2.3618565
1054.86,2.3612003
1055.446,2.3605444
1056.032,2.3598893
1056.618,2.3592348
1057.204,2.3585806
1057.79,2.3579271
1058.376,2.3572741
1058.962,2.3566217
1059.548,2.3559697
1060.134,2.3553185
1060.72,2.3546677
1061.306,2.3540173
1061.892,2.3533676
1062.478,2.3527184
1063.064,2.3520696
1063.65,2.3514216
1064.236,2.350774
1064.822,2.350127
1065.408,2.3494804
1065.994,2.3488345
1066.58,2.3481889
1067.166,2.347544
1067.752,2.3468997
1068.338,2.3462558
1068.924,2.3456125
1069.51,2.3449695
1070.096,2.3443274
1070.682,2.3436856
1071.268,2.3430445
1071.854,2.3424037
1072.44,2.3417635
1073.026,2.3411238
1073.612,2.3404849
1074.198,2.3398461
1074.784,2.3392081
1075.37,2.3385706
1075.956,2.3379335
1076.542,2.3372972
1077.128,2.3366611
1077.714,2.3360257
1078.3,2.3353908
1078.886,2.3347564
1079.472,2.3341224
1080.058,2.3334889
1080.644,2.3328562
1081.23,2.3322237
1081.816,2.3315918
1082.402,2.3309605
1082.988,2.3303297
1083.574,2.3296995
1084.16,2.3290699
1084.746,2.3284404
1085.332,2.3278117
1085.918,2.3271835
1086.504,2.3265557
1087.09,2.3259284
1087.676,2.3253016
1088.262,2.3246756
1088.848,2.3240497
1089.434,2.3234246
1090.02,2.3227999
1090.606,2.3221757
1091.192,2.321552
1091.778,2.3209288
1092.364,2.3203061
1092.95,2.319684
1093.536,2.3190622
1094.122,2.3184412
1094.708,2.3178203
1095.294,2.3172002
1095.88,2.3165805
1096.466,2.3159614
1097.052,2.3153427
1097.638,2.3147244
1098.224,2.3141067
1098.81,2.3134897
1099.396,2.3128729
1099.982,2.3122566
1100.568,2.311641
1101.154,2.3110259
1101.74,2.310411
1102.326,2.3097968
1102.912,2.3091831
1103.498,2.3085697
1104.084,2.3079569
1104.67,2.3073447
1105.256,2.3067329
1105.842,2.3061216
1106.428,2.305511
1107.014,2.3049006
1107.6,2.3042908
1108.186,2.3036814
1108.772,2.3030725
1109.358,2.302464
1109.944,2.3018563
1110.53,2.3012488
1111.116,2.3006418
1111.702,2.3000352
1112.288,2.2994294
1112.874,2.2988238
1113.46,2.298219
1114.046,2.2976143
1114.632,2.2970102
1115.218,2.2964067
1115.804,2.2958035
1116.39,2.2952011
1116.976,2.2945988
1117.562,2.293997
1118.148,2.293396
1118.734,2.2927952
1119.32,2.2921951
1119.906,2.2915952
1120.492,2.2909958
1121.078,2.2903972
1121.664,2.2897987
1122.25,2.2892008
1122.836,2.2886033
1123.422,2.2880065
1124.008,2.28741
1124.594,2.286814
1125.18,2.2862184
1125.766,2.2856233
1126.352,2.2850287
1126.938,2.2844346
1127.524,2.2838409
1128.11,2.2832477
1128.696,2.282655
1129.282,2.2820625
1129.868,2.2814708
1130.454,2.2808795
1131.04,2.2802885
1131.626,2.2796981
1132.212,2.279108
1132.798,2.2785187
1133.384,2.2779295
1133.97,2.2773409
1134.556,2.2767527
1135.142,2.276165
1135.728,2.2755778
1136.314,2.274991
1136.9,2.2744048
1137.486,2.2738187
1138.072,2.2732334
1138.658,2.2726486
1139.244,2.272064
1139.83,2.2714798
1140.416,2.2708962
1141.002,2.2703133
1141.588,2.2697306
1142.174,2.2691483
1142.76,2.2685664
1143.346,2.2679851
1143.932,2.2674041
1144.518,2.2668238
1145.104,2.2662437
1145.69,2.2656643
1146.276,2.2650852
1146.862,2.2645066
1147.448,2.2639282
1148.034,2.2633505
1148.62,2.2627728
1149.206,2.2621958
1149.792,2.2616191
1150.378,2.2610428
1150.964,2.2604668
1151.55,2.2598915
1152.136,2.2593164
1152.722,2.2587421
1153.308,2.258168
1153.894,2.2575943
1154.48,2.2570212
1155.066,2.2564483
1155.652,2.2558761
1156.238,2.2553041
1156.824,2.2547326
1157.41,2.2541618
1157.996,2.2535911
1158.582,2.253021
1159.168,2.2524512
1159.754,2.2518821
1160.34,2.2513132
1160.926,2.2507448
1161.512,2.2501767
1162.098,2.2496092
1162.684,2.249042
1163.27,2.2484753
1163.856,2.2479093
1164.442,2.2473433
1165.028,2.246778
1165.614,2.246213
1166.2,2.2456484
1166.786,2.2450843
1167.372,2.2445207
1167.958,2.2439573
1168.544,2.2433946
1169.13,2.2428322
1169.716,2.2422702
1170.302,2.2417085
1170.888,2.2411475
1171.474,2.2405868
1172.06,2.2400265
1172.646,2.2394664
1173.232,2.2389071
1173.818,2.238348
1174.404,2.2377894
1174.99,2.2372313
1175.576,2.2366736
1176.162,2.2361162
1176.748,2.2355592
1177.334,2.2350028
1177.92,2.2344468
1178.506,2.233891
1179.092,2.2333357
1179.678,2.2327809
1180.264,2.2322264
1180.85,2.2316725
1181.436,2.2311189
1182.022,2.2305655
1182.608,2.2300129
1183.194,2.2294605
1183.78,2.2289085
1184.366,2.2283571
1184.952,2.2278059
1185.538,2.2272553
1186.124,2.2267048
1186.71,2.226155
1187.296,2.2256055
1187.882,2.2250564
1188.468,2.2245078
1189.054,2.2239594
1189.64,2.2234116
1190.226,2.2228642
1190.812,2.2223172
1191.398,2.2217705
1191.984,2.2212243
1192.57,2.2206786
1193.156,2.2201331
1193.742,2.219588
1194.328,2.2190435
1194.914,2.2184992
1195.5,2.2179556
1196.086,2.217412
1196.672,2.2168691
1197.258,2.2163265
1197.844,2.2157843
1198.43,2.2152424
1199.016,2.2147009
1199.602,2.21416
1200.188,2.2136195
1200.774,2.2130792
1201.36,2.2125394
1201.946,2.2120001
1202.532,2.2114611
1203.118,2.2109225
1203.704,2.2103841
1204.29,2.2098463
1204.876,2.2093089
1205.462,2.2087719
1206.048,2.2082353
1206.634,2.2076991
1207.22,2.2071631
1207.806,2.2066276
1208.392,2.2060926
1208.978,2.2055581
1209.564,2.2050238
1210.15,2.2044897
1210.736,2.2039564
1211.322,2.203423
1211.908,2.2028904
1212.494,2.202358
1213.08,2.2018261
1213.666,2.2012944
1214.252,2.2007635
1214.838,2.2002325
1215.424,2.1997023
1216.01,2.1991723
1216.596,2.1986425
1217.182,2.1981132
1217.768,2.1975844
1218.354,2.1970561
1218.94,2.196528
1219.526,2.1960001
1220.112,2.195473
1220.698,2.1949458
1221.284,2.1944194
1221.87,2.1938932
1222.456,2.1933675
1223.042,2.192842
1223.628,2.192317
1224.214,2.1917922
1224.8,2.191268
1225.386,2.1907442
1225.972,2.1902206
1226.558,2.1896975
1227.144,2.1891747
1227.73,2.1886523
1228.316,2.1881301
1228.902,2.1876087
1229.488,2.1870871
1230.074,2.1865659
1230.66,2.1860449
1231.246,2.1855245
1231.832,2.1850042
1232.418,2.1844845
1233.004,2.1839652
1233.59,2.1834462
1234.176,2.1829276
1234.762,2.1824093
1235.348,2.1818912
1235.934,2.1813738
1236.52,2.1808567
1237.106,2.1803398
1237.692,2.1798234
1238.278,2.1793075
1238.864,2.1787918
1239.45,2.1782765
1240.036,2.1777616
1240.622,2.177247
1241.208,2.1767328
1241.794,2.176219
1242.38,2.1757054
1242.966,2.1751924
1243.552,2.1746798
1244.138,2.1741674
1244.724,2.1736555
1245.31,2.1731439
1245.896,2.1726325
1246.482,2.1721218
1247.068,2.1716111
1247.654,2.1711011
1248.24,2.1705911
1248.826,2.1700819
1249.412,2.1695728
1249.998,2.169064
1250.584,2.1685557
1251.17,2.1680477
1251.756,2.1675401
1252.342,2.167033
1252.928,2.1665261
1253.514,2.1660194
1254.1,2.1655133
1254.686,2.1650074
1255.272,2.1645019
1255.858,2.1639969
1256.444,2.1634922
1257.03,2.1629877
1257.616,2.1624837
1258.202,2.1619802
1258.788,2.1614769
1259.374,2.1609738
1259.96,2.1604712
1260.546,2.1599689
1261.132,2.159467
1261.718,2.1589656
1262.304,2.1584644
1262.89,2.1579635
1263.476,2.1574631
1264.062,2.1569629
1264.648,2.1564629
1265.234,2.1559637
1265.82,2.1554644
1266.406,2.1549659
1266.992,2.1544676
1267.578,2.1539695
1268.164,2.1534717
1268.75,2.1529744
1269.336,2.1524775
1269.922,2.1519809
1270.508,2.1514845
1271.094,2.1509886
1271.68,2.1504929
1272.266,2.1499977
1272.852,2.1495028
1273.438,2.1490083
1274.024,2.148514
1274.61,2.14802
1275.196,2.1475265
1275.782,2.1470335
1276.368,2.1465406
1276.954,2.1460481
1277.54,2.145556
1278.126,2.1450641
1278.712,2.1445727
1279.298,2.1440816
1279.884,2.1435907
1280.47,2.1431003
1281.056,2.1426101
1281.642,2.1421204
1282.228,2.1416309
1282.814,2.1411419
1283.4,2.1406531
1283.986,2.1401646
1284.572,2.1396766
1285.158,2.139189
1285.744,2.1387014
1286.33,2.1382143
1286.916,2.1377277
1287.502,2.1372414
1288.088,2.1367552
1288.674,2.1362696
1289.26,2.1357841
1289.846,2.135299
1290.432,2.1348143
1291.018,2.1343293
1291.604,2.1338449
1292.19,2.1333609
1292.776,2.1328771
1293.362,2.1323936
1293.948,2.1319106
1294.534,2.1314278
1295.12,2.1309452
1295.706,2.1304631
1296.292,2.1299813
1296.878,2.1294999
1297.464,2.1290188
1298.05,2.1285379
1298.636,2.1280575
1299.222,2.1275773
1299.808,2.1270976
1300.394,2.1266181
1300.98,2.1261389
1301.566,2.1256602
1302.152,2.1251817
1302.738,2.1247034
1303.324,2.1242256
1303.91,2.1237481
1304.496,2.1232708
1305.082,2.1227939
1305.668,2.1223173
1306.254,2.1218412
1306.84,2.1213653
1307.426,2.1208897
1308.012,2.1204145
1308.598,2.1199396
1309.184,2.1194649
1309.77,2.1189907
1310.356,2.1185167
1310.942,2.1180429
1311.528,2.1175697
1312.114,2.1170967
1312.7,2.1166239
1313.286,2.1161516
1313.872,2.1156795
1314.458,2.1152079
1315.044,2.1147363
1315.63,2.1142652
1316.216,2.1137946
1316.802,2.1133239
1317.388,2.1128538
1317.974,2.1123841
1318.56,2.1119146
1319.146,2.1114454
1319.732,2.1109765
1320.318,2.110508
1320.904,2.1100397
1321.49,2.1095717
1322.076,2.1091042
1322.662,2.1086369
1323.248,2.1081698
1323.834,2.1077032
1324.42,2.1072366
1325.006,2.1067705
1325.592,2.1063049
1326.178,2.1058395
1326.764,2.1053743
1327.35,2.1049094
1327.936,2.104445
1328.522,2.1039808
1329.108,2.1035168
1329.694,2.1030533
1330.28,2.1025901
1330.866,2.1021271
1331.452,2.1016643
1332.038,2.101202
1332.624,2.10074
1333.21,2.1002784
1333.796,2.0998168
1334.382,2.0993557
1334.968,2.0988948
1335.554,2.0984344
1336.14,2.0979741
1336.726,2.0975144
1337.312,2.0970547
1337.898,2.0965953
1338.484,2.0961363
1339.07,2.0956779
1339.656,2.0952194
1340.242,2.0947614
1340.828,2.0943036
1341.414,2.0938461
1342,2.0933888
1342.586,2.092932
1343.172,2.0924754
1343.758,2.0920191
1344.344,2.0915632
1344.93,2.0911076
1345.516,2.0906522
1346.102,2.0901971
1346.688,2.0897424
1347.274,2.0892878
1347.86,2.0888338
1348.446,2.0883799
1349.032,2.0879261
1349.618,2.0874729
1350.204,2.0870199
1350.79,2.0865672
1351.376,2.0861149
1351.962,2.0856628
1352.548,2.085211
1353.134,2.0847595
1353.72,2.0843084
1354.306,2.0838573
1354.892,2.0834067
1355.478,2.0829566
1356.064,2.0825064
1356.65,2.0820568
1357.236,2.0816071
1357.822,2.0811582
1358.408,2.0807092
1358.994,2.0802608
1359.58,2.0798125
1360.166,2.0793645
1360.752,2.0789168
1361.338,2.0784693
1361.924,2.0780222
1362.51,2.0775754
1363.096,2.0771289
1363.682,2.0766826
1364.268,2.0762367
1364.854,2.0757911
1365.44,2.0753458
1366.026,2.0749006
1366.612,2.0744557
1367.198,2.0740113
1367.784,2.0735672
1368.37,2.0731232
1368.956,2.0726795
1369.542,2.0722361
1370.128,2.0717928
1370.714,2.0713499
1371.3,2.0709071
1371.886,2.0704646
1372.472,2.0700223
1373.058,2.0695806
1373.644,2.0691388
1374.23,2.0686975
1374.816,2.0682564
1375.402,2.0678155
1375.988,2.0673752
1376.574,2.0669348
1377.16,2.0664949
1377.746,2.0660551
1378.332,2.0656159
1378.918,2.0651767
1379.504,2.0647378
1380.09,2.0642993
1380.676,2.0638611
1381.262,2.0634232
1381.848,2.0629854
1382.434,2.0625482
1383.02,2.0621109
1383.606,2.0616741
1384.192,2.0612376
1384.778,2.0608013
1385.364,2.0603652
1385.95,2.0599294
1386.536,2.059494
1387.122,2.0590589
1387.708,2.0586238
1388.294,2.0581892
1388.88,2.057755
1389.466,2.0573208
1390.052,2.0568871
1390.638,2.0564535
1391.224,2.0560203
1391.81,2.0555873
1392.396,2.0551546
1392.982,2.0547223
1393.568,2.0542901
1394.154,2.0538583
1394.74,2.0534265
1395.326,2.0529952
1395.912,2.0525641
1396.498,2.0521333
1397.084,2.051703
1397.67,2.0512726
1398.256,2.0508428
1398.842,2.0504131
1399.428,2.0499837
1400.014,2.0495543
1400.6,2.0491257
1401.186,2.048697
1401.772,2.0482688
1402.358,2.0478406
1402.944,2.0474129
1403.53,2.0469851
1404.116,2.0465579
1404.702,2.0461311
1405.288,2.0457044
1405.874,2.0452778
1406.46,2.0448515
1407.046,2.0444257
1407.632,2.0440001
1408.218,2.0435748
1408.804,2.0431495
1409.39,2.0427246
1409.976,2.0423
1410.562,2.0418758
1411.148,2.0414517
1411.734,2.041028
1412.32,2.0406046
1412.906,2.0401812
1413.492,2.0397582
1414.078,2.0393355
1414.664,2.038913
1415.25,2.0384908
1415.836,2.0380688
1416.422,2.0376472
1417.008,2.0372257
1417.594,2.0368047
1418.18,2.0363839
1418.766,2.0359631
1419.352,2.0355427
1419.938,2.0351226
1420.524,2.0347028
1421.11,2.0342834
1421.696,2.033864
1422.282,2.0334449
1422.868,2.033026
1423.454,2.0326076
1424.04,2.0321894
1424.626,2.0317712
1425.212,2.0313535
1425.798,2.030936
1426.384,2.0305188
1426.97,2.0301018
1427.556,2.029685
1428.142,2.0292685
1428.728,2.0288525
1429.314,2.0284364
1429.9,2.0280206
1430.486,2.0276053
1431.072,2.02719
1431.658,2.0267751
1432.244,2.0263605
1432.83,2.0259461
1433.416,2.025532
1434.002,2.0251179
1434.588,2.0247042
1435.174,2.024291
1435.76,2.0238779
1436.346,2.0234649
1436.932,2.0230522
1437.518,2.0226398
1438.104,2.0222278
1438.69,2.0218158
1439.276,2.0214043
1439.862,2.0209928
1440.448,2.0205817
1441.034,2.0201709
1441.62,2.0197604
1442.206,2.0193498
1442.792,2.0189397
1443.378,2.0185299
1443.964,2.0181203
1444.55,2.0177109
1445.136,2.0173018
1445.722,2.0168929
1446.308,2.0164843
1446.894,2.0160758
1447.48,2.0156679
1448.066,2.01526
1448.652,2.0148523
1449.238,2.0144451
1449.824,2.0140378
1450.41,2.0136311
1450.996,2.0132244
1451.582,2.0128179
1452.168,2.0124118
1452.754,2.012006
1453.34,2.0116003
1453.926,2.0111949
1454.512,2.0107896
1455.098,2.0103848
1455.684,2.0099802
1456.27,2.0095758
1456.856,2.0091717
1457.442,2.0087676
1458.028,2.008364
1458.614,2.0079606
1459.2,2.0075574
1459.786,2.0071545
1460.372,2.0067518
1460.958,2.0063493
1461.544,2.0059471
1462.13,2.0055451
1462.716,2.0051434
1463.302,2.0047419
1463.888,2.0043406
1464.474,2.0039396
1465.06,2.0035388
1465.646,2.0031383
1466.232,2.002738
1466.818,2.0023379
1467.404,2.0019381
1467.99,2.0015385
1468.576,2.0011392
1469.162,2.0007403
1469.748,2.0003412
1470.334,1.9999427
1470.92,1.9995444
1471.506,1.9991462
1472.092,1.9987483
1472.678,1.9983506
1473.264,1.9979533
1473.85,1.9975561
1474.436,1.9971591
1475.022,1.9967624
1475.608,1.9963659
1476.194,1.9959697
1476.78,1.9955738
1477.366,1.995178
1477.952,1.9947824
1478.538,1.994387
1479.124,1.9939921
1479.71,1.9935973
1480.296,1.9932027
1480.882,1.9928083
1481.468,1.9924142
1482.054,1.9920204
1482.64,1.9916267
1483.226,1.9912333
1483.812,1.9908401
1484.398,1.9904472
1484.984,1.9900545
1485.57,1.9896621
1486.156,1.9892697
1486.742,1.9888778
1487.328,1.9884859
1487.914,1.9880944
1488.5,1.9877031
1489.086,1.9873121
1489.672,1.9869212
1490.258,1.9865305
1490.844,1.9861401
1491.43,1.9857497
1492.016,1.9853597
1492.602,1.9849699
1493.188,1.9845802
1493.774,1.9841908
1494.36,1.9838016
1494.946,1.9834127
1495.532,1.9830239
1496.118,1.9826354
1496.704,1.9822472
1497.29,1.9818592
1497.876,1.9814713
1498.462,1.9810838
1499.048,1.9806964
1499.634,1.9803092
1500.22,1.9799224
1500.806,1.9795358
1501.392,1.9791492
1501.978,1.978763
1502.564,1.9783771
1503.15,1.9779913
1503.736,1.9776058
1504.322,1.9772205
1504.908,1.9768354
1505.494,1.9764506
1506.08,1.9760659
1506.666,1.9756815
1507.252,1.9752973
1507.838,1.9749134
1508.424,1.9745296
1509.01,1.9741461
1509.596,1.9737629
1510.182,1.9733799
1510.768,1.972997
1511.354,1.9726143
1511.94,1.9722319
1512.526,1.9718498
1513.112,1.9714679
1513.698,1.9710861
1514.284,1.9707047
1514.87,1.9703233
1515.456,1.9699422
1516.042,1.9695615
1516.628,1.9691808
1517.214,1.9688004
1517.8,1.9684203
1518.386,1.9680403
1518.972,1.9676607
1519.558,1.9672811
1520.144,1.9669018
1520.73,1.9665228
1521.316,1.966144
1521.902,1.9657652
1522.488,1.9653869
1523.074,1.9650086
1523.66,1.9646306
1524.246,1.9642529
1524.832,1.9638754
1525.418,1.9634981
1526.004,1.9631209
1526.59,1.9627441
1527.176,1.9623674
1527.762,1.961991
1528.348,1.9616147
1528.934,1.9612387
1529.52,1.9608629
1530.106,1.9604874
1530.692,1.960112
1531.278,1.9597368
1531.864,1.9593619
1532.45,1.9589872
1533.036,1.9586127
1533.622,1.9582384
1534.208,1.9578643
1534.794,1.9574904
1535.38,1.9571168
1535.966,1.9567434
1536.552,1.9563701
1537.138,1.9559972
1537.724,1.9556245
1538.31,1.9552518
1538.896,1.9548794
1539.482,1.9545074
1540.068,1.9541354
1540.654,1.9537636
1541.24,1.9533921
1541.826,1.9530208
1542.412,1.9526498
1542.998,1.9522789
1543.584,1.9519082
1544.17,1.9515378
1544.756,1.9511676
1545.342,1.9507976
1545.928,1.9504278
1546.514,1.9500581
1547.1,1.9496887
1547.686,1.9493196
1548.272,1.9489505
1548.858,1.9485818
1549.444,1.9482132
1550.03,1.9478449
1550.616,1.9474767
1551.202,1.9471087
1551.788,1.9467411
1552.374,1.9463736
1552.96,1.9460063
1553.546,1.9456393
1554.132,1.9452723
1554.718,1.9449056
1555.304,1.9445392
1555.89,1.9441729
1556.476,1.9438068
1557.062,1.9434409
1557.648,1.9430753
1558.234,1.9427099
1558.82,1.9423447
1559.406,1.9419796
1559.992,1.9416149
1560.578,1.9412502
1561.164,1.9408858
1561.75,1.9405216
1562.336,1.9401577
1562.922,1.9397938
1563.508,1.9394302
1564.094,1.9390669
1564.68,1.9387037
1565.266,1.9383407
1565.852,1.937978
1566.438,1.9376154
1567.024,1.937253
1567.61,1.936891
1568.196,1.9365289
1568.782,1.9361671
1569.368,1.9358057
1569.954,1.9354442
1570.54,1.9350832
1571.126,1.9347222
1571.712,1.9343615
1572.298,1.934001
1572.884,1.9336406
1573.47,1.9332805
1574.056,1.9329206
1574.642,1.9325608
1575.228,1.9322013
1575.814,1.931842
1576.4,1.9314828
1576.986,1.931124
1577.572,1.9307652
1578.158,1.9304067
1578.744,1.9300483
1579.33,1.9296902
1579.916,1.9293323
1580.502,1.9289745
1581.088,1.928617
1581.674,1.9282597
1582.26,1.9279026
1582.846,1.9275457
1583.432,1.9271889
1584.018,1.9268323
1584.604,1.926476
1585.19,1.9261199
1585.776,1.925764
1586.362,1.9254082
1586.948,1.9250526
1587.534,1.9246973
1588.12,1.9243422
1588.706,1.9239872
1589.292,1.9236324
1589.878,1.9232779
1590.464,1.9229236
1591.05,1.9225694
1591.636,1.9222155
1592.222,1.9218616
1592.808,1.9215081
1593.394,1.9211546
1593.98,1.9208014
1594.566,1.9204484
1595.152,1.9200957
1595.738,1.9197431
1596.324,1.9193906
1596.91,1.9190384
1597.496,1.9186864
1598.082,1.9183346
1598.668,1.9179829
1599.254,1.9176315
1599.84,1.9172802
1600.426,1.9169291
1601.012,1.9165783
1601.598,1.9162276
1602.184,1.9158771
1602.77,1.9155269
1603.356,1.9151767
1603.942,1.9148269
1604.528,1.9144771
1605.114,1.9141276
1605.7,1.9137783
1606.286,1.9134291
1606.872,1.9130802
1607.458,1.9127314
1608.044,1.9123828
1608.63,1.9120345
1609.216,1.9116863
1609.802,1.9113383
1610.388,1.9109906
1610.974,1.9106429
1611.56,1.9102955
1612.146,1.9099482
1612.732,1.9096012
1613.318,1.9092543
1613.904,1.9089077
1614.49,1.9085612
1615.076,1.9082149
1615.662,1.9078689
1616.248,1.9075229
1616.834,1.9071772
1617.42,1.9068316
1618.006,1.9064863
1618.592,1.9061412
1619.178,1.9057962
1619.764,1.9054514
1620.35,1.9051068
1620.936,1.9047624
1621.522,1.9044181
1622.108,1.9040741
1622.694,1.9037303
1623.28,1.9033866
1623.866,1.9030432
1624.452,1.9026998
1625.038,1.9023567
1625.624,1.9020138
1626.21,1.9016711
1626.796,1.9013286
1627.382,1.9009862
1627.968,1.9006439
1628.554,1.9003019
1629.14,1.8999602
1629.726,1.8996185
1630.312,1.8992771
1630.898,1.8989359
1631.484,1.8985947
1632.07,1.8982539
1632.656,1.8979131
1633.242,1.8975726
1633.828,1.8972323
1634.414,1.8968922
1635,1.8965522
1635.586,1.8962125
1636.172,1.8958728
1636.758,1.8955333
1637.344,1.8951941
1637.93,1.894855
1638.516,1.8945161
1639.102,1.8941774
1639.688,1.893839
1640.274,1.8935006
1640.86,1.8931625
1641.446,1.8928245
1642.032,1.8924867
1642.618,1.8921491
1643.204,1.8918117
1643.79,1.8914745
1644.376,1.8911374
1644.962,1.8908005
1645.548,1.8904637
1646.134,1.8901272
1646.72,1.8897909
1647.306,1.8894547
1647.892,1.8891187
1648.478,1.888783
1649.064,1.8884473
1649.65,1.8881118
1650.236,1.8877765
1650.822,1.8874415
1651.408,1.8871065
1651.994,1.8867718
1652.58,1.8864373
1653.166,1.8861029
1653.752,1.8857687
1654.338,1.8854346
1654.924,1.8851007
1655.51,1.8847671
1656.096,1.8844336
1656.682,1.8841003
1657.268,1.8837671
1657.854,1.8834342
1658.44,1.8831015
1659.026,1.8827688
1659.612,1.8824364
1660.198,1.8821042
1660.784,1.881772
1661.37,1.8814402
1661.956,1.8811084
1662.542,1.8807769
1663.128,1.8804455
1663.714,1.8801143
1664.3,1.8797832
1664.886,1.8794523
1665.472,1.8791217
1666.058,1.8787912
1666.644,1.8784609
1667.23,1.8781307
1667.816,1.8778007
1668.402,1.8774709
1668.988,1.8771412
1669.574,1.8768117
1670.16,1.8764825
1670.746,1.8761533
1671.332,1.8758245
1671.918,1.8754957
1672.504,1.875167
1673.09,1.8748386
1673.676,1.8745104
1674.262,1.8741823
1674.848,1.8738544
1675.434,1.8735267
1676.02,1.8731991
1676.606,1.8728716
1677.192,1.8725444
1677.778,1.8722174
1678.364,1.8718905
1678.95,1.8715639
1679.536,1.8712373
1680.122,1.8709109
1680.708,1.8705847
1681.294,1.8702587
1681.88,1.8699329
1682.466,1.8696072
1683.052,1.8692816
1683.638,1.8689563
1684.224,1.8686311
1684.81,1.8683062
1685.396,1.8679813
1685.982,1.8676566
1686.568,1.8673321
1687.154,1.8670079
1687.74,1.8666837
1688.326,1.8663597
1688.912,1.8660358
1689.498,1.8657122
1690.084,1.8653888
1690.67,1.8650655
1691.256,1.8647423
1691.842,1.8644193
1692.428,1.8640965
1693.014,1.8637738
1693.6,1.8634514
1694.186,1.863129
1694.772,1.8628069
1695.358,1.8624849
1695.944,1.8621632
1696.53,1.8618414
1697.116,1.8615199
1697.702,1.8611987
1698.288,1.8608775
1698.874,1.8605566
1699.46,1.8602358
1700.046,1.8599151
1700.632,1.8595947
1701.218,1.8592744
1701.804,1.8589542
1702.39,1.8586342
1702.976,1.8583144
1703.562,1.8579948
1704.148,1.8576752
1704.734,1.857356
1705.32,1.8570367
1705.906,1.8567178
1706.492,1.8563989
1707.078,1.8560803
1707.664,1.8557618
1708.25,1.8554435
1708.836,1.8551253
1709.422,1.8548073
1710.008,1.8544894
1710.594,1.8541718
1711.18,1.8538542
1711.766,1.8535368
1712.352,1.8532196
1712.938,1.8529027
1713.524,1.8525857
1714.11,1.8522691
1714.696,1.8519524
1715.282,1.8516361
1715.868,1.8513199
1716.454,1.8510038
1717.04,1.850688
1717.626,1.8503722
1718.212,1.8500566
1718.798,1.8497412
1719.384,1.8494259
1719.97,1.8491108
1720.556,1.848796
1721.142,1.8484812
1721.728,1.8481666
1722.314,1.8478521
1722.9,1.8475379
1723.486,1.8472238
1724.072,1.8469098
1724.658,1.846596
1725.244,1.8462822
1725.83,1.8459688
1726.416,1.8456554
1727.002,1.8453423
1727.588,1.8450294
1728.174,1.8447164
1728.76,1.8444037
1729.346,1.8440912
1729.932,1.8437788
1730.518,1.8434666
1731.104,1.8431547
1731.69,1.8428427
1732.276,1.842531
1732.862,1.8422194
1733.448,1.841908
1734.034,1.8415967
1734.62,1.8412856
1735.206,1.8409746
1735.792,1.8406638
1736.378,1.8403533
1736.964,1.8400427
1737.55,1.8397324
1738.136,1.8394222
1738.722,1.8391123
1739.308,1.8388025
1739.894,1.8384928
1740.48,1.8381832
1741.066,1.8378738
1741.652,1.8375646
1742.238,1.8372555
1742.824,1.8369466
1743.41,1.8366379
1743.996,1.8363292
1744.582,1.8360207
1745.168,1.8357126
1745.754,1.8354044
1746.34,1.8350964
1746.926,1.8347886
1747.512,1.8344809
1748.098,1.8341733
1748.684,1.833866
1749.27,1.8335588
1749.856,1.8332517
1750.442,1.8329449
1751.028,1.8326381
1751.614,1.8323315
1752.2,1.8320251
1752.786,1.8317188
1753.372,1.8314127
1753.958,1.8311067
1754.544,1.8308009
1755.13,1.8304952
1755.716,1.8301897
1756.302,1.8298843
1756.888,1.8295791
1757.474,1.8292741
1758.06,1.8289691
1758.646,1.8286644
1759.232,1.8283597
1759.818,1.8280554
1760.404,1.827751
1760.99,1.8274468
1761.576,1.8271428
1762.162,1.826839
1762.748,1.8265353
1763.334,1.8262318
1763.92,1.8259284
1764.506,1.8256252
1765.092,1.8253222
1765.678,1.8250191
1766.264,1.8247163
1766.85,1.8244137
1767.436,1.8241112
1768.022,1.8238089
1768.608,1.8235067
1769.194,1.8232048
1769.78,1.8229028
1770.366,1.8226011
1770.952,1.8222995
1771.538,1.821998
1772.124,1.8216968
1772.71,1.8213956
1773.296,1.8210946
1773.882,1.8207939
1774.468,1.8204931
1775.054,1.8201926
1775.64,1.8198922
1776.226,1.819592
1776.812,1.8192918
1777.398,1.8189919
1777.984,1.8186921
1778.57,1.8183925
1779.156,1.8180929
1779.742,1.8177936
1780.328,1.8174944
1780.914,1.8171953
1781.5,1.8168964
1782.086,1.8165976
1782.672,1.8162991
1783.258,1.8160006
1783.844,1.8157023
1784.43,1.8154041
1785.016,1.815106
1785.602,1.8148081
1786.188,1.8145105
1786.774,1.8142129
1787.36,1.8139154
1787.946,1.8136182
1788.532,1.813321
1789.118,1.8130239
1789.704,1.8127271
1790.29,1.8124304
1790.876,1.8121338
1791.462,1.8118374
1792.048,1.8115412
1792.634,1.811245
1793.22,1.810949
1793.806,1.8106532
1794.392,1.8103575
1794.978,1.8100619
1795.564,1.8097665
1796.15,1.8094712
1796.736,1.8091761
1797.322,1.8088812
1797.908,1.8085864
1798.494,1.8082917
1799.08,1.8079971
1799.666,1.8077027
1800.252,1.8074085
1800.838,1.8071144
1801.424,1.8068204
1802.01,1.8065265
1802.596,1.8062329
1803.182,1.8059393
1803.768,1.8056459
1804.354,1.8053527
1804.94,1.8050597
1805.526,1.8047667
1806.112,1.8044738
1806.698,1.8041811
1807.284,1.8038886
1807.87,1.8035961
1808.456,1.803304
1809.042,1.8030118
1809.628,1.8027198
1810.214,1.802428
1810.8,1.8021363
1811.386,1.8018448
1811.972,1.8015534
1812.558,1.8012621
1813.144,1.800971
1813.73,1.80068
1814.316,1.8003892
1814.902,1.8000985
1815.488,1.7998079
1816.074,1.7995175
1816.66,1.7992272
1817.246,1.7989371
1817.832,1.7986472
1818.418,1.7983572
1819.004,1.7980676
1819.59,1.7977779
1820.176,1.7974885
1820.762,1.7971992
1821.348,1.79691
1821.934,1.7966211
1822.52,1.7963322
1823.106,1.7960434
1823.692,1.7957548
1824.278,1.7954663
1824.864,1.7951781
1825.45,1.7948899
1826.036,1.7946018
1826.622,1.7943139
1827.208,1.7940261
1827.794,1.7937385
1828.38,1.7934511
1828.966,1.7931637
1829.552,1.7928765
1830.138,1.7925893
1830.724,1.7923025
1831.31,1.7920157
1831.896,1.791729
1832.482,1.7914425
1833.068,1.7911561
1833.654,1.7908698
1834.24,1.7905837
1834.826,1.7902977
1835.412,1.7900119
1835.998,1.7897261
1836.584,1.7894406
1837.17,1.7891551
1837.756,1.7888699
1838.342,1.7885847
1838.928,1.7882997
1839.514,1.7880149
1840.1,1.7877301
1840.686,1.7874454
1841.272,1.787161
1841.858,1.7868767
1842.444,1.7865925
1843.03,1.7863084
1843.616,1.7860245
1844.202,1.7857406
1844.788,1.785457
1845.374,1.7851734
1845.96,1.7848901
1846.546,1.7846068
1847.132,1.7843237
1847.718,1.7840407
1848.304,1.7837578
1848.89,1.783475
1849.476,1.7831925
1850.062,1.7829101
1850.648,1.7826278
1851.234,1.7823455
1851.82,1.7820635
1852.406,1.7817817
1852.992,1.7814999
1853.578,1.7812182
1854.164,1.7809366
1854.75,1.7806553
1855.336,1.7803741
1855.922,1.7800928
1856.508,1.779812
1857.094,1.7795311
1857.68,1.7792504
1858.266,1.7789698
1858.852,1.7786893
1859.438,1.778409
1860.024,1.7781287
1860.61,1.7778488
1861.196,1.7775688
1861.782,1.777289
1862.368,1.7770094
1862.954,1.7767298
1863.54,1.7764505
1864.126,1.7761712
1864.712,1.775892
1865.298,1.7756131
1865.884,1.7753342
1866.47,1.7750555
1867.056,1.7747769
1867.642,1.7744983
1868.228,1.7742201
1868.814,1.7739419
1869.4,1.7736638
1869.986,1.7733858
1870.572,1.773108
1871.158,1.7728304
1871.744,1.7725527
1872.33,1.7722753
1872.916,1.771998
1873.502,1.7717209
1874.088,1.7714438
1874.674,1.7711669
1875.26,1.7708901
1875.846,1.7706136
1876.432,1.770337
1877.018,1.7700605
1877.604,1.7697843
1878.19,1.7695082
1878.776,1.7692322
1879.362,1.7689563
1879.948,1.7686806
1880.534,1.768405
1881.12,1.7681295
1881.706,1.7678541
1882.292,1.7675788
1882.878,1.7673038
1883.464,1.7670288
1884.05,1.7667539
1884.636,1.7664793
1885.222,1.7662047
1885.808,1.7659302
1886.394,1.7656559
1886.98,1.7653817
1887.566,1.7651076
1888.152,1.7648337
1888.738,1.7645599
1889.324,1.7642862
1889.91,1.7640126
1890.496,1.7637391
1891.082,1.7634659
1891.668,1.7631927
1892.254,1.7629195
1892.84,1.7626467
1893.426,1.7623738
1894.012,1.7621012
1894.598,1.7618287
1895.184,1.7615563
1895.77,1.7612839
1896.356,1.7610117
1896.942,1.7607397
1897.528,1.7604678
1898.114,1.760196
1898.7,1.7599243
1899.286,1.7596527
1899.872,1.7593814
1900.458,1.7591101
1901.044,1.7588389
1901.63,1.7585678
1902.216,1.758297
1902.802,1.7580261
1903.388,1.7577555
1903.974,1.7574849
1904.56,1.7572145
1905.146,1.7569442
1905.732,1.7566741
1906.318,1.756404
1906.904,1.7561342
1907.49,1.7558644
1908.076,1.7555947
1908.662,1.7553251
1909.248,1.7550558
1909.834,1.7547864
1910.42,1.7545173
1911.006,1.7542481
1911.592,1.7539793
1912.178,1.7537105
1912.764,1.7534418
1913.35,1.7531732
1913.936,1.7529049
1914.522,1.7526366
1915.108,1.7523683
1915.694,1.7521002
1916.28,1.7518324
1916.866,1.7515645
1917.452,1.7512969
1918.038,1.7510293
1918.624,1.7507619
1919.21,1.7504945
1919.796,1.7502273
1920.382,1.7499602
1920.968,1.7496933
1921.554,1.7494265
1922.14,1.7491597
1922.726,1.7488931
1923.312,1.7486267
1923.898,1.7483603
1924.484,1.7480941
1925.07,1.747828
1925.656,1.7475621
1926.242,1.7472962
1926.828,1.7470304
1927.414,1.7467648
1928,1.7464993
1928.586,1.7462339
1929.172,1.7459687
1929.758,1.7457036
1930.344,1.7454386
1930.93,1.7451737
1931.516,1.7449089
1932.102,1.7446443
1932.688,1.7443796
1933.274,1.7441154
1933.86,1.7438509
1934.446,1.7435869
1935.032,1.7433227
1935.618,1.7430588
1936.204,1.742795
1936.79,1.7425314
1937.376,1.7422678
1937.962,1.7420043
1938.548,1.7417411
1939.134,1.7414777
1939.72,1.7412148
1940.306,1.7409518
1940.892,1.7406889
1941.478,1.7404262
1942.064,1.7401636
1942.65,1.7399011
1943.236,1.7396387
1943.822,1.7393764
1944.408,1.7391143
1944.994,1.7388523
1945.58,1.7385904
1946.166,1.7383286
1946.752,1.7380669
1947.338,1.7378054
1947.924,1.7375439
1948.51,1.7372826
1949.096,1.7370214
1949.682,1.7367604
1950.268,1.7364993
1950.854,1.7362385
1951.44,1.7359778
1952.026,1.7357172
1952.612,1.7354567
1953.198,1.7351964
1953.784,1.7349361
1954.37,1.734676
1954.956,1.734416
1955.542,1.734156
1956.128,1.7338963
1956.714,1.7336366
1957.3,1.7333771
1957.886,1.7331176
1958.472,1.7328583
1959.058,1.7325991
1959.644,1.73234
1960.23,1.7320811
1960.816,1.7318221
1961.402,1.7315634
1961.988,1.7313048
1962.574,1.7310463
1963.16,1.7307879
1963.746,1.7305297
1964.332,1.7302715
1964.918,1.7300135
1965.504,1.7297555
1966.09,1.7294977
1966.676,1.7292399
1967.262,1.7289824
1967.848,1.728725
1968.434,1.7284676
1969.02,1.7282103
1969.606,1.7279532
1970.192,1.7276963
1970.778,1.7274394
1971.364,1.7271826
1971.95,1.726926
1972.536,1.7266694
1973.122,1.7264129
1973.708,1.7261566
1974.294,1.7259004
1974.88,1.7256444
1975.466,1.7253883
1976.052,1.7251325
1976.638,1.7248768
1977.224,1.7246211
1977.81,1.7243656
1978.396,1.7241102
1978.982,1.7238549
1979.568,1.7235997
1980.154,1.7233447
1980.74,1.7230897
1981.326,1.7228348
1981.912,1.7225801
1982.498,1.7223256
1983.084,1.7220711
1983.67,1.7218167
1984.256,1.7215624
1984.842,1.7213082
1985.428,1.7210542
1986.014,1.7208002
1986.6,1.7205464
1987.186,1.7202927
1987.772,1.720039
1988.358,1.7197856
1988.944,1.7195323
1989.53,1.7192789
1990.116,1.7190259
1990.702,1.7187728
1991.288,1.7185198
1991.874,1.718267
1992.46,1.7180142
1993.046,1.7177616
1993.632,1.7175093
1994.218,1.7172568
1994.804,1.7170047
1995.39,1.7167524
1995.976,1.7165004
1996.562,1.7162485
1997.148,1.7159967
1997.734,1.715745
1998.32,1.7154933
1998.906,1.7152419
1999.492,1.7149905
2000.078,1.7147393
2000.664,1.7144881
2001.25,1.7142371
2001.836,1.7139862
2002.422,1.7137353
2003.008,1.7134846
2003.594,1.7132341
2004.18,1.7129835
2004.766,1.7127331
2005.352,1.7124829
2005.938,1.7122327
2006.524,1.7119827
2007.11,1.7117327
2007.696,1.7114829
2008.282,1.7112333
2008.868,1.7109836
2009.454,1.7107341
2010.04,1.7104847
2010.626,1.7102355
2011.212,1.7099862
2011.798,1.7097372
2012.384,1.7094883
2012.97,1.7092394
2013.556,1.7089907
2014.142,1.708742
2014.728,1.7084935
2015.314,1.7082452
2015.9,1.7079967
2016.486,1.7077487
2017.072,1.7075005
2017.658,1.7072526
2018.244,1.7070047
2018.83,1.7067569
2019.416,1.7065092
2020.002,1.7062618
2020.588,1.7060143
2021.174,1.7057669
2021.76,1.7055198
2022.346,1.7052726
2022.932,1.7050256
2023.518,1.7047787
2024.104,1.7045319
2024.69,1.7042853
2025.276,1.7040386
2025.862,1.7037921
2026.448,1.7035458
2027.034,1.7032995
2027.62,1.7030535
2028.206,1.7028074
2028.792,1.7025614
2029.378,1.7023156
2029.964,1.7020699
2030.55,1.7018243
2031.136,1.7015787
2031.722,1.7013334
2032.308,1.7010881
2032.894,1.7008429
2033.48,1.7005978
2034.066,1.7003528
2034.652,1.7001079
2035.238,1.6998632
2035.824,1.6996185
2036.41,1.699374
2036.996,1.6991296
2037.582,1.6988852
2038.168,1.6986409
2038.754,1.6983968
2039.34,1.6981528
2039.926,1.6979089
2040.512,1.697665
2041.098,1.6974213
2041.684,1.6971778
2042.27,1.6969342
2042.856,1.6966908
2043.442,1.6964475
2044.028,1.6962043
2044.614,1.6959612
2045.2,1.6957183
2045.786,1.6954755
2046.372,1.6952326
2046.958,1.6949899
2047.544,1.6947474
2048.13,1.694505
2048.716,1.6942626
2049.302,1.6940204
2049.888,1.6937783
2050.474,1.6935362
2051.06,1.6932943
2051.646,1.6930524
2052.232,1.6928108
2052.818,1.6925691
2053.404,1.6923276
2053.99,1.6920861
2054.576,1.6918448
2055.162,1.6916037
2055.748,1.6913625
2056.334,1.6911216
2056.92,1.6908807
2057.506,1.6906399
2058.092,1.6903992
2058.678,1.6901586
2059.264,1.6899182
2059.85,1.6896777
2060.436,1.6894374
2061.022,1.6891973
2061.608,1.6889572
2062.194,1.6887172
2062.78,1.6884773
2063.366,1.6882375
2063.952,1.6879979
2064.538,1.6877583
2065.124,1.687519
2065.71,1.6872796
2066.296,1.6870403
2066.882,1.6868012
2067.468,1.6865621
2068.054,1.6863232
2068.64,1.6860843
2069.226,1.6858455
2069.812,1.6856068
2070.398,1.6853683
2070.984,1.6851299
2071.57,1.6848916
2072.156,1.6846533
2072.742,1.6844152
2073.328,1.6841772
2073.914,1.6839392
2074.5,1.6837014
2075.086,1.6834637
2075.672,1.683226
2076.258,1.6829885
2076.844,1.6827511
2077.43,1.6825137
2078.016,1.6822765
2078.602,1.6820394
2079.188,1.6818024
2079.774,1.6815654
2080.36,1.6813287
2080.946,1.6810919
2081.532,1.6808553
2082.118,1.6806188
2082.704,1.6803823
2083.29,1.680146
2083.876,1.6799098
2084.462,1.6796736
2085.048,1.6794376
2085.634,1.6792016
2086.22,1.6789658
2086.806,1.6787301
2087.392,1.6784945
2087.978,1.678259
2088.564,1.6780236
2089.15,1.6777881
2089.736,1.6775529
2090.322,1.6773179
2090.908,1.6770828
2091.494,1.6768478
2092.08,1.6766131
2092.666,1.6763783
2093.252,1.6761436
2093.838,1.6759092
2094.424,1.6756747
2095.01,1.6754403
2095.596,1.6752062
2096.182,1.6749719
2096.768,1.6747379
2097.354,1.674504
2097.94,1.6742702
2098.526,1.6740364
2099.112,1.6738027
2099.698,1.6735692
2100.284,1.6733357
2100.87,1.6731024
2101.456,1.6728691
2102.042,1.6726359
2102.628,1.6724029
2103.214,1.6721699
2103.8,1.6719371
2104.386,1.6717043
2104.972,1.6714716
2105.558,1.671239
2106.144,1.6710066
2106.73,1.6707742
2107.316,1.6705419
2107.902,1.6703097
2108.488,1.6700777
2109.074,1.6698456
2109.66,1.6696137
2110.246,1.669382
2110.832,1.6691502
2111.418,1.6689186
2112.004,1.6686871
2112.59,1.6684557
2113.176,1.6682245
2113.762,1.6679932
2114.348,1.667762
2114.934,1.667531
2115.52,1.6673001
2116.106,1.6670693
2116.692,1.6668385
2117.278,1.6666079
2117.864,1.6663773
2118.45,1.6661469
2119.036,1.6659166
2119.622,1.6656864
2120.208,1.6654562
2120.794,1.6652261
2121.38,1.664996
2121.966,1.6647662
2122.552,1.6645365
2123.138,1.6643068
2123.724,1.6640772
2124.31,1.6638477
2124.896,1.6636183
2125.482,1.663389
2126.068,1.6631598
2126.654,1.6629307
2127.24,1.6627016
2127.826,1.6624727
2128.412,1.662244
2128.998,1.6620152
2129.584,1.6617866
2130.17,1.6615579
2130.756,1.6613295
2131.342,1.6611012
2131.928,1.6608729
2132.514,1.6606448
2133.1,1.6604167
2133.686,1.6601887
2134.272,1.6599609
2134.858,1.6597331
2135.444,1.6595054
2136.03,1.6592777
2136.616,1.6590501
2137.202,1.6588225
2137.788,1.6585951
2138.374,1.6583678
2138.96,1.6581405
2139.546,1.6579133
2140.132,1.6576862
2140.718,1.6574594
2141.304,1.6572324
2141.89,1.6570057
2142.476,1.6567789
2143.062,1.6565524
2143.648,1.6563259
2144.234,1.6560994
2144.82,1.6558732
2145.406,1.6556469
2145.992,1.6554208
2146.578,1.6551948
2147.164,1.6549687
2147.75,1.654743
2148.336,1.6545172
2148.922,1.6542915
2149.508,1.654066
2150.094,1.6538404
2150.68,1.6536151
2151.266,1.6533898
2151.852,1.6531646
2152.438,1.6529394
2153.024,1.6527145
2153.61,1.6524895
2154.196,1.6522647
2154.782,1.6520399
2155.368,1.6518153
2155.954,1.6515907
2156.54,1.6513662
2157.126,1.6511419
2157.712,1.6509175
2158.298,1.6506934
2158.884,1.6504692
2159.47,1.6502453
2160.056,1.6500213
2160.642,1.6497974
2161.228,1.6495738
2161.814,1.6493502
2162.4,1.6491265
2162.986,1.6489031
2163.572,1.6486797
2164.158,1.6484565
2164.744,1.6482332
2165.33,1.6480101
2165.916,1.6477871
2166.502,1.6475642
2167.088,1.6473414
2167.674,1.6471187
2168.26,1.646896
2168.846,1.6466734
2169.432,1.646451
2170.018,1.6462286
2170.604,1.6460062
2171.19,1.645784
2171.776,1.6455621
2172.362,1.64534
2172.948,1.645118
2173.534,1.6448961
2174.12,1.6446744
2174.706,1.6444528
2175.292,1.6442312
2175.878,1.6440098
2176.464,1.6437883
2177.05,1.6435671
2177.636,1.6433458
2178.222,1.6431247
2178.808,1.6429037
2179.394,1.6426828
2179.98,1.6424619
2180.566,1.6422411
2181.152,1.6420205
2181.738,1.6417999
2182.324,1.6415794
2182.91,1.641359
2183.496,1.6411387
2184.082,1.6409184
2184.668,1.6406983
2185.254,1.6404783
2185.84,1.6402583
2186.426,1.6400384
2187.012,1.6398187
2187.598,1.639599
2188.184,1.6393794
2188.77,1.6391598
2189.356,1.6389403
2189.942,1.638721
2190.528,1.6385018
2191.114,1.6382827
2191.7,1.6380635
2192.286,1.6378446
2192.872,1.6376257
2193.458,1.6374068
2194.044,1.6371881
2194.63,1.6369694
2195.216,1.6367509
2195.802,1.6365324
2196.388,1.636314
2196.974,1.6360958
2197.56,1.6358776
2198.146,1.6356595
2198.732,1.6354414
2199.318,1.6352235
2199.904,1.6350057
2200.49,1.6347879
2201.076,1.6345702
2201.662,1.6343527
2202.248,1.6341351
2202.834,1.6339178
2203.42,1.6337004
2204.006,1.6334832
2204.592,1.6332661
2205.178,1.6330489
2205.764,1.6328321
2206.35,1.6326151
2206.936,1.6323984
2207.522,1.6321815
2208.108,1.6319649
2208.694,1.6317484
2209.28,1.631532
2209.866,1.6313156
2210.452,1.6310992
2211.038,1.6308831
2211.624,1.630667
2212.21,1.630451
2212.796,1.630235
2213.382,1.6300192
2213.968,1.6298033
2214.554,1.6295877
2215.14,1.6293721
2215.726,1.6291566
2216.312,1.6289412
2216.898,1.6287258
2217.484,1.6285106
2218.07,1.6282954
2218.656,1.6280802
2219.242,1.6278653
2219.828,1.6276504
2220.414,1.6274356
2221,1.6272207
2221.586,1.6270062
2222.172,1.6267916
2222.758,1.6265771
2223.344,1.6263627
2223.93,1.6261483
2224.516,1.6259341
2225.102,1.62572
2225.688,1.6255059
2226.274,1.6252919
2226.86,1.6250781
2227.446,1.6248642
2228.032,1.6246505
2228.618,1.6244369
2229.204,1.6242234
2229.79,1.6240098
2230.376,1.6237965
2230.962,1.6235832
2231.548,1.6233699
2232.134,1.6231568
2232.72,1.6229438
2233.306,1.6227309
2233.892,1.6225179
2234.478,1.6223052
2235.064,1.6220925
2235.65,1.6218798
2236.236,1.6216673
2236.822,1.6214548
2237.408,1.6212424
2237.994,1.6210302
2238.58,1.6208179
2239.166,1.6206058
2239.752,1.6203938
2240.338,1.6201818
2240.924,1.61997
2241.51,1.6197581
2242.096,1.6195464
2242.682,1.6193348
2243.268,1.6191233
2243.854,1.6189119
2244.44,1.6187005
2245.026,1.6184891
2245.612,1.6182779
2246.198,1.6180668
2246.784,1.6178558
2247.37,1.6176448
2247.956,1.6174339
2248.542,1.6172231
2249.128,1.6170124
2249.714,1.6168017
2250.3,1.6165912
2250.886,1.6163808
2251.472,1.6161704
2252.058,1.6159601
2252.644,1.6157498
2253.23,1.6155398
2253.816,1.6153297
2254.402,1.6151197
2254.988,1.6149099
2255.574,1.6147001
2256.16,1.6144904
2256.746,1.6142807
2257.332,1.6140711
2257.918,1.6138617
2258.504,1.6136522
2259.09,1.613443
2259.676,1.6132337
2260.262,1.6130246
2260.848,1.6128155
2261.434,1.6126065
2262.02,1.6123977
2262.606,1.6121888
2263.192,1.6119801
2263.778,1.6117715
2264.364,1.6115628
2264.95,1.6113544
2265.536,1.611146
2266.122,1.6109376
2266.708,1.6107293
2267.294,1.6105211
2267.88,1.6103131
2268.466,1.610105
2269.052,1.6098971
2269.638,1.6096892
2270.224,1.6094816
2270.81,1.6092738
2271.396,1.6090662
2271.982,1.6088587
2272.568,1.6086513
2273.154,1.6084439
2273.74,1.6082367
2274.326,1.6080294
2274.912,1.6078223
2275.498,1.6076152
2276.084,1.6074083
2276.67,1.6072013
2277.256,1.6069946
2277.842,1.6067879
2278.428,1.6065812
2279.014,1.6063746
2279.6,1.6061682
2280.186,1.6059618
2280.772,1.6057554
2281.358,1.6055492
2281.944,1.6053431
2282.53,1.605137
2283.116,1.604931
2283.702,1.604725
2284.288,1.6045192
2284.874,1.6043135
2285.46,1.6041077
2286.046,1.6039021
2286.632,1.6036966
2287.218,1.6034912
2287.804,1.6032858
2288.39,1.6030805
2288.976,1.6028754
2289.562,1.6026702
2290.148,1.6024652
2290.734,1.6022601
2291.32,1.6020553
2291.906,1.6018505
2292.492,1.6016457
2293.078,1.601441
2293.664,1.6012366
2294.25,1.601032
2294.836,1.6008276
2295.422,1.6006233
2296.008,1.600419
2296.594,1.6002148
2297.18,1.6000108
2297.766,1.5998067
2298.352,1.5996028
2298.938,1.5993989
2299.524,1.5991951
2300.11,1.5989914
2300.696,1.5987877
2301.282,1.5985842
2301.868,1.5983807
2302.454,1.5981773
2303.04,1.5979739
2303.626,1.5977707
2304.212,1.5975676
2304.798,1.5973645
2305.384,1.5971615
2305.97,1.5969585
2306.556,1.5967557
2307.142,1.596553
2307.728,1.5963502
2308.314,1.5961477
2308.9,1.5959451
2309.486,1.5957426
2310.072,1.5955403
2310.658,1.595338
2311.244,1.5951357
2311.83,1.5949335
2312.416,1.5947315
2313.002,1.5945295
2313.588,1.5943276
2314.174,1.5941257
2314.76,1.5939239
2315.346,1.5937222
2315.932,1.5935206
2316.518,1.5933191
2317.104,1.5931176
2317.69,1.5929163
2318.276,1.5927149
2318.862,1.5925137
2319.448,1.5923126
2320.034,1.5921115
2320.62,1.5919105
2321.206,1.5917096
2321.792,1.5915087
2322.378,1.5913079
2322.964,1.5911072
2323.55,1.5909066
2324.136,1.5907061
2324.722,1.5905056
2325.308,1.5903052
2325.894,1.5901049
2326.48,1.5899047
2327.066,1.5897045
2327.652,1.5895045
2328.238,1.5893044
2328.824,1.5891044
2329.41,1.5889046
2329.996,1.5887048
2330.582,1.5885051
2331.168,1.5883055
2331.754,1.5881059
2332.34,1.5879065
2332.926,1.587707
2333.512,1.5875077
2334.098,1.5873085
2334.684,1.5871093
2335.27,1.5869102
2335.856,1.5867112
2336.442,1.5865122
2337.028,1.5863134
2337.614,1.5861145
2338.2,1.5859158
2338.786,1.5857172
2339.372,1.5855186
2339.958,1.5853201
2340.544,1.5851216
2341.13,1.5849234
2341.716,1.584725
2342.302,1.5845269
2342.888,1.5843288
2343.474,1.5841308
2344.06,1.5839328
2344.646,1.5837349
2345.232,1.583537
2345.818,1.5833392
2346.404,1.5831416
2346.99,1.5829439
2347.576,1.5827464
2348.162,1.582549
2348.748,1.5823517
2349.334,1.5821543
2349.92,1.5819571
2350.506,1.5817599
2351.092,1.5815629
2351.678,1.5813658
2352.264,1.5811689
2352.85,1.5809721
2353.436,1.5807753
2354.022,1.5805786
2354.608,1.580382
2355.194,1.5801853
2355.78,1.5799888
2356.366,1.5797925
2356.952,1.5795962
2357.538,1.5793998
2358.124,1.5792036
2358.71,1.5790075
2359.296,1.5788114
2359.882,1.5786155
2360.468,1.5784196
2361.054,1.5782237
2361.64,1.5780281
2362.226,1.5778323
2362.812,1.5776367
2363.398,1.5774412
2363.984,1.5772458
2364.57,1.5770504
2365.156,1.5768551
2365.742,1.5766598
2366.328,1.5764647
2366.914,1.5762695
2367.5,1.5760746
2368.086,1.5758796
2368.672,1.5756848
2369.258,1.5754899
2369.844,1.5752952
2370.43,1.5751005
2371.016,1.574906
2371.602,1.5747114
2372.188,1.574517
2372.774,1.5743227
2373.36,1.5741284
2373.946,1.5739341
2374.532,1.57374
2375.118,1.5735458
2375.704,1.5733517
2376.29,1.5731577
2376.876,1.5729636
2377.462,1.5727696
2378.048,1.5725757
2378.634,1.572382
2379.22,1.5721883
2379.806,1.5719945
2380.392,1.5718009
2380.978,1.5716075
2381.564,1.571414
2382.15,1.5712206
2382.736,1.5710273
2383.322,1.570834
2383.908,1.5706409
2384.494,1.5704478
2385.08,1.5702548
2385.666,1.5700619
2386.252,1.569869
2386.838,1.5696762
2387.424,1.5694835
2388.01,1.5692908
2388.596,1.5690982
2389.182,1.5689057
2389.768,1.5687132
2390.354,1.5685209
2390.94,1.5683286
2391.526,1.5681363
2392.112,1.5679442
2392.698,1.567752
2393.284,1.5675601
2393.87,1.5673681
2394.456,1.5671762
2395.042,1.5669844
2395.628,1.5667926
2396.214,1.566601
2396.8,1.5664093
2397.386,1.5662179
2397.972,1.5660264
2398.558,1.565835
2399.144,1.5656437
2399.73,1.5654525
2400.316,1.5652614
2400.902,1.5650702
2401.488,1.5648792
2402.074,1.5646882
2402.66,1.5644974
2403.246,1.5643065
2403.832,1.5641158
2404.418,1.563925
2405.004,1.5637344
2405.59,1.5635439
2406.176,1.5633534
2406.762,1.563163
2407.348,1.5629727
2407.934,1.5627825
2408.52,1.5625923
2409.106,1.5624021
2409.692,1.5622121
2410.278,1.5620221
2410.864,1.5618322
2411.45,1.5616423
2412.036,1.5614526
2412.622,1.5612628
2413.208,1.5610732
2413.794,1.5608836
2414.38,1.5606942
2414.966,1.5605048
2415.552,1.5603154
2416.138,1.5601261
2416.724,1.5599369
2417.31,1.5597477
2417.896,1.5595586
2418.482,1.5593697
2419.068,1.5591807
2419.654,1.5589919
2420.24,1.5588031
2420.826,1.5586143
2421.412,1.5584257
2421.998,1.5582371
2422.584,1.5580485
2423.17,1.55786
2423.756,1.5576717
2424.342,1.5574833
2424.928,1.5572951
2425.514,1.5571069
2426.1,1.5569189
2426.686,1.5567307
2427.272,1.5565428
2427.858,1.5563549
2428.444,1.556167
2429.03,1.5559793
2429.616,1.5557915
2430.202,1.5556039
2430.788,1.5554163
2431.374,1.5552288
2431.96,1.5550414
2432.546,1.554854
2433.132,1.5546668
2433.718,1.5544796
2434.304,1.5542924
2434.89,1.5541053
2435.476,1.5539182
2436.062,1.5537313
2436.648,1.5535444
2437.234,1.5533576
2437.82,1.5531708
2438.406,1.5529841
2438.992,1.5527976
2439.578,1.552611
2440.164,1.5524246
2440.75,1.5522381
2441.336,1.5520518
2441.922,1.5518655
2442.508,1.5516793
2443.094,1.5514932
2443.68,1.5513071
2444.266,1.5511211
2444.852,1.5509351
2445.438,1.5507493
2446.024,1.5505635
2446.61,1.5503777
2447.196,1.5501921
2447.782,1.5500064
2448.368,1.5498209
2448.954,1.5496354
2449.54,1.54945
2450.126,1.5492647
2450.712,1.5490794
2451.298,1.5488942
2451.884,1.548709
2452.47,1.548524
2453.056,1.548339
2453.642,1.5481541
2454.228,1.5479692
2454.814,1.5477844
2455.4,1.5475997
2455.986,1.547415
2456.572,1.5472304
2457.158,1.5470459
2457.744,1.5468614
2458.33,1.546677
2458.916,1.5464927
2459.502,1.5463084
2460.088,1.5461242
2460.674,1.54594
2461.26,1.545756
2461.846,1.545572
2462.432,1.5453881
2463.018,1.5452042
2463.604,1.5450203
2464.19,1.5448366
2464.776,1.5446529
2465.362,1.5444694
2465.948,1.5442859
2466.534,1.5441024
2467.12,1.543919
2467.706,1.5437356
2468.292,1.5435523
2468.878,1.5433691
2469.464,1.5431859
2470.05,1.5430028
2470.636,1.5428199
2471.222,1.542637
2471.808,1.542454
2472.394,1.5422713
2472.98,1.5420885
2473.566,1.5419058
2474.152,1.5417231
2474.738,1.5415406
2475.324,1.5413581
2475.91,1.5411757
2476.496,1.5409933
2477.082,1.5408111
2477.668,1.5406288
2478.254,1.5404466
2478.84,1.5402645
2479.426,1.5400825
2480.012,1.5399005
2480.598,1.5397186
2481.184,1.5395367
2481.77,1.539355
2482.356,1.5391732
2482.942,1.5389917
2483.528,1.5388101
2484.114,1.5386286
2484.7,1.5384471
2485.286,1.5382657
2485.872,1.5380844
2486.458,1.5379032
2487.044,1.537722
2487.63,1.5375408
2488.216,1.5373597
2488.802,1.5371788
2489.388,1.5369978
2489.974,1.536817
2490.56,1.5366361
2491.146,1.5364554
2491.732,1.5362747
2492.318,1.5360942
2492.904,1.5359136
2493.49,1.5357331
2494.076,1.5355526
2494.662,1.5353724
2495.248,1.535192
2495.834,1.5350118
2496.42,1.5348316
2497.006,1.5346515
2497.592,1.5344715
2498.178,1.5342915
2498.764,1.5341116
2499.35,1.5339317
2499.936,1.533752
2500.522,1.5335723
2501.108,1.5333927
2501.694,1.533213
2502.28,1.5330335
2502.866,1.5328541
2503.452,1.5326747
2504.038,1.5324953
2504.624,1.532316
2505.21,1.5321368
2505.796,1.5319577
2506.382,1.5317786
2506.968,1.5315995
2507.554,1.5314207
2508.14,1.5312418
2508.726,1.5310628
2509.312,1.5308841
2509.898,1.5307055
2510.484,1.5305268
2511.07,1.5303483
2511.656,1.5301697
2512.242,1.5299913
2512.828,1.5298129
2513.414,1.5296346
2514,1.5294563
2514.586,1.5292782
2515.172,1.5290999
2515.758,1.528922
2516.344,1.5287439
2516.93,1.528566
2517.516,1.528388
2518.102,1.5282103
2518.688,1.5280324
2519.274,1.5278548
2519.86,1.5276772
2520.446,1.5274996
2521.032,1.5273221
2521.618,1.5271447
2522.204,1.5269673
2522.79,1.5267899
2523.376,1.5266126
2523.962,1.5264355
2524.548,1.5262583
2525.134,1.5260813
2525.72,1.5259042
2526.306,1.5257273
2526.892,1.5255505
2527.478,1.5253736
2528.064,1.5251969
2528.65,1.5250201
2529.236,1.5248435
2529.822,1.5246669
2530.408,1.5244905
2530.994,1.524314
2531.58,1.5241375
2532.166,1.5239613
2532.752,1.523785
2533.338,1.5236088
2533.924,1.5234326
2534.51,1.5232565
2535.096,1.5230806
2535.682,1.5229046
2536.268,1.5227287
2536.854,1.5225528
2537.44,1.5223771
2538.026,1.5222014
2538.612,1.5220257
2539.198,1.5218501
2539.784,1.5216746
2540.37,1.5214992
2540.956,1.5213237
2541.542,1.5211484
2542.128,1.5209731
2542.714,1.5207978
2543.3,1.5206227
2543.886,1.5204476
2544.472,1.5202726
2545.058,1.5200976
2545.644,1.5199227
2546.23,1.5197479
2546.816,1.5195731
2547.402,1.5193983
2547.988,1.5192237
2548.574,1.519049
2549.16,1.5188745
2549.746,1.5187
2550.332,1.5185256
2550.918,1.5183512
2551.504,1.5181769
2552.09,1.5180027
2552.676,1.5178285
2553.262,1.5176544
2553.848,1.5174803
2554.434,1.5173063
2555.02,1.5171323
2555.606,1.5169585
2556.192,1.5167847
2556.778,1.5166109
2557.364,1.5164372
2557.95,1.5162636
2558.536,1.5160899
2559.122,1.5159165
2559.708,1.515743
2560.294,1.5155696
2560.88,1.5153962
2561.466,1.5152229
2562.052,1.5150497
2562.638,1.5148765
2563.224,1.5147035
2563.81,1.5145304
2564.396,1.5143574
2564.982,1.5141846
2565.568,1.5140117
2566.154,1.5138389
2566.74,1.5136662
2567.326,1.5134934
2567.912,1.5133208
2568.498,1.5131483
2569.084,1.5129757
2569.67,1.5128033
2570.256,1.5126309
2570.842,1.5124586
2571.428,1.5122864
2572.014,1.5121142
2572.6,1.511942
2573.186,1.5117699
2573.772,1.5115979
2574.358,1.511426
2574.944,1.511254
2575.53,1.5110822
2576.116,1.5109104
2576.702,1.5107386
2577.288,1.5105669
2577.874,1.5103953
2578.46,1.5102236
2579.046,1.5100518
2579.632,1.5098802
2580.218,1.5097086
2580.804,1.5095371
2581.39,1.5093657
2581.976,1.5091944
2582.562,1.5090231
2583.148,1.5088518
2583.734,1.5086806
2584.32,1.5085094
2584.906,1.5083383
2585.492,1.5081673
2586.078,1.5079962
2586.664,1.5078254
2587.25,1.5076545
2587.836,1.5074837
2588.422,1.507313
2589.008,1.5071423
2589.594,1.5069717
2590.18,1.5068011
2590.766,1.5066307
2591.352,1.5064601
2591.938,1.5062897
2592.524,1.5061194
2593.11,1.5059491
2593.696,1.5057789
2594.282,1.5056088
2594.868,1.5054387
2595.454,1.5052686
2596.04,1.5050986
2596.626,1.5049287
2597.212,1.5047588
2597.798,1.504589
2598.384,1.5044193
2598.97,1.5042496
2599.556,1.5040799
2600.142,1.5039104
2600.728,1.5037409
2601.314,1.5035714
2601.9,1.503402
2602.486,1.5032326
2603.072,1.5030633
2603.658,1.5028942
2604.244,1.502725
2604.83,1.5025558
2605.416,1.5023868
2606.002,1.5022178
2606.588,1.5020489
2607.174,1.5018799
2607.76,1.5017111
2608.346,1.5015423
2608.932,1.5013736
2609.518,1.501205
2610.104,1.5010364
2610.69,1.5008678
2611.276,1.5006993
2611.862,1.500531
2612.448,1.5003626
2613.034,1.5001943
2613.62,1.500026
2614.206,1.4998578
2614.792,1.4996896
2615.378,1.4995216
2615.964,1.4993535
2616.55,1.4991856
2617.136,1.4990176
2617.722,1.4988497
2618.308,1.498682
2618.894,1.4985142
2619.48,1.4983466
2620.066,1.498179
2620.652,1.4980114
2621.238,1.4978439
2621.824,1.4976764
2622.41,1.497509
2622.996,1.4973416
2623.582,1.4971744
2624.168,1.4970071
2624.754,1.4968399
2625.34,1.4966729
2625.926,1.4965057
2626.512,1.4963388
2627.098,1.4961718
2627.684,1.4960049
2628.27,1.495838
2628.856,1.4956713
2629.442,1.4955046
2630.028,1.495338
2630.614,1.4951713
2631.2,1.4950048
2631.786,1.4948382
2632.372,1.4946718
2632.958,1.4945054
2633.544,1.4943391
2634.13,1.4941728
2634.716,1.4940066
2635.302,1.4938405
2635.888,1.4936743
2636.474,1.4935083
2637.06,1.4933423
2637.646,1.4931763
2638.232,1.4930104
2638.818,1.4928447
2639.404,1.4926789
2639.99,1.4925132
2640.576,1.4923475
2641.162,1.4921819
2641.748,1.4920163
2642.334,1.4918509
2642.92,1.4916854
2643.506,1.49152
2644.092,1.4913547
2644.678,1.4911895
2645.264,1.4910243
2645.85,1.490859
2646.436,1.4906939
2647.022,1.4905289
2647.608,1.490364
2648.194,1.490199
2648.78,1.4900341
2649.366,1.4898692
2649.952,1.4897045
2650.538,1.4895397
2651.124,1.4893751
2651.71,1.4892105
2652.296,1.489046
2652.882,1.4888815
2653.468,1.4887171
2654.054,1.4885527
2654.64,1.4883883
2655.226,1.488224
2655.812,1.4880598
2656.398,1.4878956
2656.984,1.4877316
2657.57,1.4875674
2658.156,1.4874035
2658.742,1.4872395
2659.328,1.4870757
2659.914,1.4869118
2660.5,1.486748
2661.086,1.4865843
2661.672,1.4864206
2662.258,1.4862571
2662.844,1.4860935
2663.43,1.48593
2664.016,1.4857664
2664.602,1.4856031
2665.188,1.4854398
2665.774,1.4852765
2666.36,1.4851133
2666.946,1.4849501
2667.532,1.4847869
2668.118,1.4846238
2668.704,1.4844608
2669.29,1.4842979
2669.876,1.4841349
2670.462,1.4839721
2671.048,1.4838092
2671.634,1.4836465
2672.22,1.4834838
2672.806,1.4833212
2673.392,1.4831586
2673.978,1.4829961
2674.564,1.4828336
2675.15,1.4826711
2675.736,1.4825088
2676.322,1.4823465
2676.908,1.4821843
2677.494,1.482022
2678.08,1.4818599
2678.666,1.4816978
2679.252,1.4815358
2679.838,1.4813738
2680.424,1.4812118
2681.01,1.4810499
2681.596,1.4808881
2682.182,1.4807264
2682.768,1.4805646
2683.354,1.4804029
2683.94,1.4802413
2684.526,1.4800798
2685.112,1.4799182
2685.698,1.4797568
2686.284,1.4795954
2686.87,1.479434
2687.456,1.4792727
2688.042,1.4791116
2688.628,1.4789503
2689.214,1.4787892
2689.8,1.478628
2690.386,1.4784671
2690.972,1.4783061
2691.558,1.4781451
2692.144,1.4779843
2692.73,1.4778235
2693.316,1.4776628
2693.902,1.477502
2694.488,1.4773413
2695.074,1.4771808
2695.66,1.4770201
2696.246,1.4768597
2696.832,1.4766992
2697.418,1.4765389
2698.004,1.4763786
2698.59,1.4762182
2699.176,1.476058
2699.762,1.4758979
2700.348,1.4757377
2700.934,1.4755776
2701.52,1.4754176
2702.106,1.4752576
2702.692,1.4750978
2703.278,1.4749379
2703.864,1.4747781
2704.45,1.4746183
2705.036,1.4744586
2705.622,1.474299
2706.208,1.4741393
2706.794,1.4739798
2707.38,1.4738203
2707.966,1.4736608
2708.552,1.4735014
2709.138,1.4733422
2709.724,1.4731828
2710.31,1.4730237
2710.896,1.4728644
2711.482,1.4727052
2712.068,1.4725462
2712.654,1.4723872
2713.24,1.4722282
2713.826,1.4720693
2714.412,1.4719105
2714.998,1.4717516
2715.584,1.4715929
2716.17,1.4714341
2716.756,1.4712754
2717.342,1.4711169
2717.928,1.4709584
2718.514,1.4707998
2719.1,1.4706414
2719.686,1.4704829
2720.272,1.4703246
2720.858,1.4701663
2721.444,1.470008
2722.03,1.4698498
2722.616,1.4696918
2723.202,1.4695337
2723.788,1.4693756
2724.374,1.4692177
2724.96,1.4690597
2725.546,1.4689019
2726.132,1.468744
2726.718,1.4685862
2727.304,1.4684284
2727.89,1.4682708
2728.476,1.4681132
2729.062,1.4679556
2729.648,1.4677981
2730.234,1.4676406
2730.82,1.4674832
2731.406,1.4673258
2731.992,1.4671685
2732.578,1.4670112
2733.164,1.466854
2733.75,1.4666969
2734.336,1.4665397
2734.922,1.4663826
2735.508,1.4662256
2736.094,1.4660687
2736.68,1.4659117
2737.266,1.4657549
2737.852,1.4655981
2738.438,1.4654413
2739.024,1.4652847
2739.61,1.4651281
2740.196,1.4649714
2740.782,1.4648149
2741.368,1.4646584
2741.954,1.464502
2742.54,1.4643456
2743.126,1.4641892
2743.712,1.4640329
2744.298,1.4638766
2744.884,1.4637204
2745.47,1.4635643
2746.056,1.4634082
2746.642,1.4632522
2747.228,1.4630961
2747.814,1.4629402
2748.4,1.4627843
2748.986,1.4626285
2749.572,1.4624727
2750.158,1.462317
2750.744,1.4621613
2751.33,1.4620056
2751.916,1.46185
2752.502,1.4616945
2753.088,1.461539
2753.674,1.4613836
2754.26,1.4612283
2754.846,1.4610729
2755.432,1.4609176
2756.018,1.4607624
2756.604,1.4606072
2757.19,1.4604521
2757.776,1.4602969
2758.362,1.4601419
2758.948,1.4599869
2759.534,1.459832
2760.12,1.4596771
2760.706,1.4595222
2761.292,1.4593675
2761.878,1.4592128
2762.464,1.459058
2763.05,1.4589034
2763.636,1.4587488
2764.222,1.4585943
2764.808,1.4584398
2765.394,1.4582853
2765.98,1.4581311
2766.566,1.4579763
2767.152,1.4578218
2767.738,1.4576674
2768.324,1.4575129
2768.91,1.4573585
2769.496,1.4572041
2770.082,1.4570498
2770.668,1.4568956
2771.254,1.4567413
2771.84,1.4565872
2772.426,1.4564331
2773.012,1.456279
2773.598,1.456125
2774.184,1.4559711
2774.77,1.4558172
2775.356,1.4556633
2775.942,1.4555095
2776.528,1.4553558
2777.114,1.4552021
2777.7,1.4550484
2778.286,1.4548949
2778.872,1.4547412
2779.458,1.4545878
2780.044,1.4544344
2780.63,1.454281
2781.216,1.4541277
2781.802,1.4539744
2782.388,1.4538211
2782.974,1.4536679
2783.56,1.4535148
2784.146,1.4533616
2784.732,1.4532086
2785.318,1.4530556
2785.904,1.4529027
2786.49,1.4527497
2787.076,1.452597
2787.662,1.4524441
2788.248,1.4522914
2788.834,1.4521387
2789.42,1.4519861
2790.006,1.4518335
2790.592,1.4516809
2791.178,1.4515284
2791.764,1.451376
2792.35,1.4512236
2792.936,1.4510713
2793.522,1.4509189
2794.108,1.4507667
2794.694,1.4506145
2795.28,1.4504623
2795.866,1.4503102
2796.452,1.4501582
2797.038,1.4500062
2797.624,1.4498543
2798.21,1.4497024
2798.796,1.4495505
2799.382,1.4493988
2799.968,1.449247
2800.554,1.4490952
2801.14,1.4489436
2801.726,1.448792
2802.312,1.4486405
2802.898,1.448489
2803.484,1.4483374
2804.07,1.448186
2804.656,1.4480348
2805.242,1.4478835
2805.828,1.4477322
2806.414,1.4475809
2807,1.4474298
2807.586,1.4472787
2808.172,1.4471276
2808.758,1.4469765
2809.344,1.4468256
2809.93,1.4466747
2810.516,1.4465239
2811.102,1.446373
2811.688,1.4462223
2812.274,1.4460715
2812.86,1.4459209
2813.446,1.4457703
2814.032,1.4456197
2814.618,1.4454691
2815.204,1.4453187
2815.79,1.4451683
2816.376,1.4450179
2816.962,1.4448675
2817.548,1.4447173
2818.134,1.444567
2818.72,1.4444168
2819.306,1.4442667
2819.892,1.4441166
2820.478,1.4439665
2821.064,1.4438165
2821.65,1.4436666
2822.236,1.4435167
2822.822,1.4433669
2823.408,1.443217
2823.994,1.4430673
2824.58,1.4429176
2825.166,1.442768
2825.752,1.4426184
2826.338,1.4424688
2826.924,1.4423193
2827.51,1.4421698
2828.096,1.4420204
2828.682,1.441871
2829.268,1.4417217
2829.854,1.4415724
2830.44,1.4414232
2831.026,1.441274
2831.612,1.4411249
2832.198,1.4409759
2832.784,1.4408268
2833.37,1.4406779
2833.956,1.4405289
2834.542,1.44038
2835.128,1.4402312
2835.714,1.4400823
2836.3,1.4399337
2836.886,1.4397849
2837.472,1.4396362
2838.058,1.4394877
2838.644,1.439339
2839.23,1.4391906
2839.816,1.4390421
2840.402,1.4388938
2840.988,1.4387454
2841.574,1.4385971
2842.16,1.4384488
2842.746,1.4383006
2843.332,1.4381524
2843.918,1.4380043
2844.504,1.4378562
2845.09,1.4377081
2845.676,1.4375602
2846.262,1.4374121
2846.848,1.4372643
2847.434,1.4371165
2848.02,1.4369687
2848.606,1.4368209
2849.192,1.4366733
2849.778,1.4365256
2850.364,1.436378
2850.95,1.4362304
2851.536,1.4360828
2852.122,1.4359354
2852.708,1.4357879
2853.294,1.4356406
2853.88,1.4354932
2854.466,1.435346
2855.052,1.4351988
2855.638,1.4350516
2856.224,1.4349045
2856.81,1.4347574
2857.396,1.4346102
2857.982,1.4344634
2858.568,1.4343163
2859.154,1.4341694
2859.74,1.4340225
2860.326,1.4338758
2860.912,1.4337289
2861.498,1.4335822
2862.084,1.4334356
2862.67,1.4332889
2863.256,1.4331424
2863.842,1.4329958
2864.428,1.4328494
2865.014,1.4327029
2865.6,1.4325565
2866.186,1.4324101
2866.772,1.4322639
2867.358,1.4321176
2867.944,1.4319714
2868.53,1.4318253
2869.116,1.4316791
2869.702,1.4315331
2870.288,1.4313871
2870.874,1.431241
2871.46,1.4310951
2872.046,1.4309492
2872.632,1.4308034
2873.218,1.4306576
2873.804,1.4305118
2874.39,1.4303662
2874.976,1.4302205
2875.562,1.4300748
2876.148,1.4299293
2876.734,1.4297838
2877.32,1.4296383
2877.906,1.4294928
2878.492,1.4293475
2879.078,1.4292022
2879.664,1.4290569
2880.25,1.4289117
2880.836,1.4287664
2881.422,1.4286213
2882.008,1.4284762
2882.594,1.4283311
2883.18,1.4281861
2883.766,1.4280411
2884.352,1.4278963
2884.938,1.4277513
2885.524,1.4276062
2886.11,1.4274611
2886.696,1.4273161
2887.282,1.4271711
2887.868,1.4270262
2888.454,1.4268812
2889.04,1.4267364
2889.626,1.4265915
2890.212,1.4264468
2890.798,1.4263021
2891.384,1.4261574
2891.97,1.4260128
2892.556,1.4258682
2893.142,1.4257237
2893.728,1.4255791
2894.314,1.4254347
2894.9,1.4252902
2895.486,1.4251459
2896.072,1.4250015
2896.658,1.4248573
2897.244,1.424713
2897.83,1.4245689
2898.416,1.4244248
2899.002,1.4242806
2899.588,1.4241365
2900.174,1.4239926
2900.76,1.4238486
2901.346,1.4237047
2901.932,1.4235609
2902.518,1.4234171
2903.104,1.4232732
2903.69,1.4231294
2904.276,1.4229858
2904.862,1.4228421
2905.448,1.4226985
2906.034,1.422555
2906.62,1.4224114
2907.206,1.422268
2907.792,1.4221246
2908.378,1.4219812
2908.964,1.4218379
2909.55,1.4216946
2910.136,1.4215513
2910.722,1.4214082
2911.308,1.421265
2911.894,1.421122
2912.48,1.4209788
2913.066,1.4208359
2913.652,1.4206928
2914.238,1.42055
2914.824,1.4204071
2915.41,1.4202641
2915.996,1.4201214
2916.582,1.4199786
2917.168,1.4198359
2917.754,1.4196932
2918.34,1.4195507
2918.926,1.4194081
2919.512,1.4192655
2920.098,1.4191231
2920.684,1.4189806
2921.27,1.4188381
2921.856,1.4186958
2922.442,1.4185535
2923.028,1.4184113
2923.614,1.418269
2924.2,1.4181268
2924.786,1.4179847
2925.372,1.4178426
2925.958,1.4177006
2926.544,1.4175586
2927.13,1.4174166
2927.716,1.4172747
2928.302,1.4171329
2928.888,1.416991
2929.474,1.4168493
2930.06,1.4167075
2930.646,1.4165658
2931.232,1.4164242
2931.818,1.4162825
2932.404,1.4161409
2932.99,1.4159994
2933.576,1.415858
2934.162,1.4157165
2934.748,1.4155751
2935.334,1.4154338
2935.92,1.4152925
2936.506,1.4151512
2937.092,1.41501
2937.678,1.4148688
2938.264,1.4147277
2938.85,1.4145867
2939.436,1.4144455
2940.022,1.4143046
2940.608,1.4141636
2941.194,1.4140227
2941.78,1.4138818
2942.366,1.413741
2942.952,1.4136002
2943.538,1.4134595
2944.124,1.4133188
2944.71,1.4131781
2945.296,1.4130375
2945.882,1.412897
2946.468,1.4127564
2947.054,1.4126159
2947.64,1.4124755
2948.226,1.412335
2948.812,1.4121947
2949.398,1.4120544
2949.984,1.4119141
2950.57,1.4117739
2951.156,1.4116337
2951.742,1.4114937
2952.328,1.4113536
2952.914,1.4112135
2953.5,1.4110734
2954.086,1.4109335
2954.672,1.4107935
2955.258,1.4106537
2955.844,1.4105139
2956.43,1.410374
2957.016,1.4102343
2957.602,1.4100946
2958.188,1.4099549
2958.774,1.4098153
2959.36,1.4096757
2959.946,1.4095361
2960.532,1.4093968
2961.118,1.4092573
2961.704,1.4091178
2962.29,1.4089785
2962.876,1.4088391
2963.462,1.4086999
2964.048,1.4085606
2964.634,1.4084214
2965.22,1.4082823
2965.806,1.4081432
2966.392,1.408004
2966.978,1.407865
2967.564,1.407726
2968.15,1.4075872
2968.736,1.4074483
2969.322,1.4073094
2969.908,1.4071705
2970.494,1.4070318
2971.08,1.406893
2971.666,1.4067544
2972.252,1.4066157
2972.838,1.4064771
2973.424,1.4063385
2974.01,1.4062001
2974.596,1.4060615
2975.182,1.405923
2975.768,1.4057847
2976.354,1.4056463
2976.94,1.405508
2977.526,1.4053698
2978.112,1.4052315
2978.698,1.4050933
2979.284,1.4049551
2979.87,1.4048171
2980.456,1.4046791
2981.042,1.404541
2981.628,1.404403
2982.214,1.404265
2982.8,1.4041272
2983.386,1.4039893
2983.972,1.4038515
2984.558,1.4037137
2985.144,1.403576
2985.73,1.4034383
2986.316,1.4033008
2986.902,1.4031631
2987.488,1.4030255
2988.074,1.4028879
2988.66,1.4027505
2989.246,1.4026132
2989.832,1.4024757
2990.418,1.4023383
2991.004,1.4022011
2991.59,1.4020637
2992.176,1.4019265
2992.762,1.4017893
2993.348,1.4016522
2993.934,1.4015151
2994.52,1.401378
2995.106,1.4012409
2995.692,1.401104
2996.278,1.4009671
2996.864,1.4008301
2997.45,1.4006933
2998.036,1.4005566
2998.622,1.4004197
2999.208,1.400283
2999.794,1.4001462
3000.38,1.4000096
3000.966,1.399873
3001.552,1.3997364
3002.138,1.3995999
3002.724,1.3994635
3003.31,1.399327
3003.896,1.3991905
3004.482,1.3990542
3005.068,1.3989179
3005.654,1.3987817
3006.24,1.3986454
3006.826,1.3985091
3007.412,1.398373
3007.998,1.3982369
3008.584,1.3981009
3009.17,1.3979648
3009.756,1.3978288
3010.342,1.3976928
3010.928,1.3975569
3011.514,1.397421
3012.1,1.3972852
3012.686,1.3971493
3013.272,1.3970137
3013.858,1.3968779
3014.444,1.3967422
3015.03,1.3966066
3015.616,1.396471
3016.202,1.3963355
3016.788,1.3961999
3017.374,1.3960645
3017.96,1.3959291
3018.546,1.3957937
3019.132,1.3956584
3019.718,1.395523
3020.304,1.3953878
3020.89,1.3952525
3021.476,1.3951174
3022.062,1.3949822
3022.648,1.394847
3023.234,1.3947121
3023.82,1.394577
3024.406,1.394442
3024.992,1.394307
3025.578,1.3941721
3026.164,1.394037
3026.75,1.3939018
3027.336,1.3937668
3027.922,1.3936318
3028.508,1.3934969
3029.094,1.3933619
3029.68,1.3932271
3030.266,1.3930922
3030.852,1.3929574
3031.438,1.3928226
3032.024,1.3926879
3032.61,1.3925532
3033.196,1.3924185
3033.782,1.392284
3034.368,1.3921494
3034.954,1.3920149
3035.54,1.3918804
3036.126,1.3917459
3036.712,1.3916116
3037.298,1.3914772
3037.884,1.3913429
3038.47,1.3912085
3039.056,1.3910743
3039.642,1.3909402
3040.228,1.390806
3040.814,1.3906718
3041.4,1.3905377
3041.986,1.3904036
3042.572,1.3902698
3043.158,1.3901358
3043.744,1.3900018
3044.33,1.3898679
3044.916,1.389734
3045.502,1.3896003
3046.088,1.3894665
3046.674,1.3893328
3047.26,1.3891991
3047.846,1.3890654
3048.432,1.3889319
3049.018,1.3887982
3049.604,1.3886647
3050.19,1.3885312
3050.776,1.3883978
3051.362,1.3882644
3051.948,1.388131
3052.534,1.3879976
3053.12,1.3878644
3053.706,1.3877311
3054.292,1.3875979
3054.878,1.3874648
3055.464,1.3873316
3056.05,1.3871984
3056.636,1.3870654
3057.222,1.3869324
3057.808,1.3867995
3058.394,1.3866665
3058.98,1.3865335
3059.566,1.3864007
3060.152,1.3862679
3060.738,1.3861351
3061.324,1.3860024
3061.91,1.3858696
3062.496,1.3857369
3063.082,1.3856044
3063.668,1.3854718
3064.254,1.3853393
3064.84,1.3852067
3065.426,1.3850743
3066.012,1.3849418
3066.598,1.3848094
3067.184,1.3846771
3067.77,1.3845447
3068.356,1.3844124
3068.942,1.3842802
3069.528,1.384148
3070.114,1.3840158
3070.7,1.3838837
3071.286,1.3837516
3071.872,1.3836195
3072.458,1.3834876
3073.044,1.3833556
3073.63,1.3832237
3074.216,1.3830918
3074.802,1.38296
3075.388,1.3828281
3075.974,1.3826964
3076.56,1.3825647
3077.146,1.3824329
3077.732,1.3823012
3078.318,1.3821696
3078.904,1.382038
3079.49,1.3819065
3080.076,1.381775
3080.662,1.3816435
3081.248,1.381512
3081.834,1.3813807
3082.42,1.3812493
3083.006,1.3811181
3083.592,1.3809867
3084.178,1.3808556
3084.764,1.3807243
3085.35,1.3805932
3085.936,1.3804621
3086.522,1.3803309
3087.108,1.3801999
3087.694,1.3800689
3088.28,1.3799379
3088.866,1.379807
3089.452,1.3796761
3090.038,1.3795452
3090.624,1.3794144
3091.21,1.3792837
3091.796,1.3791529
3092.382,1.3790222
3092.968,1.3788916
3093.554,1.3787609
3094.14,1.3786303
3094.726,1.3784997
3095.312,1.3783692
3095.898,1.3782388
3096.484,1.3781083
3097.07,1.377978
3097.656,1.3778476
3098.242,1.3777173
3098.828,1.377587
3099.414,1.3774567
3100,1.3773265
