150,6.3195324
150.59,6.3071356
151.18,6.2948103
151.77,6.2825575
152.36,6.2703753
152.95,6.2582641
153.54,6.246223
154.13,6.234251
154.72,6.2223477
155.31,6.2105122
155.9,6.1987438
156.49,6.1870427
157.08,6.1754074
157.67,6.1638374
158.26,6.1523323
158.85,6.1408916
159.44,6.1295142
160.03,6.1182003
160.62,6.1069484
161.21,6.095758
161.8,6.0846295
162.39,6.0735617
162.98,6.0625539
163.57,6.0516052
164.16,6.0407162
164.75,6.0298853
165.34,6.0191126
165.93,6.0083976
166.52,5.9977393
167.11,5.9871378
167.7,5.9765925
168.29,5.9661021
168.88,5.955667
169.47,5.9452868
170.06,5.9349608
170.65,5.9246879
171.24,5.9144683
171.83,5.9043016
172.42,5.8941875
173.01,5.8841243
173.6,5.8741136
174.19,5.8641529
174.78,5.8542433
175.37,5.8443832
175.96,5.8345728
176.55,5.8248119
177.14,5.8150997
177.73,5.8054357
178.32,5.7958198
178.91,5.7862515
179.5,5.7767305
180.09,5.7672563
180.68,5.7578282
181.27,5.7484469
181.86,5.7391109
182.45,5.7298207
183.04,5.7205749
183.63,5.7113743
184.22,5.7022176
184.81,5.6931047
185.4,5.6840353
185.99,5.6750093
186.58,5.6660266
187.17,5.6570859
187.76,5.6481876
188.35,5.6393313
188.94,5.6305165
189.53,5.6217432
190.12,5.6130104
190.71,5.6043186
191.3,5.5956664
191.89,5.5870543
192.48,5.5784812
193.07,5.5699477
193.66,5.5614533
194.25,5.5529981
194.84,5.5445809
195.43,5.536202
196.02,5.5278611
196.61,5.519558
197.2,5.511292
197.79,5.5030627
198.38,5.4948707
198.97,5.4867153
199.56,5.4785957
200.15,5.4705124
200.74,5.4624643
201.33,5.454452
201.92,5.446475
202.51,5.4385328
203.1,5.430625
203.69,5.4227519
204.28,5.4149132
204.87,5.4071078
205.46,5.3993359
206.05,5.3915973
206.64,5.3838921
207.23,5.3762197
207.82,5.3685803
208.41,5.3609729
209,5.3533983
209.59,5.3458552
210.18,5.3383446
210.77,5.3308649
211.36,5.3234167
211.95,5.316
212.54,5.3086138
213.13,5.3012586
213.72,5.2939339
214.31,5.2866392
214.9,5.2793751
215.49,5.2721405
216.08,5.2649355
216.67,5.25776
217.26,5.2506137
217.85,5.2434964
218.44,5.2364082
219.03,5.2293487
219.62,5.2223177
220.21,5.2153149
220.8,5.2083402
221.39,5.2013931
221.98,5.1944742
222.57,5.1875825
223.16,5.1807184
223.75,5.1738815
224.34,5.1670718
224.93,5.1602883
225.52,5.153532
226.11,5.1468019
226.7,5.1400981
227.29,5.1334205
227.88,5.1267691
228.47,5.1201434
229.06,5.113543
229.65,5.1069684
230.24,5.100419
230.83,5.0938945
231.42,5.0873952
232.01,5.0809207
232.6,5.07447
233.19,5.0680447
233.78,5.0616431
234.37,5.0552664
234.96,5.048913
235.55,5.0425839
236.14,5.0362787
236.73,5.0299969
237.32,5.0237384
237.91,5.0175033
238.5,5.0112915
239.09,5.0051026
239.68,4.9989367
240.27,4.9927936
240.86,4.9866729
241.45,4.9805751
242.04,4.9744992
242.63,4.9684458
243.22,4.9624138
243.81,4.9564047
244.4,4.9504166
244.99,4.9444509
245.58,4.9385061
246.17,4.9325829
246.76,4.926681
247.35,4.9208007
247.94,4.9149408
248.53,4.909102
249.12,4.9032841
249.71,4.8974867
250.3,4.8917093
250.89,4.8859525
251.48,4.8802156
252.07,4.8744993
252.66,4.8688025
253.25,4.8631263
253.84,4.8574696
254.43,4.8518324
255.02,4.8462152
255.61,4.8406177
256.2,4.8350391
256.79,4.8294797
257.38,4.8239398
257.97,4.818419
258.56,4.8129168
259.15,4.8074336
259.74,4.8019691
260.33,4.7965231
260.92,4.7910957
261.51,4.785687
262.1,4.7802963
262.69,4.7749238
263.28,4.7695694
263.87,4.7642331
264.46,4.7589145
265.05,4.7536135
265.64,4.7483306
266.23,4.7430654
266.82,4.7378168
267.41,4.7325854
268,4.7273717
268.59,4.7221751
269.18,4.7169957
269.77,4.7118335
270.36,4.7066879
270.95,4.7015591
271.54,4.6964474
272.13,4.6913519
272.72,4.6862731
273.31,4.681211
273.9,4.6761651
274.49,4.6711354
275.08,4.666122
275.67,4.6611247
276.26,4.6561437
276.85,4.6511784
277.44,4.6462288
278.03,4.6412954
278.62,4.6363773
279.21,4.631475
279.8,4.6265879
280.39,4.6217165
280.98,4.6168604
281.57,4.6120195
282.16,4.6071939
282.75,4.6023836
283.34,4.5975881
283.93,4.5928078
284.52,4.5880423
285.11,4.5832911
285.7,4.5785551
286.29,4.5738339
286.88,4.5691266
287.47,4.5644345
288.06,4.5597568
288.65,4.5550933
289.24,4.5504436
289.83,4.5458088
290.42,4.5411878
291.01,4.536581
291.6,4.5319881
292.19,4.5274091
292.78,4.5228438
293.37,4.5182924
293.96,4.5137548
294.55,4.5092311
295.14,4.5047207
295.73,4.5002236
296.32,4.4957404
296.91,4.4912705
297.5,4.4868135
298.09,4.4823699
298.68,4.4779396
299.27,4.4735227
299.86,4.4691181
300.45,4.4647269
301.04,4.4603491
301.63,4.4559836
302.22,4.4516311
302.81,4.4472909
303.4,4.4429641
303.99,4.4386492
304.58,4.4343472
305.17,4.4300575
305.76,4.4257808
306.35,4.4215159
306.94,4.4172635
307.53,4.413023
308.12,4.4087954
308.71,4.4045792
309.3,4.4003754
309.89,4.3961835
310.48,4.392004
311.07,4.387836
311.66,4.3836799
312.25,4.3795357
312.84,4.3754029
313.43,4.3712826
314.02,4.3671732
314.61,4.3630757
315.2,4.3589892
315.79,4.3549147
316.38,4.3508515
316.97,4.3467994
317.56,4.3427582
318.15,4.3387284
318.74,4.3347101
319.33,4.3307028
319.92,4.3267064
320.51,4.3227215
321.1,4.3187475
321.69,4.314784
322.28,4.3108315
322.87,4.3068905
323.46,4.3029594
324.05,4.2990398
324.64,4.2951303
325.23,4.2912316
325.82,4.287344
326.41,4.2834663
327,4.2795997
327.59,4.275743
328.18,4.2718968
328.77,4.2680616
329.36,4.264236
329.95,4.2604213
330.54,4.2566161
331.13,4.2528214
331.72,4.2490373
332.31,4.2452626
332.9,4.2414985
333.49,4.2377443
334.08,4.2339997
334.67,4.2302656
335.26,4.226541
335.85,4.2228265
336.44,4.2191215
337.03,4.2154264
337.62,4.211741
338.21,4.208065
338.8,4.2043991
339.39,4.2007427
339.98,4.1970954
340.57,4.1934571
341.16,4.1898284
341.75,4.1862092
342.34,4.1825995
342.93,4.1789989
343.52,4.1754079
344.11,4.1718259
344.7,4.1682529
345.29,4.1646895
345.88,4.1611352
346.47,4.1575899
347.06,4.1540537
347.65,4.1505265
348.24,4.1470084
348.83,4.1434989
349.42,4.1399984
350.01,4.136507
350.6,4.1330247
351.19,4.1295509
351.78,4.1260858
352.37,4.1226292
352.96,4.1191816
353.55,4.1157427
354.14,4.1123123
354.73,4.1088905
355.32,4.1054773
355.91,4.1020722
356.5,4.0986757
357.09,4.0952883
357.68,4.0919085
358.27,4.0885377
358.86,4.0851746
359.45,4.08182
360.04,4.078474
360.63,4.0751357
361.22,4.071806
361.81,4.0684838
362.4,4.0651698
362.99,4.0618639
363.58,4.0585661
364.17,4.0552764
364.76,4.0519943
365.35,4.0487208
365.94,4.045455
366.53,4.0421968
367.12,4.0389466
367.71,4.0357046
368.3,4.0324697
368.89,4.029243
369.48,4.0260243
370.07,4.0228128
370.66,4.019609
371.25,4.0164132
371.84,4.0132251
372.43,4.0100441
373.02,4.0068712
373.61,4.003705
374.2,4.0005469
374.79,3.9973962
375.38,3.9942529
375.97,3.9911172
376.56,3.9879887
377.15,3.9848676
377.74,3.9817538
378.33,3.9786472
378.92,3.975548
379.51,3.972456
380.1,3.9693711
380.69,3.9662936
381.28,3.963223
381.87,3.9601595
382.46,3.9571033
383.05,3.9540541
383.64,3.9510121
384.23,3.9479768
384.82,3.9449487
385.41,3.9419274
386,3.9389131
386.59,3.9359057
387.18,3.9329052
387.77,3.9299116
388.36,3.9269247
388.95,3.9239447
389.54,3.9209714
390.13,3.918005
390.72,3.9150453
391.31,3.9120922
391.9,3.9091458
392.49,3.9062059
393.08,3.9032729
393.67,3.9003463
394.26,3.8974264
394.85,3.8945129
395.44,3.8916061
396.03,3.8887057
396.62,3.8858118
397.21,3.8829243
397.8,3.8800433
398.39,3.8771687
398.98,3.8743002
399.57,3.8714385
400.16,3.8685827
400.75,3.8657336
401.34,3.8628905
401.93,3.8600538
402.52,3.8572233
403.11,3.8543992
403.7,3.8515811
404.29,3.8487689
404.88,3.8459635
405.47,3.8431637
406.06,3.8403702
406.65,3.8375828
407.24,3.8348014
407.83,3.832026
408.42,3.8292568
409.01,3.8264933
409.6,3.823736
410.19,3.8209846
410.78,3.8182392
411.37,3.8154995
411.96,3.8127658
412.55,3.8100381
413.14,3.8073161
413.73,3.8046
414.32,3.8018897
414.91,3.799185
415.5,3.7964861
416.09,3.7937932
416.68,3.791106
417.27,3.7884243
417.86,3.7857482
418.45,3.783078
419.04,3.7804134
419.63,3.7777543
420.22,3.7751009
420.81,3.7724531
421.4,3.7698109
421.99,3.7671742
422.58,3.7645428
423.17,3.7619171
423.76,3.7592971
424.35,3.7566824
424.94,3.7540729
425.53,3.7514691
426.12,3.7488706
426.71,3.7462776
427.3,3.74369
427.89,3.7411075
428.48,3.7385306
429.07,3.7359591
429.66,3.7333925
430.25,3.7308314
430.84,3.7282758
431.43,3.7257252
432.02,3.7231798
432.61,3.7206397
433.2,3.7181046
433.79,3.715575
434.38,3.7130504
434.97,3.7105308
435.56,3.7080166
436.15,3.7055073
436.74,3.7030032
437.33,3.7005041
437.92,3.69801
438.51,3.6955211
439.1,3.6930373
439.69,3.6905582
440.28,3.6880841
440.87,3.6856153
441.46,3.6831512
442.05,3.6806922
442.64,3.6782379
443.23,3.6757886
443.82,3.6733444
444.41,3.6709049
445,3.6684701
445.59,3.6660404
446.18,3.6636155
446.77,3.6611953
447.36,3.6587799
447.95,3.6563692
448.54,3.6539636
449.13,3.6515625
449.72,3.6491661
450.31,3.6467745
450.9,3.6443875
451.49,3.6420054
452.08,3.6396277
452.67,3.637255
453.26,3.6348865
453.85,3.6325231
454.44,3.6301639
455.03,3.6278095
455.62,3.6254597
456.21,3.6231143
456.8,3.6207736
457.39,3.6184371
457.98,3.6161051
458.57,3.6137774
459.16,3.6114545
459.75,3.6091359
460.34,3.6068218
460.93,3.6045122
461.52,3.6022069
462.11,3.5999062
462.7,3.5976098
463.29,3.5953178
463.88,3.5930302
464.47,3.5907471
465.06,3.5884681
465.65,3.5861936
466.24,3.5839233
466.83,3.5816574
467.42,3.5793958
468.01,3.5771387
468.6,3.5748856
469.19,3.5726368
469.78,3.5703921
470.37,3.5681517
470.96,3.5659158
471.55,3.5636837
472.14,3.5614562
472.73,3.5592327
473.32,3.5570133
473.91,3.5547981
474.5,3.552587
475.09,3.55038
475.68,3.5481772
476.27,3.5459785
476.86,3.5437841
477.45,3.5415936
478.04,3.539407
478.63,3.5372245
479.22,3.5350461
479.81,3.5328717
480.4,3.5307014
480.99,3.5285351
481.58,3.5263729
482.17,3.5242145
482.76,3.5220602
483.35,3.5199096
483.94,3.5177631
484.53,3.5156207
485.12,3.5134821
485.71,3.5113473
486.3,3.5092165
486.89,3.5070896
487.48,3.5049665
488.07,3.5028472
488.66,3.5007319
489.25,3.4986203
489.84,3.4965127
490.43,3.4944084
491.02,3.4923077
491.61,3.490211
492.2,3.4881179
492.79,3.4860287
493.38,3.483943
493.97,3.4818614
494.56,3.4797833
495.15,3.4777091
495.74,3.4756386
496.33,3.4735718
496.92,3.4715085
497.51,3.4694493
498.1,3.4673934
498.69,3.4653413
499.28,3.4632928
499.87,3.4612479
500.46,3.4592068
501.05,3.4571693
501.64,3.4551353
502.23,3.453105
502.82,3.4510782
503.41,3.449055
504,3.4470353
504.59,3.4450192
505.18,3.4430065
505.77,3.4409976
506.36,3.4389923
506.95,3.4369903
507.54,3.4349916
508.13,3.4329967
508.72,3.4310052
509.31,3.4290173
509.9,3.4270327
510.49,3.4250515
511.08,3.4230738
511.67,3.4210997
512.26,3.4191289
512.85,3.4171615
513.44,3.4151974
514.03,3.4132369
514.62,3.4112794
515.21,3.4093256
515.8,3.4073751
516.39,3.4054279
516.98,3.4034841
517.57,3.4015436
518.16,3.3996065
518.75,3.3976722
519.34,3.3957412
519.93,3.3938136
520.52,3.3918891
521.11,3.3899682
521.7,3.3880501
522.29,3.3861356
522.88,3.3842244
523.47,3.3823161
524.06,3.3804114
524.65,3.3785095
525.24,3.3766112
525.83,3.374716
526.42,3.372824
527.01,3.370935
527.6,3.3690493
528.19,3.3671668
528.78,3.3652875
529.37,3.3634112
529.96,3.3615382
530.55,3.3596683
531.14,3.3578014
531.73,3.3559377
532.32,3.3540771
532.91,3.3522196
533.5,3.3503654
534.09,3.3485138
534.68,3.3466656
535.27,3.3448205
535.86,3.3429782
536.45,3.3411393
537.04,3.3393033
537.63,3.3374701
538.22,3.33564
538.81,3.3338132
539.4,3.331989
539.99,3.330168
540.58,3.3283501
541.17,3.326535
541.76,3.324723
542.35,3.3229139
542.94,3.3211076
543.53,3.3193045
544.12,3.3175042
544.71,3.3157067
545.3,3.3139122
545.89,3.3121207
546.48,3.3103321
547.07,3.3085463
547.66,3.3067636
548.25,3.3049836
548.84,3.3032064
549.43,3.3014324
550.02,3.2996612
550.61,3.2978926
551.2,3.2961268
551.79,3.294364
552.38,3.292604
552.97,3.2908468
553.56,3.2890925
554.15,3.2873409
554.74,3.2855921
555.33,3.2838461
555.92,3.2821028
556.51,3.2803626
557.1,3.2786248
557.69,3.27689
558.28,3.2751579
558.87,3.2734284
559.46,3.2717018
560.05,3.2699778
560.64,3.2682567
561.23,3.2665381
561.82,3.2648222
562.41,3.2631092
563,3.2613988
563.59,3.2596912
564.18,3.2579861
564.77,3.2562838
565.36,3.2545841
565.95,3.252887
566.54,3.2511928
567.13,3.249501
567.72,3.2478118
568.31,3.2461252
568.9,3.2444415
569.49,3.2427604
570.08,3.2410817
570.67,3.2394056
571.26,3.2377324
571.85,3.2360616
572.44,3.2343931
573.03,3.2327275
573.62,3.2310646
574.21,3.229404
574.8,3.227746
575.39,3.2260907
575.98,3.2244377
576.57,3.2227874
577.16,3.2211397
577.75,3.2194943
578.34,3.2178514
578.93,3.2162113
579.52,3.2145734
580.11,3.2129381
580.7,3.2113051
581.29,3.2096746
581.88,3.2080469
582.47,3.2064214
583.06,3.2047985
583.65,3.2031782
584.24,3.20156
584.83,3.1999445
585.42,3.1983314
586.01,3.1967206
586.6,3.1951125
587.19,3.1935067
587.78,3.1919034
588.37,3.1903024
588.96,3.1887038
589.55,3.1871073
590.14,3.1855137
590.73,3.1839223
591.32,3.1823332
591.91,3.1807468
592.5,3.1791623
593.09,3.1775806
593.68,3.1760008
594.27,3.1744237
594.86,3.1728489
595.45,3.1712763
596.04,3.1697063
596.63,3.1681385
597.22,3.166573
597.81,3.1650097
598.4,3.1634488
598.99,3.1618903
599.58,3.1603341
600.17,3.1587801
600.76,3.1572285
601.35,3.155679
601.94,3.1541319
602.53,3.1525872
603.12,3.1510446
603.71,3.1495042
604.3,3.1479661
604.89,3.1464305
605.48,3.144897
606.07,3.1433656
606.66,3.1418366
607.25,3.1403098
607.84,3.1387851
608.43,3.1372626
609.02,3.1357427
609.61,3.1342247
610.2,3.1327088
610.79,3.1311953
611.38,3.129684
611.97,3.1281748
612.56,3.1266677
613.15,3.1251631
613.74,3.1236601
614.33,3.1221597
614.92,3.1206615
615.51,3.1191652
616.1,3.1176713
616.69,3.1161795
617.28,3.1146896
617.87,3.1132021
618.46,3.1117165
619.05,3.1102331
619.64,3.108752
620.23,3.1072729
620.82,3.1057959
621.41,3.104321
622,3.1028483
622.59,3.1013775
623.18,3.0999088
623.77,3.0984423
624.36,3.0969779
624.95,3.0955157
625.54,3.0940554
626.13,3.092597
626.72,3.0911407
627.31,3.0896869
627.9,3.0882349
628.49,3.0867846
629.08,3.0853367
629.67,3.0838909
630.26,3.0824471
630.85,3.0810051
631.44,3.0795653
632.03,3.0781274
632.62,3.0766916
633.21,3.0752578
633.8,3.0738258
634.39,3.072396
634.98,3.0709682
635.57,3.0695422
636.16,3.0681181
636.75,3.0666964
637.34,3.0652761
637.93,3.0638583
638.52,3.0624421
639.11,3.0610282
639.7,3.0596159
640.29,3.0582058
640.88,3.0567975
641.47,3.0553913
642.06,3.053987
642.65,3.0525844
643.24,3.0511839
643.83,3.0497854
644.42,3.0483887
645.01,3.046994
645.6,3.0456011
646.19,3.0442102
646.78,3.0428214
647.37,3.0414343
647.96,3.0400491
648.55,3.0386658
649.14,3.0372841
649.73,3.0359046
650.32,3.0345271
650.91,3.0331514
651.5,3.0317774
652.09,3.0304053
652.68,3.0290351
653.27,3.0276668
653.86,3.0263002
654.45,3.0249355
655.04,3.0235727
655.63,3.0222118
656.22,3.0208528
656.81,3.0194955
657.4,3.0181401
657.99,3.0167863
658.58,3.0154345
659.17,3.0140846
659.76,3.0127363
660.35,3.01139
660.94,3.0100453
661.53,3.0087025
662.12,3.0073617
662.71,3.0060225
663.3,3.0046852
663.89,3.0033495
664.48,3.0020156
665.07,3.0006835
665.66,2.9993532
666.25,2.9980247
666.84,2.9966979
667.43,2.995373
668.02,2.9940498
668.61,2.9927282
669.2,2.9914086
669.79,2.9900906
670.38,2.9887743
670.97,2.9874597
671.56,2.9861469
672.15,2.9848359
672.74,2.9835267
673.33,2.982219
673.92,2.9809132
674.51,2.979609
675.1,2.9783065
675.69,2.977006
676.28,2.9757068
676.87,2.9744093
677.46,2.9731138
678.05,2.9718199
678.64,2.9705274
679.23,2.9692369
679.82,2.9679482
680.41,2.966661
681,2.9653754
681.59,2.9640915
682.18,2.9628093
682.77,2.9615288
683.36,2.9602499
683.95,2.9589727
684.54,2.9576972
685.13,2.9564233
685.72,2.9551511
686.31,2.9538803
686.9,2.9526114
687.49,2.951344
688.08,2.9500782
688.67,2.9488142
689.26,2.9475517
689.85,2.946291
690.44,2.9450319
691.03,2.9437742
691.62,2.9425182
692.21,2.9412639
692.8,2.940011
693.39,2.9387598
693.98,2.9375103
694.57,2.9362621
695.16,2.9350159
695.75,2.9337711
696.34,2.932528
696.93,2.9312863
697.52,2.9300463
698.11,2.9288077
698.7,2.9275708
699.29,2.9263356
699.88,2.9251018
700.47,2.9238696
701.06,2.9226389
701.65,2.9214098
702.24,2.9201822
702.83,2.9189563
703.42,2.9177318
704.01,2.9165089
704.6,2.9152875
705.19,2.9140677
705.78,2.9128494
706.37,2.9116325
706.96,2.9104176
707.55,2.9092038
708.14,2.9079916
708.73,2.906781
709.32,2.9055717
709.91,2.9043641
710.5,2.9031579
711.09,2.9019535
711.68,2.9007502
712.27,2.8995485
712.86,2.8983486
713.45,2.8971498
714.04,2.8959527
714.63,2.894757
715.22,2.8935628
715.81,2.8923697
716.4,2.8911781
716.99,2.8899882
717.58,2.8887994
718.17,2.8876123
718.76,2.8864267
719.35,2.8852427
719.94,2.8840597
720.53,2.8828785
721.12,2.8816986
721.71,2.8805203
722.3,2.8793433
722.89,2.8781679
723.48,2.8769939
724.07,2.8758214
724.66,2.87465
725.25,2.8734803
725.84,2.8723121
726.43,2.8711452
727.02,2.8699796
727.61,2.8688157
728.2,2.8676531
728.79,2.8664918
729.38,2.8653321
729.97,2.8641737
730.56,2.8630166
731.15,2.8618612
731.74,2.860707
732.33,2.8595541
732.92,2.858403
733.51,2.8572528
734.1,2.8561044
734.69,2.8549571
735.28,2.8538113
735.87,2.8526669
736.46,2.8515239
737.05,2.8503821
737.64,2.8492417
738.23,2.8481028
738.82,2.8469653
739.41,2.845829
740,2.8446941
740.59,2.8435607
741.18,2.8424287
741.77,2.8412979
742.36,2.8401685
742.95,2.8390405
743.54,2.8379138
744.13,2.8367884
744.72,2.8356643
745.31,2.8345418
745.9,2.8334203
746.49,2.8323002
747.08,2.8311815
747.67,2.8300643
748.26,2.8289483
748.85,2.8278337
749.44,2.8267202
750.03,2.825608
750.62,2.8244975
751.21,2.8233879
751.8,2.8222799
752.39,2.821173
752.98,2.8200674
753.57,2.8189633
754.16,2.8178604
754.75,2.8167589
755.34,2.8156586
755.93,2.8145595
756.52,2.8134618
757.11,2.8123655
757.7,2.8112702
758.29,2.8101764
758.88,2.8090839
759.47,2.8079925
760.06,2.8069024
760.65,2.8058138
761.24,2.8047264
761.83,2.8036401
762.42,2.8025551
763.01,2.8014715
763.6,2.8003891
764.19,2.7993078
764.78,2.798228
765.37,2.7971494
765.96,2.7960715
766.55,2.7949951
767.14,2.7939196
767.73,2.7928455
768.32,2.7917728
768.91,2.7907012
769.5,2.7896309
770.09,2.7885616
770.68,2.7874937
771.27,2.786427
771.86,2.7853618
772.45,2.7842975
773.04,2.7832346
773.63,2.7821727
774.22,2.7811122
774.81,2.7800529
775.4,2.778995
775.99,2.7779381
776.58,2.7768824
777.17,2.7758279
777.76,2.7747748
778.35,2.7737226
778.94,2.7726719
779.53,2.7716222
780.12,2.7705739
780.71,2.7695265
781.3,2.7684805
781.89,2.7674358
782.48,2.766392
783.07,2.7653496
783.66,2.7643082
784.25,2.7632682
784.84,2.7622292
785.43,2.7611914
786.02,2.760155
786.61,2.7591195
787.2,2.7580853
787.79,2.7570522
788.38,2.7560203
788.97,2.7549896
789.56,2.7539601
790.15,2.7529316
790.74,2.7519042
791.33,2.7508783
791.92,2.7498534
792.51,2.7488296
793.1,2.7478068
793.69,2.7467854
794.28,2.745765
794.87,2.7447457
795.46,2.7437277
796.05,2.7427108
796.64,2.7416949
797.23,2.7406802
797.82,2.7396667
798.41,2.7386544
799,2.737643
799.59,2.7366328
800.18,2.7356238
800.77,2.734616
801.36,2.7336092
801.95,2.7326035
802.54,2.7315989
803.13,2.7305954
803.72,2.729593
804.31,2.7285919
804.9,2.7275918
805.49,2.7265928
806.08,2.7255948
806.67,2.7245979
807.26,2.7236021
807.85,2.7226069
808.44,2.7216129
809.03,2.7206202
809.62,2.7196286
810.21,2.7186377
810.8,2.7176483
811.39,2.7166598
811.98,2.7156723
812.57,2.7146859
813.16,2.7137008
813.75,2.7127166
814.34,2.7117336
814.93,2.7107515
815.52,2.7097707
816.11,2.7087905
816.7,2.7078118
817.29,2.7068341
817.88,2.7058575
818.47,2.7048819
819.06,2.7039073
819.65,2.7029338
820.24,2.7019613
820.83,2.70099
821.42,2.7000196
822.01,2.6990502
822.6,2.698082
823.19,2.6971147
823.78,2.6961486
824.37,2.6951835
824.96,2.6942194
825.55,2.6932564
826.14,2.6922944
826.73,2.6913333
827.32,2.6903734
827.91,2.6894145
828.5,2.6884565
829.09,2.6874998
829.68,2.6865437
830.27,2.6855891
830.86,2.6846352
831.45,2.6836824
832.04,2.6827307
832.63,2.6817799
833.22,2.6808302
833.81,2.6798816
834.4,2.6789339
834.99,2.6779871
835.58,2.6770413
836.17,2.6760967
836.76,2.675153
837.35,2.6742103
837.94,2.6732686
838.53,2.672328
839.12,2.6713881
839.71,2.6704495
840.3,2.6695118
840.89,2.668575
841.48,2.6676393
842.07,2.6667044
842.66,2.6657708
843.25,2.6648381
843.84,2.6639061
844.43,2.6629753
845.02,2.6620455
845.61,2.6611166
846.2,2.6601887
846.79,2.6592617
847.38,2.6583359
847.97,2.6574109
848.56,2.656487
849.15,2.6555638
849.74,2.6546416
850.33,2.6537206
850.92,2.6528003
851.51,2.6518812
852.1,2.6509628
852.69,2.6500456
853.28,2.6491294
853.87,2.6482139
854.46,2.6472995
855.05,2.6463859
855.64,2.6454735
856.23,2.6445618
856.82,2.6436512
857.41,2.6427414
858,2.6418326
858.59,2.6409249
859.18,2.640018
859.77,2.639112
860.36,2.638207
860.95,2.6373029
861.54,2.6363997
862.13,2.6354973
862.72,2.6345961
863.31,2.6336958
863.9,2.6327963
864.49,2.6318977
865.08,2.631
865.67,2.6301033
866.26,2.6292076
866.85,2.6283128
867.44,2.6274188
868.03,2.6265259
868.62,2.6256337
869.21,2.6247425
869.8,2.623852
870.39,2.6229625
870.98,2.6220739
871.57,2.621186
872.16,2.6202991
872.75,2.6194131
873.34,2.6185279
873.93,2.6176438
874.52,2.6167605
875.11,2.6158779
875.7,2.6149964
876.29,2.6141157
876.88,2.6132362
877.47,2.6123571
878.06,2.6114793
878.65,2.6106021
879.24,2.609726
879.83,2.6088507
880.42,2.6079762
881.01,2.6071026
881.6,2.60623
882.19,2.6053581
882.78,2.6044872
883.37,2.6036172
883.96,2.6027479
884.55,2.6018798
885.14,2.6010122
885.73,2.6001456
886.32,2.5992801
886.91,2.5984151
887.5,2.5975511
888.09,2.596688
888.68,2.5958259
889.27,2.5949645
889.86,2.5941038
890.45,2.5932443
891.04,2.5923855
891.63,2.5915275
892.22,2.5906703
892.81,2.5898142
893.4,2.5889587
893.99,2.588104
894.58,2.5872505
895.17,2.5863974
895.76,2.5855455
896.35,2.5846944
896.94,2.5838439
897.53,2.5829945
898.12,2.5821459
898.71,2.5812981
899.3,2.580451
899.89,2.5796049
900.48,2.5787594
901.07,2.5779152
901.66,2.5770714
902.25,2.5762286
902.84,2.5753865
903.43,2.5745454
904.02,2.573705
904.61,2.5728655
905.2,2.5720267
905.79,2.5711889
906.38,2.5703518
906.97,2.5695155
907.56,2.56868
908.15,2.5678456
908.74,2.5670116
909.33,2.5661788
909.92,2.5653465
910.51,2.5645151
911.1,2.5636845
911.69,2.5628548
912.28,2.5620258
912.87,2.5611978
913.46,2.5603704
914.05,2.5595438
914.64,2.558718
915.23,2.557893
915.82,2.5570691
916.41,2.5562456
917,2.555423
917.59,2.5546014
918.18,2.5537803
918.77,2.5529602
919.36,2.5521407
919.95,2.5513222
920.54,2.5505044
921.13,2.5496874
921.72,2.548871
922.31,2.5480556
922.9,2.547241
923.49,2.546427
924.08,2.545614
924.67,2.5448017
925.26,2.5439901
925.85,2.5431793
926.44,2.5423694
927.03,2.5415602
927.62,2.5407517
928.21,2.5399439
928.8,2.5391371
929.39,2.538331
929.98,2.5375257
930.57,2.536721
931.16,2.535917
931.75,2.535114
932.34,2.5343118
932.93,2.5335102
933.52,2.5327094
934.11,2.5319095
934.7,2.53111
935.29,2.5303116
935.88,2.5295138
936.47,2.5287168
937.06,2.5279205
937.65,2.5271249
938.24,2.5263302
938.83,2.5255363
939.42,2.5247428
940.01,2.5239506
940.6,2.5231588
941.19,2.5223677
941.78,2.5215774
942.37,2.520788
942.96,2.519999
943.55,2.5192111
944.14,2.5184238
944.73,2.517637
945.32,2.5168512
945.91,2.5160661
946.5,2.5152817
947.09,2.5144982
947.68,2.5137153
948.27,2.512933
948.86,2.5121517
949.45,2.5113709
950.04,2.510591
950.63,2.5098116
951.22,2.5090332
951.81,2.5082552
952.4,2.5074782
952.99,2.5067019
953.58,2.5059261
954.17,2.5051513
954.76,2.5043771
955.35,2.5036037
955.94,2.5028307
956.53,2.5020587
957.12,2.5012875
957.71,2.5005169
958.3,2.4997468
958.89,2.4989777
959.48,2.4982092
960.07,2.4974413
960.66,2.4966743
961.25,2.495908
961.84,2.4951422
962.43,2.4943774
963.02,2.493613
963.61,2.4928496
964.2,2.4920866
964.79,2.4913244
965.38,2.4905629
965.97,2.4898024
966.56,2.4890423
967.15,2.4882829
967.74,2.487524
968.33,2.4867661
968.92,2.4860089
969.51,2.4852521
970.1,2.4844964
970.69,2.483741
971.28,2.4829867
971.87,2.4822328
972.46,2.4814796
973.05,2.4807272
973.64,2.4799752
974.23,2.4792242
974.82,2.4784737
975.41,2.4777241
976,2.476975
976.59,2.4762266
977.18,2.4754789
977.77,2.4747319
978.36,2.4739854
978.95,2.4732399
979.54,2.4724948
980.13,2.4717505
980.72,2.4710069
981.31,2.4702637
981.9,2.4695215
982.49,2.4687798
983.08,2.4680388
983.67,2.4672985
984.26,2.4665589
984.85,2.4658198
985.44,2.4650817
986.03,2.4643438
986.62,2.4636068
987.21,2.4628706
987.8,2.4621348
988.39,2.4613998
988.98,2.4606655
989.57,2.4599319
990.16,2.4591987
990.75,2.4584663
991.34,2.4577346
991.93,2.4570036
992.52,2.4562731
993.11,2.4555433
993.7,2.4548142
994.29,2.4540856
994.88,2.4533579
995.47,2.4526308
996.06,2.4519041
996.65,2.4511781
997.24,2.4504528
997.83,2.4497283
998.42,2.4490044
999.01,2.448281
999.6,2.4475584
1000.19,2.4468362
1000.78,2.4461148
1001.37,2.445394
1001.96,2.444674
1002.55,2.4439545
1003.14,2.4432356
1003.73,2.4425173
1004.32,2.4417996
1004.91,2.4410827
1005.5,2.4403665
1006.09,2.4396508
1006.68,2.4389358
1007.27,2.4382212
1007.86,2.4375074
1008.45,2.4367943
1009.04,2.4360816
1009.63,2.4353697
1010.22,2.4346583
1010.81,2.4339476
1011.4,2.4332376
1011.99,2.432528
1012.58,2.4318192
1013.17,2.4311111
1013.76,2.4304035
1014.35,2.4296966
1014.94,2.4289901
1015.53,2.4282844
1016.12,2.4275792
1016.71,2.4268746
1017.3,2.4261708
1017.89,2.4254675
1018.48,2.4247649
1019.07,2.4240627
1019.66,2.4233613
1020.25,2.4226604
1020.84,2.4219601
1021.43,2.4212606
1022.02,2.4205616
1022.61,2.419863
1023.2,2.4191651
1023.79,2.418468
1024.38,2.4177713
1024.97,2.4170754
1025.56,2.4163799
1026.15,2.4156852
1026.74,2.4149909
1027.33,2.4142973
1027.92,2.4136043
1028.51,2.4129119
1029.1,2.41222
1029.69,2.4115288
1030.28,2.4108381
1030.87,2.4101481
1031.46,2.4094586
1032.05,2.4087696
1032.64,2.4080815
1033.23,2.4073937
1033.82,2.4067066
1034.41,2.4060202
1035,2.4053342
1035.59,2.4046488
1036.18,2.403964
1036.77,2.40328
1037.36,2.4025965
1037.95,2.4019134
1038.54,2.4012311
1039.13,2.4005492
1039.72,2.3998678
1040.31,2.3991871
1040.9,2.3985071
1041.49,2.3978276
1042.08,2.3971486
1042.67,2.3964703
1043.26,2.3957925
1043.85,2.3951151
1044.44,2.3944385
1045.03,2.3937626
1045.62,2.3930869
1046.21,2.3924122
1046.8,2.3917377
1047.39,2.3910639
1047.98,2.3903906
1048.57,2.3897181
1049.16,2.389046
1049.75,2.3883746
1050.34,2.3877034
1050.93,2.3870332
1051.52,2.3863633
1052.11,2.385694
1052.7,2.3850253
1053.29,2.3843572
1053.88,2.3836896
1054.47,2.3830225
1055.06,2.3823562
1055.65,2.3816903
1056.24,2.3810251
1056.83,2.3803601
1057.42,2.3796959
1058.01,2.3790324
1058.6,2.3783691
1059.19,2.3777065
1059.78,2.3770447
1060.37,2.3763833
1060.96,2.3757224
1061.55,2.375062
1062.14,2.3744023
1062.73,2.3737428
1063.32,2.3730843
1063.91,2.372426
1064.5,2.3717685
1065.09,2.3711114
1065.68,2.370455
1066.27,2.3697989
1066.86,2.3691435
1067.45,2.3684888
1068.04,2.3678343
1068.63,2.3671806
1069.22,2.3665273
1069.81,2.3658745
1070.4,2.3652225
1070.99,2.3645709
1071.58,2.3639197
1072.17,2.3632691
1072.76,2.3626192
1073.35,2.3619697
1073.94,2.3613207
1074.53,2.3606722
1075.12,2.3600245
1075.71,2.3593771
1076.3,2.3587303
1076.89,2.358084
1077.48,2.3574383
1078.07,2.3567929
1078.66,2.3561485
1079.25,2.3555043
1079.84,2.3548605
1080.43,2.3542175
1081.02,2.353575
1081.61,2.3529329
1082.2,2.3522913
1082.79,2.3516505
1083.38,2.3510098
1083.97,2.3503699
1084.56,2.3497305
1085.15,2.3490915
1085.74,2.3484533
1086.33,2.3478153
1086.92,2.347178
1087.51,2.3465412
1088.1,2.3459048
1088.69,2.345269
1089.28,2.3446338
1089.87,2.3439991
1090.46,2.3433647
1091.05,2.342731
1091.64,2.3420978
1092.23,2.3414652
1092.82,2.3408329
1093.41,2.3402014
1094,2.33957
1094.59,2.3389394
1095.18,2.3383093
1095.77,2.3376799
1096.36,2.3370507
1096.95,2.336422
1097.54,2.335794
1098.13,2.3351662
1098.72,2.3345392
1099.31,2.3339126
1099.9,2.3332865
1100.49,2.3326609
1101.08,2.3320358
1101.67,2.3314114
1102.26,2.3307872
1102.85,2.3301637
1103.44,2.3295405
1104.03,2.328918
1104.62,2.3282959
1105.21,2.3276744
1105.8,2.3270533
1106.39,2.3264327
1106.98,2.3258126
1107.57,2.3251932
1108.16,2.324574
1108.75,2.3239553
1109.34,2.3233373
1109.93,2.3227196
1110.52,2.3221025
1111.11,2.321486
1111.7,2.3208699
1112.29,2.3202543
1112.88,2.319639
1113.47,2.3190243
1114.06,2.3184102
1114.65,2.3177965
1115.24,2.3171833
1115.83,2.3165705
1116.42,2.3159585
1117.01,2.3153467
1117.6,2.3147354
1118.19,2.3141246
1118.78,2.3135145
1119.37,2.3129046
1119.96,2.3122954
1120.55,2.3116865
1121.14,2.3110781
1121.73,2.3104703
1122.32,2.3098629
1122.91,2.3092558
1123.5,2.3086495
1124.09,2.3080435
1124.68,2.3074381
1125.27,2.306833
1125.86,2.3062286
1126.45,2.3056245
1127.04,2.3050208
1127.63,2.3044178
1128.22,2.3038154
1128.81,2.3032131
1129.4,2.3026114
1129.99,2.3020101
1130.58,2.3014095
1131.17,2.3008091
1131.76,2.3002093
1132.35,2.2996101
1132.94,2.2990112
1133.53,2.2984128
1134.12,2.2978148
1134.71,2.2972174
1135.3,2.2966204
1135.89,2.2960238
1136.48,2.2954278
1137.07,2.2948322
1137.66,2.2942371
1138.25,2.2936425
1138.84,2.2930484
1139.43,2.2924545
1140.02,2.2918613
1140.61,2.2912683
1141.2,2.2906761
1141.79,2.2900844
1142.38,2.2894928
1142.97,2.2889018
1143.56,2.2883112
1144.15,2.2877214
1144.74,2.2871318
1145.33,2.2865427
1145.92,2.2859538
1146.51,2.2853656
1147.1,2.2847779
1147.69,2.2841907
1148.28,2.2836037
1148.87,2.2830172
1149.46,2.2824311
1150.05,2.2818458
1150.64,2.2812607
1151.23,2.2806761
1151.82,2.280092
1152.41,2.2795081
1153,2.2789249
1153.59,2.2783422
1154.18,2.2777598
1154.77,2.2771778
1155.36,2.2765963
1155.95,2.2760153
1156.54,2.2754347
1157.13,2.2748547
1157.72,2.2742748
1158.31,2.2736957
1158.9,2.2731168
1159.49,2.2725387
1160.08,2.2719607
1160.67,2.2713833
1161.26,2.2708061
1161.85,2.2702293
1162.44,2.2696531
1163.03,2.2690773
1163.62,2.2685018
1164.21,2.2679267
1164.8,2.2673521
1165.39,2.266778
1165.98,2.2662044
1166.57,2.2656312
1167.16,2.2650583
1167.75,2.2644858
1168.34,2.2639139
1168.93,2.2633424
1169.52,2.2627714
1170.11,2.2622006
1170.7,2.2616305
1171.29,2.2610607
1171.88,2.2604914
1172.47,2.2599223
1173.06,2.2593539
1173.65,2.2587857
1174.24,2.2582183
1174.83,2.2576509
1175.42,2.2570841
1176.01,2.2565176
1176.6,2.2559519
1177.19,2.2553864
1177.78,2.2548213
1178.37,2.2542565
1178.96,2.2536924
1179.55,2.2531285
1180.14,2.2525651
1180.73,2.2520022
1181.32,2.2514396
1181.91,2.2508776
1182.5,2.2503159
1183.09,2.2497544
1183.68,2.2491937
1184.27,2.2486334
1184.86,2.2480733
1185.45,2.2475138
1186.04,2.2469544
1186.63,2.2463958
1187.22,2.2458375
1187.81,2.2452793
1188.4,2.2447219
1188.99,2.2441647
1189.58,2.2436082
1190.17,2.2430518
1190.76,2.242496
1191.35,2.2419407
1191.94,2.2413857
1192.53,2.2408309
1193.12,2.2402768
1193.71,2.239723
1194.3,2.2391696
1194.89,2.2386167
1195.48,2.2380641
1196.07,2.2375119
1196.66,2.2369602
1197.25,2.2364089
1197.84,2.235858
1198.43,2.2353075
1199.02,2.2347574
1199.61,2.2342076
1200.2,2.2336583
1200.79,2.2331095
1201.38,2.2325611
1201.97,2.232013
1202.56,2.2314653
1203.15,2.2309179
1203.74,2.2303712
1204.33,2.2298248
1204.92,2.2292786
1205.51,2.2287331
1206.1,2.2281878
1206.69,2.227643
1207.28,2.2270985
1207.87,2.2265544
1208.46,2.2260108
1209.05,2.2254674
1209.64,2.2249246
1210.23,2.2243822
1210.82,2.22384
1211.41,2.2232983
1212,2.2227571
1212.59,2.2222164
1213.18,2.2216759
1213.77,2.2211359
1214.36,2.2205961
1214.95,2.2200568
1215.54,2.2195179
1216.13,2.2189794
1216.72,2.2184412
1217.31,2.2179036
1217.9,2.2173662
1218.49,2.2168293
1219.08,2.2162929
1219.67,2.2157567
1220.26,2.2152209
1220.85,2.2146854
1221.44,2.2141507
1222.03,2.2136159
1222.62,2.2130816
1223.21,2.212548
1223.8,2.2120144
1224.39,2.2114813
1224.98,2.2109487
1225.57,2.2104166
1226.16,2.2098846
1226.75,2.2093532
1227.34,2.208822
1227.93,2.2082913
1228.52,2.207761
1229.11,2.2072308
1229.7,2.2067013
1230.29,2.2061722
1230.88,2.2056434
1231.47,2.2051148
1232.06,2.2045867
1232.65,2.2040591
1233.24,2.203532
1233.83,2.2030051
1234.42,2.2024784
1235.01,2.2019522
1235.6,2.2014265
1236.19,2.200901
1236.78,2.200376
1237.37,2.1998513
1237.96,2.1993272
1238.55,2.1988032
1239.14,2.1982799
1239.73,2.1977565
1240.32,2.1972339
1240.91,2.1967113
1241.5,2.1961894
1242.09,2.1956677
1242.68,2.1951466
1243.27,2.1946256
1243.86,2.1941049
1244.45,2.1935849
1245.04,2.1930652
1245.63,2.1925457
1246.22,2.1920266
1246.81,2.1915081
1247.4,2.1909897
1247.99,2.1904716
1248.58,2.1899543
1249.17,2.1894369
1249.76,2.18892
1250.35,2.1884036
1250.94,2.1878874
1251.53,2.1873717
1252.12,2.1868565
1252.71,2.1863415
1253.3,2.1858268
1253.89,2.1853125
1254.48,2.1847987
1255.07,2.1842852
1255.66,2.1837718
1256.25,2.183259
1256.84,2.1827466
1257.43,2.1822345
1258.02,2.1817229
1258.61,2.1812115
1259.2,2.1807005
1259.79,2.1801898
1260.38,2.1796796
1260.97,2.1791697
1261.56,2.1786602
1262.15,2.1781509
1262.74,2.1776419
1263.33,2.1771336
1263.92,2.1766255
1264.51,2.1761177
1265.1,2.1756101
1265.69,2.1751032
1266.28,2.1745963
1266.87,2.1740901
1267.46,2.173584
1268.05,2.1730785
1268.64,2.1725731
1269.23,2.1720684
1269.82,2.1715636
1270.41,2.1710594
1271,2.1705556
1271.59,2.1700521
1272.18,2.1695485
1272.77,2.1690454
1273.36,2.1685429
1273.95,2.1680405
1274.54,2.1675384
1275.13,2.1670368
1275.72,2.1665354
1276.31,2.1660345
1276.9,2.165534
1277.49,2.1650336
1278.08,2.1645339
1278.67,2.1640341
1279.26,2.1635349
1279.85,2.1630361
1280.44,2.1625376
1281.03,2.1620393
1281.62,2.1615415
1282.21,2.1610439
1282.8,2.1605468
1283.39,2.1600502
1283.98,2.1595535
1284.57,2.1590576
1285.16,2.1585617
1285.75,2.1580663
1286.34,2.1575713
1286.93,2.1570764
1287.52,2.1565821
1288.11,2.1560879
1288.7,2.1555943
1289.29,2.1551008
1289.88,2.1546078
1290.47,2.1541152
1291.06,2.1536229
1291.65,2.1531308
1292.24,2.1526392
1292.83,2.1521478
1293.42,2.1516566
1294.01,2.151166
1294.6,2.1506758
1295.19,2.1501856
1295.78,2.1496961
1296.37,2.1492066
1296.96,2.1487176
1297.55,2.1482291
1298.14,2.1477408
1298.73,2.1472528
1299.32,2.146765
1299.91,2.1462777
1300.5,2.1457908
1301.09,2.1453042
1301.68,2.1448178
1302.27,2.1443319
1302.86,2.1438463
1303.45,2.1433609
1304.04,2.1428759
1304.63,2.1423912
1305.22,2.141907
1305.81,2.141423
1306.4,2.1409392
1306.99,2.140456
1307.58,2.1399729
1308.17,2.1394901
1308.76,2.1390078
1309.35,2.1385257
1309.94,2.1380441
1310.53,2.1375628
1311.12,2.1370816
1311.71,2.136601
1312.3,2.1361206
1312.89,2.1356404
1313.48,2.1351607
1314.07,2.1346812
1314.66,2.1342022
1315.25,2.1337233
1315.84,2.133245
1316.43,2.1327667
1317.02,2.1322889
1317.61,2.1318116
1318.2,2.1313343
1318.79,2.1308575
1319.38,2.1303811
1319.97,2.1299047
1320.56,2.1294291
1321.15,2.1289535
1321.74,2.1284783
1322.33,2.1280034
1322.92,2.1275287
1323.51,2.1270545
1324.1,2.1265805
1324.69,2.1261067
1325.28,2.1256335
1325.87,2.1251605
1326.46,2.1246879
1327.05,2.1242154
1327.64,2.1237435
1328.23,2.1232717
1328.82,2.1228004
1329.41,2.1223292
1330,2.1218584
1330.59,2.121388
1331.18,2.1209178
1331.77,2.1204479
1332.36,2.1199784
1332.95,2.1195092
1333.54,2.1190403
1334.13,2.1185718
1334.72,2.1181035
1335.31,2.1176355
1335.9,2.1171679
1336.49,2.1167004
1337.08,2.1162333
1337.67,2.1157668
1338.26,2.1153004
1338.85,2.1148343
1339.44,2.1143684
1340.03,2.113903
1340.62,2.1134379
1341.21,2.112973
1341.8,2.1125083
1342.39,2.1120441
1342.98,2.1115804
1343.57,2.1111166
1344.16,2.1106534
1344.75,2.1101904
1345.34,2.1097276
1345.93,2.1092653
1346.52,2.108803
1347.11,2.1083412
1347.7,2.1078799
1348.29,2.1074188
1348.88,2.1069579
1349.47,2.1064973
1350.06,2.1060371
1350.65,2.105577
1351.24,2.1051173
1351.83,2.1046581
1352.42,2.1041989
1353.01,2.1037402
1353.6,2.103282
1354.19,2.1028237
1354.78,2.1023657
1355.37,2.1019082
1355.96,2.1014512
1356.55,2.1009941
1357.14,2.1005375
1357.73,2.1000812
1358.32,2.0996251
1358.91,2.0991695
1359.5,2.0987139
1360.09,2.098259
1360.68,2.0978038
1361.27,2.0973494
1361.86,2.0968947
1362.45,2.0964406
1363.04,2.0959866
1363.63,2.0955329
1364.22,2.0950794
1364.81,2.0946264
1365.4,2.0941734
1365.99,2.0937209
1366.58,2.0932689
1367.17,2.0928171
1367.76,2.0923653
1368.35,2.0919139
1368.94,2.0914631
1369.53,2.0910122
1370.12,2.0905619
1370.71,2.0901117
1371.3,2.0896618
1371.89,2.0892124
1372.48,2.088763
1373.07,2.0883141
1373.66,2.0878656
1374.25,2.0874171
1374.84,2.0869689
1375.43,2.0865211
1376.02,2.0860736
1376.61,2.0856266
1377.2,2.0851796
1377.79,2.084733
1378.38,2.0842867
1378.97,2.0838406
1379.56,2.0833948
1380.15,2.0829494
1380.74,2.0825043
1381.33,2.0820594
1381.92,2.0816147
1382.51,2.0811703
1383.1,2.0807264
1383.69,2.0802827
1384.28,2.0798392
1384.87,2.079396
1385.46,2.0789533
1386.05,2.0785105
1386.64,2.0780683
1387.23,2.0776262
1387.82,2.0771847
1388.41,2.0767431
1389,2.0763021
1389.59,2.075861
1390.18,2.0754204
1390.77,2.0749803
1391.36,2.0745401
1391.95,2.0741005
1392.54,2.0736609
1393.13,2.0732217
1393.72,2.0727828
1394.31,2.0723443
1394.9,2.0719059
1395.49,2.0714679
1396.08,2.0710301
1396.67,2.0705926
1397.26,2.0701554
1397.85,2.0697186
1398.44,2.0692818
1399.03,2.0688455
1399.62,2.0684094
1400.21,2.0679736
1400.8,2.067538
1401.39,2.0671029
1401.98,2.0666678
1402.57,2.0662332
1403.16,2.0657988
1403.75,2.0653646
1404.34,2.0649307
1404.93,2.064497
1405.52,2.0640638
1406.11,2.0636308
1406.7,2.0631981
1407.29,2.0627656
1407.88,2.0623331
1408.47,2.0619013
1409.06,2.0614696
1409.65,2.0610383
1410.24,2.0606072
1410.83,2.0601761
1411.42,2.0597458
1412.01,2.0593154
1412.6,2.0588853
1413.19,2.0584557
1413.78,2.0580261
1414.37,2.0575969
1414.96,2.057168
1415.55,2.0567393
1416.14,2.0563109
1416.73,2.0558829
1417.32,2.055455
1417.91,2.0550272
1418.5,2.0546
1419.09,2.054173
1419.68,2.0537462
1420.27,2.0533197
1420.86,2.0528934
1421.45,2.0524673
1422.04,2.0520418
1422.63,2.0516164
1423.22,2.0511911
1423.81,2.0507662
1424.4,2.0503416
1424.99,2.0499172
1425.58,2.0494931
1426.17,2.0490692
1426.76,2.0486457
1427.35,2.0482223
1427.94,2.0477993
1428.53,2.0473764
1429.12,2.0469539
1429.71,2.0465312
1430.3,2.046109
1430.89,2.045687
1431.48,2.045265
1432.07,2.0448437
1432.66,2.0444221
1433.25,2.0440013
1433.84,2.0435805
1434.43,2.0431602
1435.02,2.0427399
1435.61,2.04232
1436.2,2.0419002
1436.79,2.0414808
1437.38,2.0410616
1437.97,2.0406427
1438.56,2.0402241
1439.15,2.0398057
1439.74,2.0393875
1440.33,2.0389695
1440.92,2.038552
1441.51,2.0381346
1442.1,2.0377176
1442.69,2.0373006
1443.28,2.0368843
1443.87,2.0364678
1444.46,2.0360518
1445.05,2.0356359
1445.64,2.0352204
1446.23,2.0348051
1446.82,2.03439
1447.41,2.0339754
1448,2.0335608
1448.59,2.0331466
1449.18,2.0327325
1449.77,2.0323188
1450.36,2.0319052
1450.95,2.031492
1451.54,2.0310791
1452.13,2.0306661
1452.72,2.0302536
1453.31,2.0298417
1453.9,2.0294297
1454.49,2.0290179
1455.08,2.0286064
1455.67,2.0281951
1456.26,2.0277841
1456.85,2.0273736
1457.44,2.026963
1458.03,2.0265527
1458.62,2.0261428
1459.21,2.025733
1459.8,2.0253236
1460.39,2.0249145
1460.98,2.0245054
1461.57,2.0240967
1462.16,2.0236883
1462.75,2.0232801
1463.34,2.022872
1463.93,2.0224643
1464.52,2.0220568
1465.11,2.0216498
1465.7,2.0212426
1466.29,2.0208359
1466.88,2.0204296
1467.47,2.0200233
1468.06,2.0196173
1468.65,2.0192115
1469.24,2.018806
1469.83,2.0184009
1470.42,2.0179958
1471.01,2.0175912
1471.6,2.0171866
1472.19,2.0167823
1472.78,2.0163784
1473.37,2.0159745
1473.96,2.0155711
1474.55,2.0151677
1475.14,2.0147648
1475.73,2.0143619
1476.32,2.0139594
1476.91,2.013557
1477.5,2.013155
1478.09,2.012753
1478.68,2.0123515
1479.27,2.0119503
1479.86,2.0115492
1480.45,2.0111482
1481.04,2.0107477
1481.63,2.0103474
1482.22,2.0099471
1482.81,2.0095472
1483.4,2.0091476
1483.99,2.0087481
1484.58,2.0083489
1485.17,2.0079501
1485.76,2.0075514
1486.35,2.007153
1486.94,2.0067546
1487.53,2.0063567
1488.12,2.005959
1488.71,2.0055616
1489.3,2.0051641
1489.89,2.0047672
1490.48,2.0043705
1491.07,2.003974
1491.66,2.0035775
1492.25,2.0031815
1492.84,2.0027857
1493.43,2.0023899
1494.02,2.0019946
1494.61,2.0015996
1495.2,2.0012047
1495.79,2.0008099
1496.38,2.0004156
1496.97,2.0000215
1497.56,1.9996275
1498.15,1.9992337
1498.74,1.9988402
1499.33,1.9984469
1499.92,1.9980539
1500.51,1.9976612
1501.1,1.9972686
1501.69,1.9968762
1502.28,1.9964842
1502.87,1.9960923
1503.46,1.9957007
1504.05,1.9953094
1504.64,1.9949182
1505.23,1.9945272
1505.82,1.9941365
1506.41,1.993746
1507,1.9933559
1507.59,1.9929658
1508.18,1.9925761
1508.77,1.9921864
1509.36,1.9917971
1509.95,1.9914081
1510.54,1.9910192
1511.13,1.9906306
1511.72,1.9902422
1512.31,1.9898541
1512.9,1.9894661
1513.49,1.9890784
1514.08,1.988691
1514.67,1.9883037
1515.26,1.9879166
1515.85,1.9875299
1516.44,1.9871433
1517.03,1.9867569
1517.62,1.9863706
1518.21,1.9859844
1518.8,1.9855984
1519.39,1.9852128
1519.98,1.9848273
1520.57,1.9844421
1521.16,1.9840571
1521.75,1.9836724
1522.34,1.9832878
1522.93,1.9829034
1523.52,1.9825193
1524.11,1.9821354
1524.7,1.9817518
1525.29,1.9813683
1525.88,1.980985
1526.47,1.980602
1527.06,1.9802192
1527.65,1.9798367
1528.24,1.9794544
1528.83,1.9790723
1529.42,1.9786905
1530.01,1.9783088
1530.6,1.9779273
1531.19,1.9775462
1531.78,1.9771652
1532.37,1.9767845
1532.96,1.976404
1533.55,1.9760236
1534.14,1.9756434
1534.73,1.9752636
1535.32,1.9748839
1535.91,1.9745045
1536.5,1.9741253
1537.09,1.9737462
1537.68,1.9733675
1538.27,1.9729888
1538.86,1.9726105
1539.45,1.9722323
1540.04,1.9718544
1540.63,1.9714768
1541.22,1.9710993
1541.81,1.9707221
1542.4,1.970345
1542.99,1.9699682
1543.58,1.9695916
1544.17,1.9692153
1544.76,1.968839
1545.35,1.9684631
1545.94,1.9680873
1546.53,1.9677118
1547.12,1.9673365
1547.71,1.9669615
1548.3,1.9665866
1548.89,1.9662119
1549.48,1.9658375
1550.07,1.9654633
1550.66,1.9650893
1551.25,1.9647155
1551.84,1.9643419
1552.43,1.9639685
1553.02,1.9635954
1553.61,1.9632224
1554.2,1.9628497
1554.79,1.9624772
1555.38,1.9621049
1555.97,1.9617327
1556.56,1.9613609
1557.15,1.9609892
1557.74,1.9606178
1558.33,1.9602466
1558.92,1.9598755
1559.51,1.9595047
1560.1,1.9591341
1560.69,1.9587637
1561.28,1.9583936
1561.87,1.9580235
1562.46,1.9576539
1563.05,1.9572843
1563.64,1.9569149
1564.23,1.9565458
1564.82,1.9561769
1565.41,1.9558082
1566,1.9554397
1566.59,1.9550714
1567.18,1.9547033
1567.77,1.9543355
1568.36,1.9539678
1568.95,1.9536003
1569.54,1.9532331
1570.13,1.952866
1570.72,1.9524993
1571.31,1.9521326
1571.9,1.9517661
1572.49,1.9513999
1573.08,1.9510339
1573.67,1.9506681
1574.26,1.9503026
1574.85,1.9499371
1575.44,1.949572
1576.03,1.9492071
1576.62,1.9488423
1577.21,1.9484777
1577.8,1.9481133
1578.39,1.9477493
1578.98,1.9473853
1579.57,1.9470216
1580.16,1.946658
1580.75,1.9462947
1581.34,1.9459316
1581.93,1.9455686
1582.52,1.9452059
1583.11,1.9448434
1583.7,1.944481
1584.29,1.944119
1584.88,1.9437571
1585.47,1.9433954
1586.06,1.9430338
1586.65,1.9426726
1587.24,1.9423115
1587.83,1.9419506
1588.42,1.9415898
1589.01,1.9412293
1589.6,1.9408691
1590.19,1.940509
1590.78,1.9401491
1591.37,1.9397894
1591.96,1.93943
1592.55,1.9390707
1593.14,1.9387116
1593.73,1.9383527
1594.32,1.937994
1594.91,1.9376355
1595.5,1.9372773
1596.09,1.9369192
1596.68,1.9365613
1597.27,1.9362036
1597.86,1.9358462
1598.45,1.9354889
1599.04,1.9351318
1599.63,1.9347749
1600.22,1.9344182
1600.81,1.9340616
1601.4,1.9337054
1601.99,1.9333494
1602.58,1.9329934
1603.17,1.9326377
1603.76,1.9322822
1604.35,1.9319268
1604.94,1.9315717
1605.53,1.9312168
1606.12,1.9308622
1606.71,1.9305077
1607.3,1.9301533
1607.89,1.9297992
1608.48,1.9294451
1609.07,1.9290915
1609.66,1.928738
1610.25,1.9283845
1610.84,1.9280314
1611.43,1.9276785
1612.02,1.9273257
1612.61,1.9269731
1613.2,1.9266207
1613.79,1.9262686
1614.38,1.9259166
1614.97,1.9255648
1615.56,1.9252132
1616.15,1.9248618
1616.74,1.9245105
1617.33,1.9241595
1617.92,1.9238087
1618.51,1.923458
1619.1,1.9231076
1619.69,1.9227573
1620.28,1.9224073
1620.87,1.9220574
1621.46,1.9217077
1622.05,1.9213582
1622.64,1.9210089
1623.23,1.9206598
1623.82,1.9203109
1624.41,1.9199622
1625,1.9196136
1625.59,1.9192653
1626.18,1.9189171
1626.77,1.9185692
1627.36,1.9182214
1627.95,1.9178737
1628.54,1.9175264
1629.13,1.9171792
1629.72,1.9168321
1630.31,1.9164853
1630.9,1.9161386
1631.49,1.9157922
1632.08,1.9154459
1632.67,1.9150999
1633.26,1.914754
1633.85,1.9144083
1634.44,1.9140629
1635.03,1.9137174
1635.62,1.9133723
1636.21,1.9130273
1636.8,1.9126827
1637.39,1.912338
1637.98,1.9119936
1638.57,1.9116495
1639.16,1.9113054
1639.75,1.9109615
1640.34,1.9106179
1640.93,1.9102745
1641.52,1.9099312
1642.11,1.9095881
1642.7,1.9092453
1643.29,1.9089025
1643.88,1.9085599
1644.47,1.9082177
1645.06,1.9078754
1645.65,1.9075334
1646.24,1.9071916
1646.83,1.9068501
1647.42,1.9065086
1648.01,1.9061674
1648.6,1.9058263
1649.19,1.9054854
1649.78,1.9051448
1650.37,1.9048042
1650.96,1.9044639
1651.55,1.9041237
1652.14,1.9037836
1652.73,1.9034436
1653.32,1.9031038
1653.91,1.9027643
1654.5,1.9024249
1655.09,1.9020857
1655.68,1.9017466
1656.27,1.9014078
1656.86,1.9010692
1657.45,1.9007307
1658.04,1.9003924
1658.63,1.9000543
1659.22,1.8997164
1659.81,1.8993787
1660.4,1.8990412
1660.99,1.8987037
1661.58,1.8983665
1662.17,1.8980294
1662.76,1.8976926
1663.35,1.897356
1663.94,1.8970195
1664.53,1.8966832
1665.12,1.896347
1665.71,1.8960111
1666.3,1.8956753
1666.89,1.8953397
1667.48,1.8950043
1668.07,1.8946691
1668.66,1.894334
1669.25,1.8939991
1669.84,1.8936645
1670.43,1.8933299
1671.02,1.8929956
1671.61,1.8926615
1672.2,1.8923274
1672.79,1.8919936
1673.38,1.89166
1673.97,1.8913265
1674.56,1.8909932
1675.15,1.8906602
1675.74,1.8903272
1676.33,1.8899944
1676.92,1.8896619
1677.51,1.8893294
1678.1,1.8889972
1678.69,1.8886652
1679.28,1.8883333
1679.87,1.8880016
1680.46,1.88767
1681.05,1.8873388
1681.64,1.8870076
1682.23,1.8866765
1682.82,1.8863457
1683.41,1.8860152
1684,1.8856846
1684.59,1.8853543
1685.18,1.8850242
1685.77,1.8846942
1686.36,1.8843645
1686.95,1.8840349
1687.54,1.8837055
1688.13,1.8833762
1688.72,1.8830471
1689.31,1.8827182
1689.9,1.8823894
1690.49,1.8820609
1691.08,1.8817325
1691.67,1.8814043
1692.26,1.8810762
1692.85,1.8807483
1693.44,1.8804206
1694.03,1.8800931
1694.62,1.8797657
1695.21,1.8794385
1695.8,1.8791115
1696.39,1.8787847
1696.98,1.8784579
1697.57,1.8781315
1698.16,1.8778051
1698.75,1.877479
1699.34,1.8771529
1699.93,1.8768271
1700.52,1.8765014
1701.11,1.876176
1701.7,1.8758507
1702.29,1.8755255
1702.88,1.8752005
1703.47,1.8748757
1704.06,1.8745511
1704.65,1.8742266
1705.24,1.8739023
1705.83,1.8735782
1706.42,1.8732542
1707.01,1.8729304
1707.6,1.8726068
1708.19,1.8722833
1708.78,1.87196
1709.37,1.8716369
1709.96,1.8713139
1710.55,1.8709911
1711.14,1.8706685
1711.73,1.8703461
1712.32,1.8700237
1712.91,1.8697016
1713.5,1.8693796
1714.09,1.8690579
1714.68,1.8687363
1715.27,1.8684148
1715.86,1.8680935
1716.45,1.8677723
1717.04,1.8674514
1717.63,1.8671306
1718.22,1.86681
1718.81,1.8664895
1719.4,1.8661692
1719.99,1.8658491
1720.58,1.8655291
1721.17,1.8652093
1721.76,1.8648897
1722.35,1.8645703
1722.94,1.8642509
1723.53,1.8639318
1724.12,1.8636128
1724.71,1.863294
1725.3,1.8629754
1725.89,1.8626568
1726.48,1.8623385
1727.07,1.8620204
1727.66,1.8617023
1728.25,1.8613845
1728.84,1.8610668
1729.43,1.8607494
1730.02,1.860432
1730.61,1.8601148
1731.2,1.8597978
1731.79,1.8594809
1732.38,1.8591642
1732.97,1.8588476
1733.56,1.8585314
1734.15,1.8582151
1734.74,1.8578991
1735.33,1.8575832
1735.92,1.8572674
1736.51,1.8569518
1737.1,1.8566364
1737.69,1.8563212
1738.28,1.8560061
1738.87,1.8556912
1739.46,1.8553765
1740.05,1.8550618
1740.64,1.8547474
1741.23,1.8544331
1741.82,1.8541189
1742.41,1.8538049
1743,1.8534912
1743.59,1.8531775
1744.18,1.852864
1744.77,1.8525507
1745.36,1.8522376
1745.95,1.8519245
1746.54,1.8516117
1747.13,1.851299
1747.72,1.8509865
1748.31,1.8506742
1748.9,1.8503619
1749.49,1.8500499
1750.08,1.849738
1750.67,1.8494263
1751.26,1.8491147
1751.85,1.8488032
1752.44,1.848492
1753.03,1.8481809
1753.62,1.8478699
1754.21,1.8475591
1754.8,1.8472484
1755.39,1.846938
1755.98,1.8466277
1756.57,1.8463175
1757.16,1.8460075
1757.75,1.8456976
1758.34,1.8453879
1758.93,1.8450783
1759.52,1.844769
1760.11,1.8444598
1760.7,1.8441507
1761.29,1.8438418
1761.88,1.843533
1762.47,1.8432244
1763.06,1.8429159
1763.65,1.8426076
1764.24,1.8422995
1764.83,1.8419915
1765.42,1.8416836
1766.01,1.8413759
1766.6,1.8410684
1767.19,1.8407611
1767.78,1.8404539
1768.37,1.8401468
1768.96,1.8398399
1769.55,1.8395331
1770.14,1.8392265
1770.73,1.8389201
1771.32,1.8386137
1771.91,1.8383076
1772.5,1.8380016
1773.09,1.8376958
1773.68,1.8373901
1774.27,1.8370845
1774.86,1.8367792
1775.45,1.8364739
1776.04,1.8361689
1776.63,1.8358639
1777.22,1.8355591
1777.81,1.8352545
1778.4,1.8349501
1778.99,1.8346457
1779.58,1.8343416
1780.17,1.8340377
1780.76,1.8337338
1781.35,1.8334301
1781.94,1.8331264
1782.53,1.832823
1783.12,1.8325198
1783.71,1.8322167
1784.3,1.8319137
1784.89,1.8316109
1785.48,1.8313082
1786.07,1.8310058
1786.66,1.8307034
1787.25,1.8304012
1787.84,1.8300992
1788.43,1.8297973
1789.02,1.8294954
1789.61,1.8291938
1790.2,1.8288924
1790.79,1.8285911
1791.38,1.8282899
1791.97,1.8279889
1792.56,1.8276881
1793.15,1.8273873
1793.74,1.8270868
1794.33,1.8267864
1794.92,1.8264861
1795.51,1.8261859
1796.1,1.825886
1796.69,1.8255862
1797.28,1.8252865
1797.87,1.8249869
1798.46,1.8246876
1799.05,1.8243883
1799.64,1.8240892
1800.23,1.8237903
1800.82,1.8234915
1801.41,1.8231928
1802,1.8228943
1802.59,1.822596
1803.18,1.8222978
1803.77,1.8219998
1804.36,1.8217018
1804.95,1.821404
1805.54,1.8211064
1806.13,1.8208089
1806.72,1.8205116
1807.31,1.8202144
1807.9,1.8199174
1808.49,1.8196205
1809.08,1.8193238
1809.67,1.8190271
1810.26,1.8187307
1810.85,1.8184344
1811.44,1.8181382
1812.03,1.8178421
1812.62,1.8175462
1813.21,1.8172506
1813.8,1.816955
1814.39,1.8166595
1814.98,1.8163642
1815.57,1.816069
1816.16,1.8157741
1816.75,1.8154792
1817.34,1.8151844
1817.93,1.8148898
1818.52,1.8145953
1819.11,1.8143011
1819.7,1.8140069
1820.29,1.813713
1820.88,1.8134191
1821.47,1.8131254
1822.06,1.8128318
1822.65,1.8125383
1823.24,1.812245
1823.83,1.8119519
1824.42,1.8116589
1825.01,1.811366
1825.6,1.8110733
1826.19,1.8107806
1826.78,1.8104882
1827.37,1.8101959
1827.96,1.8099037
1828.55,1.8096117
1829.14,1.8093199
1829.73,1.8090281
1830.32,1.8087366
1830.91,1.8084451
1831.5,1.8081537
1832.09,1.8078625
1832.68,1.8075715
1833.27,1.8072807
1833.86,1.8069899
1834.45,1.8066993
1835.04,1.8064088
1835.63,1.8061185
1836.22,1.8058282
1836.81,1.8055382
1837.4,1.8052483
1837.99,1.8049586
1838.58,1.8046689
1839.17,1.8043795
1839.76,1.80409
1840.35,1.8038008
1840.94,1.8035117
1841.53,1.8032228
1842.12,1.8029341
1842.71,1.8026453
1843.3,1.8023568
1843.89,1.8020685
1844.48,1.8017802
1845.07,1.8014921
1845.66,1.8012042
1846.25,1.8009163
1846.84,1.8006287
1847.43,1.800341
1848.02,1.8000536
1848.61,1.7997664
1849.2,1.7994792
1849.79,1.7991922
1850.38,1.7989054
1850.97,1.7986187
1851.56,1.798332
1852.15,1.7980456
1852.74,1.7977593
1853.33,1.7974731
1853.92,1.797187
1854.51,1.7969011
1855.1,1.7966154
1855.69,1.7963297
1856.28,1.7960442
1856.87,1.7957588
1857.46,1.7954736
1858.05,1.7951885
1858.64,1.7949035
1859.23,1.7946187
1859.82,1.7943341
1860.41,1.7940495
1861,1.7937651
1861.59,1.7934808
1862.18,1.7931967
1862.77,1.7929127
1863.36,1.7926288
1863.95,1.792345
1864.54,1.7920614
1865.13,1.791778
1865.72,1.7914946
1866.31,1.7912115
1866.9,1.7909284
1867.49,1.7906454
1868.08,1.7903626
1868.67,1.79008
1869.26,1.7897974
1869.85,1.789515
1870.44,1.7892327
1871.03,1.7889507
1871.62,1.7886686
1872.21,1.7883868
1872.8,1.788105
1873.39,1.7878234
1873.98,1.787542
1874.57,1.7872607
1875.16,1.7869794
1875.75,1.7866983
1876.34,1.7864175
1876.93,1.7861366
1877.52,1.785856
1878.11,1.7855755
1878.7,1.785295
1879.29,1.7850147
1879.88,1.7847346
1880.47,1.7844546
1881.06,1.7841748
1881.65,1.783895
1882.24,1.7836155
1882.83,1.7833359
1883.42,1.7830566
1884.01,1.7827773
1884.6,1.7824982
1885.19,1.7822193
1885.78,1.7819405
1886.37,1.7816617
1886.96,1.7813833
1887.55,1.7811048
1888.14,1.7808264
1888.73,1.7805483
1889.32,1.7802702
1889.91,1.7799923
1890.5,1.7797146
1891.09,1.7794369
1891.68,1.7791594
1892.27,1.778882
1892.86,1.7786047
1893.45,1.7783276
1894.04,1.7780505
1894.63,1.7777737
1895.22,1.7774969
1895.81,1.7772204
1896.4,1.7769438
1896.99,1.7766675
1897.58,1.7763913
1898.17,1.7761152
1898.76,1.7758392
1899.35,1.7755634
1899.94,1.7752876
1900.53,1.775012
1901.12,1.7747366
1901.71,1.7744613
1902.3,1.774186
1902.89,1.773911
1903.48,1.773636
1904.07,1.7733612
1904.66,1.7730865
1905.25,1.772812
1905.84,1.7725376
1906.43,1.7722632
1907.02,1.7719891
1907.61,1.771715
1908.2,1.771441
1908.79,1.7711673
1909.38,1.7708936
1909.97,1.77062
1910.56,1.7703466
1911.15,1.7700733
1911.74,1.7698002
1912.33,1.7695271
1912.92,1.7692542
1913.51,1.7689815
1914.1,1.7687087
1914.69,1.7684362
1915.28,1.7681638
1915.87,1.7678915
1916.46,1.7676194
1917.05,1.7673473
1917.64,1.7670754
1918.23,1.7668036
1918.82,1.7665319
1919.41,1.7662604
1920,1.7659889
1920.59,1.7657177
1921.18,1.7654467
1921.77,1.7651756
1922.36,1.7649046
1922.95,1.7646339
1923.54,1.7643633
1924.13,1.7640927
1924.72,1.7638223
1925.31,1.763552
1925.9,1.7632818
1926.49,1.7630118
1927.08,1.7627419
1927.67,1.762472
1928.26,1.7622024
1928.85,1.7619328
1929.44,1.7616634
1930.03,1.7613941
1930.62,1.761125
1931.21,1.7608559
1931.8,1.7605871
1932.39,1.7603183
1932.98,1.7600496
1933.57,1.759781
1934.16,1.7595125
1934.75,1.7592442
1935.34,1.7589761
1935.93,1.758708
1936.52,1.75844
1937.11,1.7581723
1937.7,1.7579045
1938.29,1.757637
1938.88,1.7573695
1939.47,1.7571021
1940.06,1.756835
1940.65,1.7565678
1941.24,1.7563009
1941.83,1.756034
1942.42,1.7557673
1943.01,1.7555008
1943.6,1.7552342
1944.19,1.7549679
1944.78,1.7547016
1945.37,1.7544355
1945.96,1.7541696
1946.55,1.7539036
1947.14,1.7536379
1947.73,1.7533723
1948.32,1.7531067
1948.91,1.7528414
1949.5,1.7525761
1950.09,1.752311
1950.68,1.7520459
1951.27,1.751781
1951.86,1.7515162
1952.45,1.7512516
1953.04,1.7509871
1953.63,1.7507225
1954.22,1.7504582
1954.81,1.7501941
1955.4,1.74993
1955.99,1.7496661
1956.58,1.7494022
1957.17,1.7491385
1957.76,1.7488749
1958.35,1.7486115
1958.94,1.7483481
1959.53,1.7480848
1960.12,1.7478218
1960.71,1.7475587
1961.3,1.7472959
1961.89,1.7470331
1962.48,1.7467705
1963.07,1.7465079
1963.66,1.7462455
1964.25,1.7459832
1964.84,1.7457211
1965.43,1.745459
1966.02,1.7451971
1966.61,1.7449353
1967.2,1.7446735
1967.79,1.7444119
1968.38,1.7441505
1968.97,1.7438891
1969.56,1.7436279
1970.15,1.7433668
1970.74,1.7431058
1971.33,1.7428449
1971.92,1.7425842
1972.51,1.7423235
1973.1,1.742063
1973.69,1.7418026
1974.28,1.7415422
1974.87,1.7412821
1975.46,1.741022
1976.05,1.7407621
1976.64,1.7405022
1977.23,1.7402426
1977.82,1.739983
1978.41,1.7397234
1979,1.7394642
1979.59,1.7392049
1980.18,1.7389457
1980.77,1.7386868
1981.36,1.7384279
1981.95,1.7381691
1982.54,1.7379104
1983.13,1.7376518
1983.72,1.7373934
1984.31,1.7371351
1984.9,1.7368768
1985.49,1.7366188
1986.08,1.7363608
1986.67,1.7361029
1987.26,1.7358452
1987.85,1.7355876
1988.44,1.73533
1989.03,1.7350726
1989.62,1.7348154
1990.21,1.7345581
1990.8,1.7343011
1991.39,1.7340442
1991.98,1.7337873
1992.57,1.7335306
1993.16,1.733274
1993.75,1.7330174
1994.34,1.7327611
1994.93,1.7325048
1995.52,1.7322487
1996.11,1.7319927
1996.7,1.7317368
1997.29,1.731481
1997.88,1.7312253
1998.47,1.7309697
1999.06,1.7307142
1999.65,1.7304589
2000.24,1.7302035
2000.83,1.7299484
2001.42,1.7296934
2002.01,1.7294385
2002.6,1.7291837
2003.19,1.728929
2003.78,1.7286745
2004.37,1.72842
2004.96,1.7281657
2005.55,1.7279115
2006.14,1.7276573
2006.73,1.7274033
2007.32,1.7271494
2007.91,1.7268957
2008.5,1.726642
2009.09,1.7263885
2009.68,1.726135
2010.27,1.7258816
2010.86,1.7256284
2011.45,1.7253753
2012.04,1.7251223
2012.63,1.7248694
2013.22,1.7246166
2013.81,1.7243639
2014.4,1.7241114
2014.99,1.723859
2015.58,1.7236066
2016.17,1.7233543
2016.76,1.7231023
2017.35,1.7228503
2017.94,1.7225984
2018.53,1.7223465
2019.12,1.7220949
2019.71,1.7218434
2020.3,1.7215919
2020.89,1.7213405
2021.48,1.7210894
2022.07,1.7208382
2022.66,1.7205871
2023.25,1.7203363
2023.84,1.7200855
2024.43,1.7198348
2025.02,1.7195842
2025.61,1.7193338
2026.2,1.7190834
2026.79,1.7188332
2027.38,1.718583
2027.97,1.718333
2028.56,1.7180831
2029.15,1.7178333
2029.74,1.7175835
2030.33,1.717334
2030.92,1.7170845
2031.51,1.7168351
2032.1,1.7165859
2032.69,1.7163367
2033.28,1.7160877
2033.87,1.7158387
2034.46,1.7155899
2035.05,1.7153412
2035.64,1.7150925
2036.23,1.714844
2036.82,1.7145956
2037.41,1.7143474
2038,1.7140992
2038.59,1.7138511
2039.18,1.7136031
2039.77,1.7133552
2040.36,1.7131075
2040.95,1.7128599
2041.54,1.7126123
2042.13,1.7123649
2042.72,1.7121176
2043.31,1.7118703
2043.9,1.7116232
2044.49,1.7113762
2045.08,1.7111293
2045.67,1.7108825
2046.26,1.7106358
2046.85,1.7103893
2047.44,1.7101427
2048.03,1.7098964
2048.62,1.7096502
2049.21,1.709404
2049.8,1.7091579
2050.39,1.708912
2050.98,1.7086662
2051.57,1.7084205
2052.16,1.7081748
2052.75,1.7079293
2053.34,1.7076839
2053.93,1.7074386
2054.52,1.7071934
2055.11,1.7069483
2055.7,1.7067033
2056.29,1.7064584
2056.88,1.7062137
2057.47,1.705969
2058.06,1.7057245
2058.65,1.70548
2059.24,1.7052356
2059.83,1.7049915
2060.42,1.7047472
2061.01,1.7045032
2061.6,1.7042593
2062.19,1.7040154
2062.78,1.7037717
2063.37,1.703528
2063.96,1.7032846
2064.55,1.7030412
2065.14,1.7027978
2065.73,1.7025546
2066.32,1.7023115
2066.91,1.7020686
2067.5,1.7018256
2068.09,1.7015828
2068.68,1.7013402
2069.27,1.7010976
2069.86,1.7008551
2070.45,1.7006128
2071.04,1.7003704
2071.63,1.7001283
2072.22,1.6998862
2072.81,1.6996443
2073.4,1.6994025
2073.99,1.6991607
2074.58,1.6989191
2075.17,1.6986775
2075.76,1.698436
2076.35,1.6981947
2076.94,1.6979535
2077.53,1.6977123
2078.12,1.6974713
2078.71,1.6972303
2079.3,1.6969895
2079.89,1.6967489
2080.48,1.6965082
2081.07,1.6962677
2081.66,1.6960273
2082.25,1.695787
2082.84,1.6955467
2083.43,1.6953067
2084.02,1.6950666
2084.61,1.6948267
2085.2,1.6945869
2085.79,1.6943471
2086.38,1.6941075
2086.97,1.693868
2087.56,1.6936287
2088.15,1.6933894
2088.74,1.6931502
2089.33,1.6929111
2089.92,1.6926721
2090.51,1.6924332
2091.1,1.6921945
2091.69,1.6919558
2092.28,1.6917171
2092.87,1.6914786
2093.46,1.6912403
2094.05,1.691002
2094.64,1.6907638
2095.23,1.6905257
2095.82,1.6902877
2096.41,1.6900499
2097,1.6898121
2097.59,1.6895744
2098.18,1.6893368
2098.77,1.6890993
2099.36,1.688862
2099.95,1.6886246
2100.54,1.6883875
2101.13,1.6881504
2101.72,1.6879134
2102.31,1.6876764
2102.9,1.6874397
2103.49,1.687203
2104.08,1.6869664
2104.67,1.6867299
2105.26,1.6864935
2105.85,1.6862572
2106.44,1.6860211
2107.03,1.6857851
2107.62,1.685549
2108.21,1.6853131
2108.8,1.6850773
2109.39,1.6848416
2109.98,1.6846061
2110.57,1.6843705
2111.16,1.6841352
2111.75,1.6838999
2112.34,1.6836647
2112.93,1.6834296
2113.52,1.6831946
2114.11,1.6829597
2114.7,1.6827248
2115.29,1.6824902
2115.88,1.6822555
2116.47,1.682021
2117.06,1.6817867
2117.65,1.6815523
2118.24,1.6813182
2118.83,1.6810839
2119.42,1.68085
2120.01,1.680616
2120.6,1.6803823
2121.19,1.6801485
2121.78,1.6799148
2122.37,1.6796813
2122.96,1.6794479
2123.55,1.6792146
2124.14,1.6789813
2124.73,1.6787481
2125.32,1.6785151
2125.91,1.6782823
2126.5,1.6780493
2127.09,1.6778165
2127.68,1.6775839
2128.27,1.6773514
2128.86,1.6771189
2129.45,1.6768866
2130.04,1.6766542
2130.63,1.6764221
2131.22,1.67619
2131.81,1.675958
2132.4,1.6757262
2132.99,1.6754943
2133.58,1.6752627
2134.17,1.6750311
2134.76,1.6747996
2135.35,1.6745682
2135.94,1.6743369
2136.53,1.6741056
2137.12,1.6738746
2137.71,1.6736435
2138.3,1.6734126
2138.89,1.6731818
2139.48,1.672951
2140.07,1.6727203
2140.66,1.6724899
2141.25,1.6722593
2141.84,1.672029
2142.43,1.6717988
2143.02,1.6715686
2143.61,1.6713386
2144.2,1.6711086
2144.79,1.6708786
2145.38,1.6706489
2145.97,1.6704192
2146.56,1.6701896
2147.15,1.6699601
2147.74,1.6697308
2148.33,1.6695014
2148.92,1.6692722
2149.51,1.6690431
2150.1,1.6688141
2150.69,1.6685851
2151.28,1.6683563
2151.87,1.6681275
2152.46,1.6678989
2153.05,1.6676704
2153.64,1.6674418
2154.23,1.6672136
2154.82,1.6669853
2155.41,1.6667571
2156,1.6665289
2156.59,1.666301
2157.18,1.6660731
2157.77,1.6658453
2158.36,1.6656176
2158.95,1.66539
2159.54,1.6651624
2160.13,1.664935
2160.72,1.6647077
2161.31,1.6644804
2161.9,1.6642532
2162.49,1.6640263
2163.08,1.6637993
2163.67,1.6635724
2164.26,1.6633456
2164.85,1.6631188
2165.44,1.6628923
2166.03,1.6626658
2166.62,1.6624393
2167.21,1.6622131
2167.8,1.6619868
2168.39,1.6617607
2168.98,1.6615347
2169.57,1.6613088
2170.16,1.6610829
2170.75,1.6608572
2171.34,1.6606314
2171.93,1.6604059
2172.52,1.6601803
2173.11,1.659955
2173.7,1.6597297
2174.29,1.6595044
2174.88,1.6592793
2175.47,1.6590543
2176.06,1.6588295
2176.65,1.6586045
2177.24,1.6583798
2177.83,1.6581551
2178.42,1.6579306
2179.01,1.657706
2179.6,1.6574817
2180.19,1.6572574
2180.78,1.6570332
2181.37,1.6568091
2181.96,1.6565851
2182.55,1.6563611
2183.14,1.6561372
2183.73,1.6559135
2184.32,1.6556898
2184.91,1.6554663
2185.5,1.6552428
2186.09,1.6550194
2186.68,1.6547961
2187.27,1.654573
2187.86,1.6543498
2188.45,1.6541268
2189.04,1.6539038
2189.63,1.653681
2190.22,1.6534582
2190.81,1.6532356
2191.4,1.653013
2191.99,1.6527905
2192.58,1.6525681
2193.17,1.6523458
2193.76,1.6521236
2194.35,1.6519015
2194.94,1.6516794
2195.53,1.6514574
2196.12,1.6512356
2196.71,1.6510139
2197.3,1.6507922
2197.89,1.6505706
2198.48,1.650349
2199.07,1.6501276
2199.66,1.6499064
2200.25,1.6496851
2200.84,1.649464
2201.43,1.6492429
2202.02,1.649022
2202.61,1.6488011
2203.2,1.6485803
2203.79,1.6483595
2204.38,1.648139
2204.97,1.6479185
2205.56,1.647698
2206.15,1.6474777
2206.74,1.6472574
2207.33,1.6470373
2207.92,1.6468172
2208.51,1.6465971
2209.1,1.6463772
2209.69,1.6461575
2210.28,1.6459377
2210.87,1.6457181
2211.46,1.6454985
2212.05,1.645279
2212.64,1.6450597
2213.23,1.6448405
2213.82,1.6446213
2214.41,1.6444021
2215,1.6441832
2215.59,1.6439642
2216.18,1.6437453
2216.77,1.6435266
2217.36,1.6433079
2217.95,1.6430893
2218.54,1.6428708
2219.13,1.6426524
2219.72,1.6424341
2220.31,1.6422158
2220.9,1.6419977
2221.49,1.6417797
2222.08,1.6415616
2222.67,1.6413437
2223.26,1.6411259
2223.85,1.6409082
2224.44,1.6406906
2225.03,1.640473
2225.62,1.6402556
2226.21,1.6400383
2226.8,1.6398209
2227.39,1.6396037
2227.98,1.6393867
2228.57,1.6391696
2229.16,1.6389527
2229.75,1.6387359
2230.34,1.638519
2230.93,1.6383024
2231.52,1.6380857
2232.11,1.6378692
2232.7,1.6376529
2233.29,1.6374365
2233.88,1.6372203
2234.47,1.6370041
2235.06,1.636788
2235.65,1.6365721
2236.24,1.6363561
2236.83,1.6361403
2237.42,1.6359246
2238.01,1.6357089
2238.6,1.6354934
2239.19,1.6352779
2239.78,1.6350626
2240.37,1.6348472
2240.96,1.634632
2241.55,1.6344168
2242.14,1.6342018
2242.73,1.6339868
2243.32,1.6337719
2243.91,1.6335571
2244.5,1.6333424
2245.09,1.6331278
2245.68,1.6329132
2246.27,1.6326988
2246.86,1.6324844
2247.45,1.6322702
2248.04,1.632056
2248.63,1.6318418
2249.22,1.6316278
2249.81,1.6314138
2250.4,1.6312
2250.99,1.6309862
2251.58,1.6307725
2252.17,1.6305588
2252.76,1.6303453
2253.35,1.6301318
2253.94,1.6299185
2254.53,1.6297052
2255.12,1.629492
2255.71,1.6292789
2256.3,1.6290659
2256.89,1.628853
2257.48,1.6286402
2258.07,1.6284274
2258.66,1.6282146
2259.25,1.628002
2259.84,1.6277895
2260.43,1.6275771
2261.02,1.6273646
2261.61,1.6271524
2262.2,1.6269403
2262.79,1.6267282
2263.38,1.6265161
2263.97,1.6263041
2264.56,1.6260923
2265.15,1.6258805
2265.74,1.6256688
2266.33,1.6254572
2266.92,1.6252457
2267.51,1.6250342
2268.1,1.6248229
2268.69,1.6246116
2269.28,1.6244004
2269.87,1.6241893
2270.46,1.6239783
2271.05,1.6237673
2271.64,1.6235564
2272.23,1.6233456
2272.82,1.623135
2273.41,1.6229243
2274,1.6227138
2274.59,1.6225033
2275.18,1.622293
2275.77,1.6220826
2276.36,1.6218724
2276.95,1.6216623
2277.54,1.6214522
2278.13,1.6212423
2278.72,1.6210324
2279.31,1.6208225
2279.9,1.6206129
2280.49,1.6204033
2281.08,1.6201937
2281.67,1.6199841
2282.26,1.6197748
2282.85,1.6195655
2283.44,1.6193563
2284.03,1.6191471
2284.62,1.6189381
2285.21,1.6187291
2285.8,1.6185201
2286.39,1.6183113
2286.98,1.6181026
2287.57,1.6178939
2288.16,1.6176853
2288.75,1.6174768
2289.34,1.6172684
2289.93,1.6170601
2290.52,1.6168518
2291.11,1.6166437
2291.7,1.6164355
2292.29,1.6162275
2292.88,1.6160196
2293.47,1.6158117
2294.06,1.6156039
2294.65,1.6153963
2295.24,1.6151886
2295.83,1.6149811
2296.42,1.6147736
2297.01,1.6145662
2297.6,1.614359
2298.19,1.6141517
2298.78,1.6139446
2299.37,1.6137376
2299.96,1.6135306
2300.55,1.6133237
2301.14,1.6131169
2301.73,1.6129102
2302.32,1.6127034
2302.91,1.6124969
2303.5,1.6122904
2304.09,1.612084
2304.68,1.6118776
2305.27,1.6116714
2305.86,1.6114652
2306.45,1.6112591
2307.04,1.6110531
2307.63,1.6108471
2308.22,1.6106412
2308.81,1.6104355
2309.4,1.6102298
2309.99,1.6100242
2310.58,1.6098186
2311.17,1.6096132
2311.76,1.6094078
2312.35,1.6092024
2312.94,1.6089972
2313.53,1.6087921
2314.12,1.608587
2314.71,1.608382
2315.3,1.6081771
2315.89,1.6079723
2316.48,1.6077675
2317.07,1.6075628
2317.66,1.6073582
2318.25,1.6071537
2318.84,1.6069492
2319.43,1.6067449
2320.02,1.6065406
2320.61,1.6063364
2321.2,1.6061321
2321.79,1.6059282
2322.38,1.6057242
2322.97,1.6055202
2323.56,1.6053165
2324.15,1.6051128
2324.74,1.6049091
2325.33,1.6047055
2325.92,1.604502
2326.51,1.6042985
2327.1,1.6040952
2327.69,1.603892
2328.28,1.6036887
2328.87,1.6034856
2329.46,1.6032826
2330.05,1.6030796
2330.64,1.6028767
2331.23,1.6026739
2331.82,1.6024711
2332.41,1.6022685
2333,1.6020659
2333.59,1.6018634
2334.18,1.601661
2334.77,1.6014585
2335.36,1.6012564
2335.95,1.6010541
2336.54,1.600852
2337.13,1.60065
2337.72,1.600448
2338.31,1.6002461
2338.9,1.6000444
2339.49,1.5998425
2340.08,1.5996408
2340.67,1.5994394
2341.26,1.5992378
2341.85,1.5990365
2342.44,1.598835
2343.03,1.5986338
2343.62,1.5984325
2344.21,1.5982314
2344.8,1.5980303
2345.39,1.5978293
2345.98,1.5976285
2346.57,1.5974276
2347.16,1.597227
2347.75,1.5970262
2348.34,1.5968257
2348.93,1.5966251
2349.52,1.5964247
2350.11,1.5962243
2350.7,1.596024
2351.29,1.5958239
2351.88,1.5956237
2352.47,1.5954237
2353.06,1.5952237
2353.65,1.5950238
2354.24,1.594824
2354.83,1.5946242
2355.42,1.5944245
2356.01,1.5942248
2356.6,1.5940254
2357.19,1.5938259
2357.78,1.5936265
2358.37,1.5934272
2358.96,1.5932279
2359.55,1.5930288
2360.14,1.5928297
2360.73,1.5926306
2361.32,1.5924318
2361.91,1.5922328
2362.5,1.5920341
2363.09,1.5918354
2363.68,1.5916368
2364.27,1.5914382
2364.86,1.5912397
2365.45,1.5910412
2366.04,1.5908428
2366.63,1.5906444
2367.22,1.5904461
2367.81,1.5902479
2368.4,1.5900497
2368.99,1.5898516
2369.58,1.5896537
2370.17,1.5894558
2370.76,1.589258
2371.35,1.5890601
2371.94,1.5888624
2372.53,1.5886648
2373.12,1.5884672
2373.71,1.5882697
2374.3,1.5880723
2374.89,1.587875
2375.48,1.5876777
2376.07,1.5874807
2376.66,1.5872835
2377.25,1.5870864
2377.84,1.5868895
2378.43,1.5866926
2379.02,1.5864958
2379.61,1.5862991
2380.2,1.5861024
2380.79,1.5859058
2381.38,1.5857092
2381.97,1.5855128
2382.56,1.5853164
2383.15,1.5851201
2383.74,1.5849239
2384.33,1.5847276
2384.92,1.5845317
2385.51,1.5843356
2386.1,1.5841397
2386.69,1.5839438
2387.28,1.583748
2387.87,1.5835522
2388.46,1.5833566
2389.05,1.583161
2389.64,1.5829655
2390.23,1.5827701
2390.82,1.5825748
2391.41,1.5823795
2392,1.5821842
2392.59,1.5819892
2393.18,1.581794
2393.77,1.581599
2394.36,1.5814042
2394.95,1.5812092
2395.54,1.5810145
2396.13,1.5808197
2396.72,1.5806252
2397.31,1.5804306
2397.9,1.5802361
2398.49,1.5800416
2399.08,1.5798473
2399.67,1.579653
2400.26,1.5794588
2400.85,1.5792646
2401.44,1.5790706
2402.03,1.5788766
2402.62,1.5786827
2403.21,1.5784888
2403.8,1.5782951
2404.39,1.5781014
2404.98,1.5779078
2405.57,1.5777142
2406.16,1.5775207
2406.75,1.5773273
2407.34,1.5771339
2407.93,1.5769407
2408.52,1.5767474
2409.11,1.5765543
2409.7,1.5763613
2410.29,1.5761683
2410.88,1.5759754
2411.47,1.5757825
2412.06,1.5755898
2412.65,1.575397
2413.24,1.5752044
2413.83,1.5750118
2414.42,1.5748193
2415.01,1.5746269
2415.6,1.5744345
2416.19,1.5742422
2416.78,1.5740501
2417.37,1.5738579
2417.96,1.5736659
2418.55,1.5734738
2419.14,1.5732819
2419.73,1.5730901
2420.32,1.5728983
2420.91,1.5727065
2421.5,1.5725149
2422.09,1.5723233
2422.68,1.5721319
2423.27,1.5719404
2423.86,1.571749
2424.45,1.5715578
2425.04,1.5713665
2425.63,1.5711753
2426.22,1.5709842
2426.81,1.5707932
2427.4,1.5706023
2427.99,1.5704114
2428.58,1.5702206
2429.17,1.5700299
2429.76,1.5698391
2430.35,1.5696486
2430.94,1.569458
2431.53,1.5692675
2432.12,1.5690771
2432.71,1.5688869
2433.3,1.5686966
2433.89,1.5685065
2434.48,1.5683162
2435.07,1.5681262
2435.66,1.5679363
2436.25,1.5677464
2436.84,1.5675565
2437.43,1.5673668
2438.02,1.5671771
2438.61,1.5669875
2439.2,1.5667979
2439.79,1.5666083
2440.38,1.566419
2440.97,1.5662297
2441.56,1.5660404
2442.15,1.5658511
2442.74,1.5656619
2443.33,1.5654728
2443.92,1.5652839
2444.51,1.5650949
2445.1,1.564906
2445.69,1.5647173
2446.28,1.5645286
2446.87,1.5643399
2447.46,1.5641513
2448.05,1.5639627
2448.64,1.5637743
2449.23,1.5635859
2449.82,1.5633975
2450.41,1.5632093
2451,1.5630211
2451.59,1.562833
2452.18,1.562645
2452.77,1.562457
2453.36,1.5622691
2453.95,1.5620812
2454.54,1.5618935
2455.13,1.5617057
2455.72,1.5615181
2456.31,1.5613304
2456.9,1.5611429
2457.49,1.5609555
2458.08,1.5607681
2458.67,1.5605808
2459.26,1.5603936
2459.85,1.5602064
2460.44,1.5600194
2461.03,1.5598323
2461.62,1.5596453
2462.21,1.5594584
2462.8,1.5592716
2463.39,1.5590849
2463.98,1.5588982
2464.57,1.5587115
2465.16,1.558525
2465.75,1.5583385
2466.34,1.558152
2466.93,1.5579656
2467.52,1.5577793
2468.11,1.5575931
2468.7,1.5574069
2469.29,1.5572208
2469.88,1.5570349
2470.47,1.5568489
2471.06,1.556663
2471.65,1.5564772
2472.24,1.5562913
2472.83,1.5561057
2473.42,1.5559201
2474.01,1.5557345
2474.6,1.555549
2475.19,1.5553637
2475.78,1.5551783
2476.37,1.5549929
2476.96,1.5548077
2477.55,1.5546225
2478.14,1.5544375
2478.73,1.5542524
2479.32,1.5540675
2479.91,1.5538826
2480.5,1.5536977
2481.09,1.5535129
2481.68,1.5533283
2482.27,1.5531436
2482.86,1.5529591
2483.45,1.5527745
2484.04,1.5525901
2484.63,1.5524058
2485.22,1.5522214
2485.81,1.5520372
2486.4,1.5518531
2486.99,1.551669
2487.58,1.5514849
2488.17,1.551301
2488.76,1.5511171
2489.35,1.5509332
2489.94,1.5507494
2490.53,1.5505657
2491.12,1.5503821
2491.71,1.5501986
2492.3,1.550015
2492.89,1.5498315
2493.48,1.5496482
2494.07,1.5494648
2494.66,1.5492816
2495.25,1.5490985
2495.84,1.5489153
2496.43,1.5487323
2497.02,1.5485493
2497.61,1.5483663
2498.2,1.5481834
2498.79,1.5480007
2499.38,1.5478179
2499.97,1.5476353
2500.56,1.5474527
2501.15,1.5472702
2501.74,1.5470877
2502.33,1.5469053
2502.92,1.546723
2503.51,1.5465406
2504.1,1.5463585
2504.69,1.5461763
2505.28,1.5459943
2505.87,1.5458122
2506.46,1.5456302
2507.05,1.5454483
2507.64,1.5452665
2508.23,1.5450848
2508.82,1.5449032
2509.41,1.5447215
2510,1.5445399
2510.59,1.5443584
2511.18,1.5441769
2511.77,1.5439956
2512.36,1.5438143
2512.95,1.5436331
2513.54,1.5434518
2514.13,1.5432707
2514.72,1.5430896
2515.31,1.5429087
2515.9,1.5427278
2516.49,1.5425469
2517.08,1.5423661
2517.67,1.5421853
2518.26,1.5420047
2518.85,1.5418241
2519.44,1.5416435
2520.03,1.541463
2520.62,1.5412827
2521.21,1.5411023
2521.8,1.540922
2522.39,1.5407418
2522.98,1.5405617
2523.57,1.5403816
2524.16,1.5402014
2524.75,1.5400215
2525.34,1.5398417
2525.93,1.5396618
2526.52,1.539482
2527.11,1.5393022
2527.7,1.5391226
2528.29,1.5389431
2528.88,1.5387635
2529.47,1.538584
2530.06,1.5384046
2530.65,1.5382253
2531.24,1.538046
2531.83,1.5378668
2532.42,1.5376877
2533.01,1.5375086
2533.6,1.5373296
2534.19,1.5371506
2534.78,1.5369717
2535.37,1.5367929
2535.96,1.5366141
2536.55,1.5364354
2537.14,1.5362568
2537.73,1.5360782
2538.32,1.5358996
2538.91,1.5357212
2539.5,1.5355427
2540.09,1.5353644
2540.68,1.5351862
2541.27,1.535008
2541.86,1.5348299
2542.45,1.5346518
2543.04,1.5344737
2543.63,1.5342957
2544.22,1.5341179
2544.81,1.5339401
2545.4,1.5337622
2545.99,1.5335846
2546.58,1.5334069
2547.17,1.5332294
2547.76,1.5330517
2548.35,1.5328743
2548.94,1.532697
2549.53,1.5325196
2550.12,1.5323423
2550.71,1.5321651
2551.3,1.531988
2551.89,1.5318109
2552.48,1.5316339
2553.07,1.5314568
2553.66,1.5312799
2554.25,1.5311031
2554.84,1.5309263
2555.43,1.5307496
2556.02,1.5305729
2556.61,1.5303963
2557.2,1.5302198
2557.79,1.5300434
2558.38,1.5298669
2558.97,1.5296905
2559.56,1.5295143
2560.15,1.529338
2560.74,1.5291619
2561.33,1.5289857
2561.92,1.5288097
2562.51,1.5286337
2563.1,1.5284578
2563.69,1.5282819
2564.28,1.5281061
2564.87,1.5279304
2565.46,1.5277547
2566.05,1.5275791
2566.64,1.5274035
2567.23,1.527228
2567.82,1.5270526
2568.41,1.5268773
2569,1.5267019
2569.59,1.5265267
2570.18,1.5263515
2570.77,1.5261763
2571.36,1.5260013
2571.95,1.5258262
2572.54,1.5256513
2573.13,1.5254763
2573.72,1.5253016
2574.31,1.5251268
2574.9,1.5249521
2575.49,1.5247775
2576.08,1.5246029
2576.67,1.5244284
2577.26,1.5242538
2577.85,1.5240794
2578.44,1.5239052
2579.03,1.5237309
2579.62,1.5235566
2580.21,1.5233824
2580.8,1.5232083
2581.39,1.5230343
2581.98,1.5228603
2582.57,1.5226864
2583.16,1.5225124
2583.75,1.5223386
2584.34,1.5221649
2584.93,1.5219913
2585.52,1.5218177
2586.11,1.521644
2586.7,1.5214705
2587.29,1.5212971
2587.88,1.5211238
2588.47,1.5209504
2589.06,1.5207771
2589.65,1.5206039
2590.24,1.5204308
2590.83,1.5202577
2591.42,1.5200846
2592.01,1.5199116
2592.6,1.5197388
2593.19,1.5195659
2593.78,1.5193931
2594.37,1.5192204
2594.96,1.5190477
2595.55,1.5188751
2596.14,1.5187025
2596.73,1.51853
2597.32,1.5183576
2597.91,1.5181853
2598.5,1.5180129
2599.09,1.5178406
2599.68,1.5176684
2600.27,1.5174963
2600.86,1.5173242
2601.45,1.5171522
2602.04,1.5169803
2602.63,1.5168083
2603.22,1.5166365
2603.81,1.5164647
2604.4,1.5162929
2604.99,1.5161213
2605.58,1.5159496
2606.17,1.5157781
2606.76,1.5156066
2607.35,1.5154351
2607.94,1.5152638
2608.53,1.5150925
2609.12,1.5149212
2609.71,1.51475
2610.3,1.5145788
2610.89,1.5144078
2611.48,1.5142367
2612.07,1.5140659
2612.66,1.5138949
2613.25,1.5137241
2613.84,1.5135533
2614.43,1.5133824
2615.02,1.5132118
2615.61,1.5130413
2616.2,1.5128707
2616.79,1.5127002
2617.38,1.5125297
2617.97,1.5123593
2618.56,1.512189
2619.15,1.5120187
2619.74,1.5118486
2620.33,1.5116783
2620.92,1.5115082
2621.51,1.5113382
2622.1,1.5111682
2622.69,1.5109982
2623.28,1.5108284
2623.87,1.5106586
2624.46,1.5104889
2625.05,1.5103192
2625.64,1.5101495
2626.23,1.50998
2626.82,1.5098104
2627.41,1.5096409
2628,1.5094715
2628.59,1.5093023
2629.18,1.509133
2629.77,1.5089637
2630.36,1.5087945
2630.95,1.5086253
2631.54,1.508456
2632.13,1.508287
2632.72,1.5081178
2633.31,1.5079488
2633.9,1.5077798
2634.49,1.5076109
2635.08,1.507442
2635.67,1.5072732
2636.26,1.5071045
2636.85,1.5069357
2637.44,1.5067672
2638.03,1.5065986
2638.62,1.50643
2639.21,1.5062616
2639.8,1.5060931
2640.39,1.5059248
2640.98,1.5057565
2641.57,1.5055883
2642.16,1.5054202
2642.75,1.505252
2643.34,1.5050839
2643.93,1.504916
2644.52,1.504748
2645.11,1.5045801
2645.7,1.5044123
2646.29,1.5042444
2646.88,1.5040767
2647.47,1.503909
2648.06,1.5037414
2648.65,1.5035739
2649.24,1.5034064
2649.83,1.5032389
2650.42,1.5030715
2651.01,1.5029042
2651.6,1.5027369
2652.19,1.5025697
2652.78,1.5024025
2653.37,1.5022354
2653.96,1.5020684
2654.55,1.5019014
2655.14,1.5017345
2655.73,1.5015676
2656.32,1.5014007
2656.91,1.5012339
2657.5,1.5010672
2658.09,1.5009006
2658.68,1.500734
2659.27,1.5005674
2659.86,1.5004009
2660.45,1.5002345
2661.04,1.5000681
2661.63,1.4999018
2662.22,1.4997356
2662.81,1.4995693
2663.4,1.4994031
2663.99,1.4992371
2664.58,1.499071
2665.17,1.4989049
2665.76,1.498739
2666.35,1.4985732
2666.94,1.4984074
2667.53,1.4982415
2668.12,1.4980758
2668.71,1.4979103
2669.3,1.4977446
2669.89,1.497579
2670.48,1.4974135
2671.07,1.4972482
2671.66,1.4970827
2672.25,1.4969174
2672.84,1.4967521
2673.43,1.4965869
2674.02,1.4964217
2674.61,1.4962566
2675.2,1.4960916
2675.79,1.4959265
2676.38,1.4957616
2676.97,1.4955966
2677.56,1.4954319
2678.15,1.4952672
2678.74,1.4951023
2679.33,1.4949377
2679.92,1.494773
2680.51,1.4946085
2681.1,1.494444
2681.69,1.4942795
2682.28,1.4941151
2682.87,1.4939508
2683.46,1.4937865
2684.05,1.4936223
2684.64,1.4934582
2685.23,1.493294
2685.82,1.49313
2686.41,1.4929659
2687,1.4928019
2687.59,1.492638
2688.18,1.4924741
2688.77,1.4923104
2689.36,1.4921466
2689.95,1.4919829
2690.54,1.4918193
2691.13,1.4916557
2691.72,1.4914922
2692.31,1.4913287
2692.9,1.4911653
2693.49,1.4910018
2694.08,1.4908386
2694.67,1.4906753
2695.26,1.4905121
2695.85,1.4903489
2696.44,1.490186
2697.03,1.4900229
2697.62,1.4898598
2698.21,1.4896969
2698.8,1.489534
2699.39,1.4893712
2699.98,1.4892085
2700.57,1.4890457
2701.16,1.488883
2701.75,1.4887204
2702.34,1.4885579
2702.93,1.4883953
2703.52,1.4882329
2704.11,1.4880705
2704.7,1.4879081
2705.29,1.4877459
2705.88,1.4875836
2706.47,1.4874215
2707.06,1.4872594
2707.65,1.4870973
2708.24,1.4869353
2708.83,1.4867733
2709.42,1.4866114
2710.01,1.4864495
2710.6,1.4862877
2711.19,1.4861259
2711.78,1.4859642
2712.37,1.4858025
2712.96,1.485641
2713.55,1.4854795
2714.14,1.4853179
2714.73,1.4851565
2715.32,1.4849951
2715.91,1.4848338
2716.5,1.4846724
2717.09,1.4845113
2717.68,1.4843501
2718.27,1.484189
2718.86,1.4840279
2719.45,1.4838669
2720.04,1.4837059
2720.63,1.4835451
2721.22,1.4833841
2721.81,1.4832234
2722.4,1.4830626
2722.99,1.4829019
2723.58,1.4827412
2724.17,1.4825807
2724.76,1.4824201
2725.35,1.4822596
2725.94,1.4820992
2726.53,1.4819388
2727.12,1.4817785
2727.71,1.4816182
2728.3,1.4814579
2728.89,1.4812977
2729.48,1.4811376
2730.07,1.4809777
2730.66,1.4808176
2731.25,1.4806576
2731.84,1.4804977
2732.43,1.4803379
2733.02,1.480178
2733.61,1.4800183
2734.2,1.4798585
2734.79,1.4796989
2735.38,1.4795393
2735.97,1.4793798
2736.56,1.4792203
2737.15,1.4790608
2737.74,1.4789014
2738.33,1.4787421
2738.92,1.4785827
2739.51,1.4784236
2740.1,1.4782643
2740.69,1.4781053
2741.28,1.4779462
2741.87,1.4777871
2742.46,1.4776281
2743.05,1.4774692
2743.64,1.4773104
2744.23,1.4771515
2744.82,1.4769927
2745.41,1.4768341
2746,1.4766754
2746.59,1.4765167
2747.18,1.4763582
2747.77,1.4761996
2748.36,1.4760412
2748.95,1.4758828
2749.54,1.4757245
2750.13,1.4755661
2750.72,1.4754078
2751.31,1.4752496
2751.9,1.4750915
2752.49,1.4749334
2753.08,1.4747753
2753.67,1.4746174
2754.26,1.4744594
2754.85,1.4743016
2755.44,1.4741436
2756.03,1.4739859
2756.62,1.4738281
2757.21,1.4736704
2757.8,1.4735128
2758.39,1.4733552
2758.98,1.4731976
2759.57,1.4730401
2760.16,1.4728827
2760.75,1.4727254
2761.34,1.472568
2761.93,1.4724107
2762.52,1.4722534
2763.11,1.4720963
2763.7,1.4719391
2764.29,1.4717821
2764.88,1.4716251
2765.47,1.4714681
2766.06,1.4713111
2766.65,1.4711542
2767.24,1.4709973
2767.83,1.4708406
2768.42,1.4706839
2769.01,1.4705273
2769.6,1.4703707
2770.19,1.470214
2770.78,1.4700575
2771.37,1.469901
2771.96,1.4697446
2772.55,1.4695882
2773.14,1.4694319
2773.73,1.4692756
2774.32,1.4691194
2774.91,1.4689631
2775.5,1.4688071
2776.09,1.4686511
2776.68,1.468495
2777.27,1.468339
2777.86,1.468183
2778.45,1.4680272
2779.04,1.4678714
2779.63,1.4677156
2780.22,1.4675599
2780.81,1.4674042
2781.4,1.4672486
2781.99,1.467093
2782.58,1.4669375
2783.17,1.4667821
2783.76,1.4666266
2784.35,1.4664713
2784.94,1.4663159
2785.53,1.4661607
2786.12,1.4660054
2786.71,1.4658502
2787.3,1.4656951
2787.89,1.4655401
2788.48,1.465385
2789.07,1.4652301
2789.66,1.4650751
2790.25,1.4649203
2790.84,1.4647654
2791.43,1.4646107
2792.02,1.4644558
2792.61,1.4643012
2793.2,1.4641466
2793.79,1.463992
2794.38,1.4638375
2794.97,1.463683
2795.56,1.4635286
2796.15,1.4633743
2796.74,1.4632199
2797.33,1.4630656
2797.92,1.4629114
2798.51,1.4627571
2799.1,1.4626031
2799.69,1.462449
2800.28,1.4622949
2800.87,1.4621409
2801.46,1.461987
2802.05,1.461833
2802.64,1.4616792
2803.23,1.4615254
2803.82,1.4613717
2804.41,1.461218
2805,1.4610643
2805.59,1.4609108
2806.18,1.4607573
2806.77,1.4606037
2807.36,1.4604503
2807.95,1.4602969
2808.54,1.4601436
2809.13,1.4599903
2809.72,1.459837
2810.31,1.4596838
2810.9,1.4595306
2811.49,1.4593775
2812.08,1.4592245
2812.67,1.4590714
2813.26,1.4589185
2813.85,1.4587656
2814.44,1.4586127
2815.03,1.4584599
2815.62,1.4583071
2816.21,1.4581544
2816.8,1.4580017
2817.39,1.457849
2817.98,1.4576966
2818.57,1.457544
2819.16,1.4573915
2819.75,1.457239
2820.34,1.4570867
2820.93,1.4569343
2821.52,1.4567821
2822.11,1.4566299
2822.7,1.4564776
2823.29,1.4563255
2823.88,1.4561734
2824.47,1.4560214
2825.06,1.4558693
2825.65,1.4557174
2826.24,1.4555656
2826.83,1.4554137
2827.42,1.4552619
2828.01,1.4551102
2828.6,1.4549584
2829.19,1.4548068
2829.78,1.4546552
2830.37,1.4545035
2830.96,1.454352
2831.55,1.4542006
2832.14,1.4540491
2832.73,1.4538978
2833.32,1.4537464
2833.91,1.4535952
2834.5,1.453444
2835.09,1.4532928
2835.68,1.4531417
2836.27,1.4529907
2836.86,1.4528396
2837.45,1.4526886
2838.04,1.4525377
2838.63,1.4523867
2839.22,1.4522358
2839.81,1.4520851
2840.4,1.4519343
2840.99,1.4517837
2841.58,1.451633
2842.17,1.4514823
2842.76,1.4513319
2843.35,1.4511813
2843.94,1.4510309
2844.53,1.4508804
2845.12,1.45073
2845.71,1.4505796
2846.3,1.4504294
2846.89,1.4502792
2847.48,1.450129
2848.07,1.4499788
2848.66,1.4498287
2849.25,1.4496787
2849.84,1.4495288
2850.43,1.4493787
2851.02,1.4492289
2851.61,1.449079
2852.2,1.4489292
2852.79,1.4487795
2853.38,1.4486297
2853.97,1.4484801
2854.56,1.4483305
2855.15,1.4481808
2855.74,1.4480311
2856.33,1.4478813
2856.92,1.4477317
2857.51,1.4475822
2858.1,1.4474328
2858.69,1.4472833
2859.28,1.4471339
2859.87,1.4469845
2860.46,1.4468353
2861.05,1.4466859
2861.64,1.4465367
2862.23,1.4463875
2862.82,1.4462384
2863.41,1.4460893
2864,1.4459403
2864.59,1.4457912
2865.18,1.4456424
2865.77,1.4454935
2866.36,1.4453446
2866.95,1.4451958
2867.54,1.445047
2868.13,1.4448984
2868.72,1.4447496
2869.31,1.4446009
2869.9,1.4444524
2870.49,1.4443039
2871.08,1.4441555
2871.67,1.4440069
2872.26,1.4438586
2872.85,1.4437102
2873.44,1.4435619
2874.03,1.4434137
2874.62,1.4432656
2875.21,1.4431173
2875.8,1.4429692
2876.39,1.4428211
2876.98,1.4426732
2877.57,1.4425251
2878.16,1.4423772
2878.75,1.4422293
2879.34,1.4420816
2879.93,1.4419338
2880.52,1.4417859
2881.11,1.4416382
2881.7,1.4414907
2882.29,1.4413431
2882.88,1.4411955
2883.47,1.4410479
2884.06,1.4409004
2884.65,1.440753
2885.24,1.4406056
2885.83,1.4404583
2886.42,1.4403111
2887.01,1.4401637
2887.6,1.4400166
2888.19,1.4398694
2888.78,1.4397223
2889.37,1.4395753
2889.96,1.4394282
2890.55,1.4392812
2891.14,1.4391344
2891.73,1.4389875
2892.32,1.4388406
2892.91,1.4386938
2893.5,1.438547
2894.09,1.4384004
2894.68,1.4382536
2895.27,1.4381071
2895.86,1.4379606
2896.45,1.437814
2897.04,1.4376676
2897.63,1.4375211
2898.22,1.4373748
2898.81,1.4372284
2899.4,1.4370821
2899.99,1.4369359
2900.58,1.4367896
2901.17,1.4366435
2901.76,1.4364974
2902.35,1.4363513
2902.94,1.4362053
2903.53,1.4360594
2904.12,1.4359134
2904.71,1.4357675
2905.3,1.4356216
2905.89,1.4354759
2906.48,1.4353302
2907.07,1.4351845
2907.66,1.4350388
2908.25,1.4348931
2908.84,1.4347476
2909.43,1.434602
2910.02,1.4344566
2910.61,1.4343112
2911.2,1.4341657
2911.79,1.4340204
2912.38,1.4338751
2912.97,1.4337298
2913.56,1.4335846
2914.15,1.4334395
2914.74,1.4332943
2915.33,1.4331492
2915.92,1.4330041
2916.51,1.4328592
2917.1,1.4327142
2917.69,1.4325694
2918.28,1.4324244
2918.87,1.4322797
2919.46,1.4321349
2920.05,1.4319901
2920.64,1.4318454
2921.23,1.4317008
2921.82,1.4315562
2922.41,1.4314116
2923,1.4312671
2923.59,1.4311227
2924.18,1.4309783
2924.77,1.4308339
2925.36,1.4306896
2925.95,1.4305453
2926.54,1.4304011
2927.13,1.4302568
2927.72,1.4301127
2928.31,1.4299686
2928.9,1.4298246
2929.49,1.4296805
2930.08,1.4295366
2930.67,1.4293927
2931.26,1.4292488
2931.85,1.4291049
2932.44,1.4289612
2933.03,1.4288173
2933.62,1.4286736
2934.21,1.42853
2934.8,1.4283863
2935.39,1.4282428
2935.98,1.4280992
2936.57,1.4279557
2937.16,1.4278122
2937.75,1.4276688
2938.34,1.4275255
2938.93,1.4273821
2939.52,1.4272389
2940.11,1.4270957
2940.7,1.4269525
2941.29,1.4268093
2941.88,1.4266663
2942.47,1.4265232
2943.06,1.4263802
2943.65,1.4262372
2944.24,1.4260942
2944.83,1.4259514
2945.42,1.4258085
2946.01,1.4256657
2946.6,1.4255229
2947.19,1.4253802
2947.78,1.4252375
2948.37,1.425095
2948.96,1.4249524
2949.55,1.4248098
2950.14,1.4246674
2950.73,1.4245249
2951.32,1.4243824
2951.91,1.4242401
2952.5,1.4240978
2953.09,1.4239556
2953.68,1.4238132
2954.27,1.4236711
2954.86,1.423529
2955.45,1.4233868
2956.04,1.4232448
2956.63,1.4231027
2957.22,1.4229608
2957.81,1.4228188
2958.4,1.422677
2958.99,1.4225351
2959.58,1.4223933
2960.17,1.4222515
2960.76,1.4221098
2961.35,1.4219681
2961.94,1.4218265
2962.53,1.4216849
2963.12,1.4215434
2963.71,1.4214019
2964.3,1.4212604
2964.89,1.421119
2965.48,1.4209776
2966.07,1.4208362
2966.66,1.4206949
2967.25,1.4205537
2967.84,1.4204125
2968.43,1.4202714
2969.02,1.4201301
2969.61,1.4199891
2970.2,1.4198481
2970.79,1.4197071
2971.38,1.4195662
2971.97,1.4194252
2972.56,1.4192843
2973.15,1.4191436
2973.74,1.4190028
2974.33,1.418862
2974.92,1.4187213
2975.51,1.4185807
2976.1,1.4184401
2976.69,1.4182996
2977.28,1.418159
2977.87,1.4180185
2978.46,1.417878
2979.05,1.4177376
2979.64,1.4175973
2980.23,1.417457
2980.82,1.4173167
2981.41,1.4171765
2982,1.4170363
2982.59,1.4168961
2983.18,1.416756
2983.77,1.416616
2984.36,1.4164759
2984.95,1.4163359
2985.54,1.416196
2986.13,1.4160562
2986.72,1.4159162
2987.31,1.4157765
2987.9,1.4156367
2988.49,1.4154969
2989.08,1.4153572
2989.67,1.4152176
2990.26,1.415078
2990.85,1.4149384
2991.44,1.414799
2992.03,1.4146595
2992.62,1.41452
2993.21,1.4143807
2993.8,1.4142413
2994.39,1.414102
2994.98,1.4139627
2995.57,1.4138235
2996.16,1.4136844
2996.75,1.4135451
2997.34,1.413406
2997.93,1.413267
2998.52,1.4131279
2999.11,1.412989
2999.7,1.41285
3000.29,1.4127111
3000.88,1.4125724
3001.47,1.4124335
3002.06,1.4122947
3002.65,1.412156
3003.24,1.4120173
3003.83,1.4118787
3004.42,1.4117401
3005.01,1.4116015
3005.6,1.411463
3006.19,1.4113245
3006.78,1.4111861
3007.37,1.4110477
3007.96,1.4109093
3008.55,1.410771
3009.14,1.4106327
3009.73,1.4104944
3010.32,1.4103563
3010.91,1.4102181
3011.5,1.4100801
3012.09,1.4099419
3012.68,1.4098039
3013.27,1.4096659
3013.86,1.409528
3014.45,1.4093901
3015.04,1.4092523
3015.63,1.4091144
3016.22,1.4089767
3016.81,1.4088389
3017.4,1.4087012
3017.99,1.4085635
3018.58,1.4084259
3019.17,1.4082884
3019.76,1.4081508
3020.35,1.4080133
3020.94,1.4078758
3021.53,1.4077384
3022.12,1.4076011
3022.71,1.4074638
3023.3,1.4073265
3023.89,1.4071891
3024.48,1.407052
3025.07,1.4069148
3025.66,1.4067776
3026.25,1.4066406
3026.84,1.4065036
3027.43,1.4063665
3028.02,1.4062296
3028.61,1.4060926
3029.2,1.4059558
3029.79,1.4058189
3030.38,1.4056821
3030.97,1.4055454
3031.56,1.4054086
3032.15,1.405272
3032.74,1.4051353
3033.33,1.4049987
3033.92,1.4048622
3034.51,1.4047257
3035.1,1.4045892
3035.69,1.4044527
3036.28,1.4043163
3036.87,1.4041799
3037.46,1.4040437
3038.05,1.4039073
3038.64,1.4037712
3039.23,1.4036349
3039.82,1.4034988
3040.41,1.4033626
3041,1.4032266
3041.59,1.4030905
3042.18,1.4029545
3042.77,1.4028186
3043.36,1.4026827
3043.95,1.4025468
3044.54,1.402411
3045.13,1.4022752
3045.72,1.4021394
3046.31,1.4020036
3046.9,1.401868
3047.49,1.4017323
3048.08,1.4015968
3048.67,1.4014612
3049.26,1.4013257
3049.85,1.4011902
3050.44,1.4010547
3051.03,1.4009194
3051.62,1.400784
3052.21,1.4006487
3052.8,1.4005134
3053.39,1.4003781
3053.98,1.4002429
3054.57,1.4001079
3055.16,1.3999727
3055.75,1.3998376
3056.34,1.3997025
3056.93,1.3995676
3057.52,1.3994327
3058.11,1.3992977
3058.7,1.3991629
3059.29,1.3990279
3059.88,1.3988931
3060.47,1.3987584
3061.06,1.3986237
3061.65,1.398489
3062.24,1.3983544
3062.83,1.3982197
3063.42,1.3980851
3064.01,1.3979504
3064.6,1.3978156
3065.19,1.397681
3065.78,1.3975463
3066.37,1.3974117
3066.96,1.3972772
3067.55,1.3971426
3068.14,1.3970082
3068.73,1.3968737
3069.32,1.3967394
3069.91,1.396605
3070.5,1.3964707
3071.09,1.3963363
3071.68,1.3962021
3072.27,1.396068
3072.86,1.3959337
3073.45,1.3957996
3074.04,1.3956655
3074.63,1.3955315
3075.22,1.3953975
3075.81,1.3952636
3076.4,1.3951297
3076.99,1.3949957
3077.58,1.3948619
3078.17,1.3947281
3078.76,1.3945943
3079.35,1.3944606
3079.94,1.3943269
3080.53,1.3941933
3081.12,1.3940598
3081.71,1.3939261
3082.3,1.3937926
3082.89,1.3936591
3083.48,1.3935257
3084.07,1.3933923
3084.66,1.3932589
3085.25,1.3931255
3085.84,1.3929924
3086.43,1.3928591
3087.02,1.3927258
3087.61,1.3925927
3088.2,1.3924596
3088.79,1.3923265
3089.38,1.3921934
3089.97,1.3920604
3090.56,1.3919275
3091.15,1.3917946
3091.74,1.3916616
3092.33,1.3915288
3092.92,1.391396
3093.51,1.3912632
3094.1,1.3911304
3094.69,1.3909978
3095.28,1.3908651
3095.87,1.3907325
3096.46,1.3906
3097.05,1.3904674
3097.64,1.390335
3098.23,1.3902024
3098.82,1.3900701
3099.41,1.3899376
3100,1.3898053
