170,4.1500907
170.586,4.1429596
171.172,4.1358647
171.758,4.1288066
172.344,4.1217847
172.93,4.1147976
173.516,4.1078463
174.102,4.1009297
174.688,4.094048
175.274,4.0872011
175.86,4.0803885
176.446,4.0736098
177.032,4.0668645
177.618,4.060153
178.204,4.0534749
178.79,4.0468292
179.376,4.040216
179.962,4.0336356
180.548,4.0270867
181.134,4.0205703
181.72,4.0140853
182.306,4.0076308
182.892,4.0012083
183.478,3.9948161
184.064,3.9884546
184.65,3.9821234
185.236,3.975822
185.822,3.9695504
186.408,3.9633081
186.994,3.9570954
187.58,3.950912
188.166,3.9447572
188.752,3.9386313
189.338,3.9325337
189.924,3.9264646
190.51,3.9204233
191.096,3.9144099
191.682,3.9084239
192.268,3.9024656
192.854,3.8965342
193.44,3.8906298
194.026,3.8847523
194.612,3.8789012
195.198,3.8730767
195.784,3.8672781
196.37,3.8615057
196.956,3.8557589
197.542,3.8500378
198.128,3.844342
198.714,3.8386714
199.3,3.8330259
199.886,3.8274052
200.472,3.8218093
201.058,3.8162377
201.644,3.8106904
202.23,3.8051672
202.816,3.7996681
203.402,3.7941928
203.988,3.7887409
204.574,3.7833126
205.16,3.7779076
205.746,3.7725258
206.332,3.7671666
206.918,3.7618303
207.504,3.7565169
208.09,3.7512257
208.676,3.7459569
209.262,3.74071
209.848,3.7354848
210.434,3.7302818
211.02,3.7251003
211.606,3.7199404
212.192,3.7148018
212.778,3.7096846
213.364,3.7045884
213.95,3.699513
214.536,3.6944587
215.122,3.689425
215.708,3.6844118
216.294,3.6794188
216.88,3.6744461
217.466,3.6694937
218.052,3.6645613
218.638,3.6596487
219.224,3.6547556
219.81,3.6498826
220.396,3.6450286
220.982,3.6401939
221.568,3.6353788
222.154,3.6305826
222.74,3.6258051
223.326,3.6210468
223.912,3.616307
224.498,3.6115861
225.084,3.6068835
225.67,3.6021988
226.256,3.597532
226.842,3.5928836
227.428,3.588253
228.014,3.5836403
228.6,3.5790455
229.186,3.5744684
229.772,3.5699086
230.358,3.5653663
230.944,3.5608413
231.53,3.5563335
232.116,3.5518432
232.702,3.5473695
233.288,3.5429127
233.874,3.5384727
234.46,3.5340495
235.046,3.5296428
235.632,3.5252523
236.218,3.5208786
236.804,3.516521
237.39,3.5121794
237.976,3.507854
238.562,3.5035443
239.148,3.4992507
239.734,3.4949727
240.32,3.4907105
240.906,3.4864635
241.492,3.4822319
242.078,3.4780157
242.664,3.4738147
243.25,3.469629
243.836,3.4654584
244.422,3.461303
245.008,3.4571624
245.594,3.4530363
246.18,3.4489253
246.766,3.444829
247.352,3.440747
247.938,3.4366796
248.524,3.4326267
249.11,3.4285879
249.696,3.4245634
250.282,3.4205532
250.868,3.4165571
251.454,3.4125748
252.04,3.4086063
252.626,3.4046519
253.212,3.4007108
253.798,3.3967838
254.384,3.3928702
254.97,3.3889701
255.556,3.3850834
256.142,3.3812101
256.728,3.3773501
257.314,3.3735032
257.9,3.3696694
258.486,3.3658485
259.072,3.3620408
259.658,3.3582461
260.244,3.3544641
260.83,3.3506947
261.416,3.3469381
262.002,3.343194
262.588,3.3394628
263.174,3.3357437
263.76,3.332037
264.346,3.3283427
264.932,3.3246608
265.518,3.3209908
266.104,3.3173332
266.69,3.3136876
267.276,3.3100541
267.862,3.3064322
268.448,3.3028224
269.034,3.2992244
269.62,3.2956381
270.206,3.2920635
270.792,3.2885003
271.378,3.2849488
271.964,3.281409
272.55,3.2778804
273.136,3.274363
273.722,3.2708573
274.308,3.2673626
274.894,3.2638791
275.48,3.2604067
276.066,3.2569454
276.652,3.253495
277.238,3.2500558
277.824,3.2466271
278.41,3.2432096
278.996,3.2398026
279.582,3.2364066
280.168,3.233021
280.754,3.2296464
281.34,3.2262819
281.926,3.2229283
282.512,3.2195847
283.098,3.2162519
283.684,3.2129292
284.27,3.2096169
284.856,3.2063148
285.442,3.2030227
286.028,3.1997406
286.614,3.1964686
287.2,3.1932065
287.786,3.1899545
288.372,3.1867125
288.958,3.1834803
289.544,3.1802578
290.13,3.1770451
290.716,3.1738422
291.302,3.1706488
291.888,3.1674652
292.474,3.1642911
293.06,3.1611266
293.646,3.1579716
294.232,3.1548259
294.818,3.1516898
295.404,3.1485627
295.99,3.1454453
296.576,3.1423368
297.162,3.1392379
297.748,3.1361477
298.334,3.1330669
298.92,3.1299951
299.506,3.1269324
300.092,3.1238787
300.678,3.1208339
301.264,3.1177979
301.85,3.1147709
302.436,3.1117527
303.022,3.1087432
303.608,3.1057425
304.194,3.1027505
304.78,3.099767
305.366,3.0967922
305.952,3.0938261
306.538,3.0908685
307.124,3.087919
307.71,3.0849779
308.296,3.0820448
308.882,3.0791204
309.468,3.0762043
310.054,3.0732963
310.64,3.0703967
311.226,3.0675054
311.812,3.0646219
312.398,3.0617468
312.984,3.0588799
313.57,3.0560207
314.156,3.05317
314.742,3.0503268
315.328,3.047492
315.914,3.0446649
316.5,3.0418456
317.086,3.0390341
317.672,3.0362306
318.258,3.0334346
318.844,3.0306466
319.43,3.0278661
320.016,3.0250933
320.602,3.0223281
321.188,3.0195704
321.774,3.0168202
322.36,3.0140779
322.946,3.0113428
323.532,3.008615
324.118,3.0058949
324.704,3.0031819
325.29,3.0004766
325.876,2.9977782
326.462,2.9950869
327.048,2.992403
327.634,2.9897261
328.22,2.9870565
328.806,2.9843938
329.392,2.9817386
329.978,2.9790902
330.564,2.9764488
331.15,2.9738145
331.736,2.9711874
332.322,2.9685671
332.908,2.9659536
333.494,2.9633472
334.08,2.9607475
334.666,2.9581549
335.252,2.9555688
335.838,2.9529896
336.424,2.9504173
337.01,2.9478514
337.596,2.9452925
338.182,2.94274
338.768,2.9401944
339.354,2.937655
339.94,2.9351225
340.526,2.9325964
341.112,2.9300768
341.698,2.9275639
342.284,2.9250572
342.87,2.9225571
343.456,2.9200633
344.042,2.9175761
344.628,2.9150949
345.214,2.9126201
345.8,2.9101517
346.386,2.9076896
346.972,2.9052336
347.558,2.9027839
348.144,2.9003406
348.73,2.8979032
349.316,2.8954718
349.902,2.8930466
350.488,2.8906279
351.074,2.8882148
351.66,2.8858078
352.246,2.8834069
352.832,2.881012
353.418,2.878623
354.004,2.87624
354.59,2.8738627
355.176,2.8714914
355.762,2.8691261
356.348,2.8667665
356.934,2.8644128
357.52,2.8620648
358.106,2.8597226
358.692,2.8573861
359.278,2.8550553
359.864,2.8527303
360.45,2.8504109
361.036,2.8480971
361.622,2.845789
362.208,2.8434865
362.794,2.8411896
363.38,2.8388982
363.966,2.8366125
364.552,2.834332
365.138,2.8320572
365.724,2.8297877
366.31,2.8275239
366.896,2.8252654
367.482,2.8230124
368.068,2.8207645
368.654,2.8185222
369.24,2.8162851
369.826,2.8140535
370.412,2.8118269
370.998,2.8096061
371.584,2.80739
372.17,2.8051794
372.756,2.802974
373.342,2.8007739
373.928,2.7985787
374.514,2.7963889
375.1,2.794204
375.686,2.7920241
376.272,2.7898498
376.858,2.7876801
377.444,2.7855158
378.03,2.7833564
378.616,2.7812018
379.202,2.7790525
379.788,2.7769082
380.374,2.7747686
380.96,2.772634
381.546,2.7705045
382.132,2.7683797
382.718,2.7662599
383.304,2.7641449
383.89,2.7620349
384.476,2.7599294
385.062,2.757829
385.648,2.7557333
386.234,2.7536423
386.82,2.7515562
387.406,2.7494748
387.992,2.7473979
388.578,2.7453258
389.164,2.7432585
389.75,2.7411959
390.336,2.7391379
390.922,2.7370844
391.508,2.7350357
392.094,2.7329915
392.68,2.7309518
393.266,2.7289166
393.852,2.7268863
394.438,2.7248602
395.024,2.7228389
395.61,2.7208219
396.196,2.7188094
396.782,2.7168012
397.368,2.7147977
397.954,2.7127986
398.54,2.7108037
399.126,2.7088134
399.712,2.7068274
400.298,2.7048459
400.884,2.7028687
401.47,2.7008955
402.056,2.6989269
402.642,2.6969628
403.228,2.6950028
403.814,2.693047
404.4,2.6910956
404.986,2.6891482
405.572,2.6872053
406.158,2.6852665
406.744,2.6833317
407.33,2.6814013
407.916,2.6794751
408.502,2.6775529
409.088,2.6756351
409.674,2.6737211
410.26,2.6718113
410.846,2.6699057
411.432,2.6680043
412.018,2.6661067
412.604,2.6642129
413.19,2.6623232
413.776,2.6604376
414.362,2.6585557
414.948,2.6566782
415.534,2.6548045
416.12,2.6529348
416.706,2.6510689
417.292,2.6492069
417.878,2.6473489
418.464,2.6454949
419.05,2.6436448
419.636,2.6417985
420.222,2.639956
420.808,2.6381176
421.394,2.6362827
421.98,2.6344519
422.566,2.6326249
423.152,2.6308014
423.738,2.6289821
424.324,2.6271663
424.91,2.6253543
425.496,2.6235461
426.082,2.6217418
426.668,2.619941
427.254,2.618144
427.84,2.6163507
428.426,2.6145611
429.012,2.6127751
429.598,2.6109927
430.184,2.6092141
430.77,2.607439
431.356,2.6056676
431.942,2.6039
432.528,2.6021357
433.114,2.6003752
433.7,2.598618
434.286,2.5968647
434.872,2.5951147
435.458,2.5933683
436.044,2.5916257
436.63,2.5898862
437.216,2.5881505
437.802,2.5864182
438.388,2.5846894
438.974,2.5829639
439.56,2.5812421
440.146,2.5795238
440.732,2.5778089
441.318,2.5760972
441.904,2.574389
442.49,2.572684
443.076,2.5709822
443.662,2.569284
444.248,2.5675888
444.834,2.565897
445.42,2.5642087
446.006,2.5625238
446.592,2.560842
447.178,2.5591638
447.764,2.5574887
448.35,2.5558171
448.936,2.5541487
449.522,2.5524833
450.108,2.5508215
450.694,2.5491629
451.28,2.5475075
451.866,2.5458553
452.452,2.5442064
453.038,2.5425606
453.624,2.5409181
454.21,2.5392787
454.796,2.5376425
455.382,2.5360096
455.968,2.5343797
456.554,2.532753
457.14,2.5311294
457.726,2.5295088
458.312,2.5278916
458.898,2.5262773
459.484,2.5246663
460.07,2.5230582
460.656,2.5214534
461.242,2.5198514
461.828,2.5182526
462.414,2.5166566
463,2.515064
463.586,2.5134742
464.172,2.5118876
464.758,2.5103037
465.344,2.5087233
465.93,2.5071454
466.516,2.5055707
467.102,2.503999
467.688,2.5024302
468.274,2.500864
468.86,2.4993007
469.446,2.4977405
470.032,2.4961832
470.618,2.4946287
471.204,2.493077
471.79,2.4915283
472.376,2.4899826
472.962,2.4884398
473.548,2.4868996
474.134,2.4853625
474.72,2.4838281
475.306,2.4822967
475.892,2.480768
476.478,2.4792423
477.064,2.4777193
477.65,2.4761989
478.236,2.4746816
478.822,2.4731669
479.408,2.4716551
479.994,2.4701462
480.58,2.4686399
481.166,2.4671364
481.752,2.4656355
482.338,2.4641376
482.924,2.4626422
483.51,2.4611497
484.096,2.4596598
484.682,2.4581726
485.268,2.4566882
485.854,2.4552064
486.44,2.4537272
487.026,2.452251
487.612,2.4507771
488.198,2.449306
488.784,2.4478376
489.37,2.4463718
489.956,2.4449086
490.542,2.4434481
491.128,2.4419901
491.714,2.4405348
492.3,2.4390821
492.886,2.4376318
493.472,2.4361844
494.058,2.4347394
494.644,2.4332969
495.23,2.4318571
495.816,2.4304199
496.402,2.4289851
496.988,2.4275529
497.574,2.4261234
498.16,2.4246962
498.746,2.4232714
499.332,2.4218495
499.918,2.4204299
500.504,2.4190128
501.09,2.4175982
501.676,2.4161859
502.262,2.4147763
502.848,2.4133692
503.434,2.4119644
504.02,2.410562
504.606,2.4091623
505.192,2.4077647
505.778,2.4063697
506.364,2.4049773
506.95,2.4035871
507.536,2.4021993
508.122,2.4008141
508.708,2.399431
509.294,2.3980505
509.88,2.3966722
510.466,2.3952966
511.052,2.393923
511.638,2.3925519
512.224,2.3911831
512.81,2.3898168
513.396,2.3884528
513.982,2.3870912
514.568,2.3857317
515.154,2.3843746
515.74,2.3830199
516.326,2.3816674
516.912,2.3803172
517.498,2.3789694
518.084,2.3776238
518.67,2.3762808
519.256,2.3749397
519.842,2.373601
520.428,2.3722644
521.014,2.3709302
521.6,2.3695982
522.186,2.3682685
522.772,2.3669407
523.358,2.3656154
523.944,2.3642924
524.53,2.3629715
525.116,2.3616526
525.702,2.3603363
526.288,2.3590219
526.874,2.3577099
527.46,2.3564
528.046,2.3550923
528.632,2.3537867
529.218,2.3524833
529.804,2.351182
530.39,2.3498831
530.976,2.3485861
531.562,2.3472915
532.148,2.3459988
532.734,2.3447082
533.32,2.3434198
533.906,2.3421338
534.492,2.3408494
535.078,2.3395674
535.664,2.3382876
536.25,2.3370099
536.836,2.3357341
537.422,2.3344605
538.008,2.333189
538.594,2.3319194
539.18,2.330652
539.766,2.3293867
540.352,2.3281233
540.938,2.3268621
541.524,2.325603
542.11,2.3243458
542.696,2.3230908
543.282,2.3218377
543.868,2.3205867
544.454,2.3193378
545.04,2.3180907
545.626,2.3168459
546.212,2.3156028
546.798,2.3143618
547.384,2.3131227
547.97,2.3118858
548.556,2.3106508
549.142,2.3094177
549.728,2.3081868
550.314,2.3069575
550.9,2.3057306
551.486,2.3045053
552.072,2.303282
552.658,2.3020608
553.244,2.3008416
553.83,2.2996242
554.416,2.2984085
555.002,2.297195
555.588,2.2959833
556.174,2.2947738
556.76,2.293566
557.346,2.2923601
557.932,2.2911561
558.518,2.2899539
559.104,2.2887537
559.69,2.2875555
560.276,2.2863591
560.862,2.2851644
561.448,2.2839718
562.034,2.2827809
562.62,2.2815921
563.206,2.280405
563.792,2.2792196
564.378,2.2780364
564.964,2.2768548
565.55,2.2756751
566.136,2.274497
566.722,2.2733212
567.308,2.2721467
567.894,2.2709744
568.48,2.2698038
569.066,2.268635
569.652,2.267468
570.238,2.2663028
570.824,2.2651393
571.41,2.2639778
571.996,2.2628179
572.582,2.2616599
573.168,2.2605035
573.754,2.2593489
574.34,2.2581961
574.926,2.257045
575.512,2.2558959
576.098,2.2547483
576.684,2.2536025
577.27,2.2524586
577.856,2.2513161
578.442,2.2501757
579.028,2.2490368
579.614,2.2478998
580.2,2.2467644
580.786,2.2456307
581.372,2.2444987
581.958,2.2433684
582.544,2.24224
583.13,2.2411132
583.716,2.2399881
584.302,2.2388647
584.888,2.2377429
585.474,2.2366228
586.06,2.2355044
586.646,2.2343876
587.232,2.2332726
587.818,2.2321591
588.404,2.2310476
588.99,2.2299376
589.576,2.2288291
590.162,2.2277224
590.748,2.2266173
591.334,2.2255137
591.92,2.224412
592.506,2.2233119
593.092,2.2222133
593.678,2.2211163
594.264,2.220021
594.85,2.2189274
595.436,2.2178354
596.022,2.2167449
596.608,2.215656
597.194,2.2145686
597.78,2.2134831
598.366,2.212399
598.952,2.2113166
599.538,2.2102358
600.124,2.2091565
600.71,2.2080789
601.296,2.2070026
601.882,2.2059281
602.468,2.2048552
603.054,2.2037835
603.64,2.2027137
604.226,2.2016454
604.812,2.2005787
605.398,2.1995137
605.984,2.1984499
606.57,2.1973879
607.156,2.1963272
607.742,2.1952682
608.328,2.1942108
608.914,2.1931548
609.5,2.1921003
610.086,2.1910474
610.672,2.189996
611.258,2.188946
611.844,2.1878977
612.43,2.1868508
613.016,2.1858053
613.602,2.1847615
614.188,2.1837192
614.774,2.1826782
615.36,2.1816387
615.946,2.1806009
616.532,2.1795645
617.118,2.1785295
617.704,2.177496
618.29,2.1764641
618.876,2.1754334
619.462,2.1744044
620.048,2.1733768
620.634,2.1723506
621.22,2.1713259
621.806,2.1703026
622.392,2.1692808
622.978,2.1682603
623.564,2.1672416
624.15,2.166224
624.736,2.1652081
625.322,2.1641934
625.908,2.1631801
626.494,2.1621685
627.08,2.1611581
627.666,2.1601491
628.252,2.1591415
628.838,2.1581354
629.424,2.1571307
630.01,2.1561275
630.596,2.1551256
631.182,2.154125
631.768,2.153126
632.354,2.1521282
632.94,2.1511319
633.526,2.1501369
634.112,2.1491435
634.698,2.1481514
635.284,2.1471605
635.87,2.1461711
636.456,2.1451831
637.042,2.1441963
637.628,2.1432109
638.214,2.1422269
638.8,2.1412444
639.386,2.1402631
639.972,2.1392834
640.558,2.1383047
641.144,2.1373274
641.73,2.1363516
642.316,2.1353772
642.902,2.1344039
643.488,2.1334321
644.074,2.1324615
644.66,2.1314924
645.246,2.1305244
645.832,2.1295576
646.418,2.1285923
647.004,2.1276281
647.59,2.1266651
648.176,2.1257036
648.762,2.1247432
649.348,2.1237843
649.934,2.1228268
650.52,2.1218703
651.106,2.1209154
651.692,2.1199615
652.278,2.119009
652.864,2.118058
653.45,2.1171079
654.036,2.1161594
654.622,2.115212
655.208,2.1142659
655.794,2.1133211
656.38,2.1123774
656.966,2.1114352
657.552,2.1104941
658.138,2.1095545
658.724,2.1086159
659.31,2.1076787
659.896,2.1067426
660.482,2.105808
661.068,2.1048744
661.654,2.1039422
662.24,2.1030111
662.826,2.1020813
663.412,2.1011529
663.998,2.1002254
664.584,2.0992994
665.17,2.0983746
665.756,2.097451
666.342,2.0965285
666.928,2.0956073
667.514,2.0946875
668.1,2.0937686
668.686,2.0928512
669.272,2.0919347
669.858,2.0910196
670.444,2.0901058
671.03,2.0891929
671.616,2.0882814
672.202,2.0873711
672.788,2.086462
673.374,2.0855539
673.96,2.0846472
674.546,2.0837417
675.132,2.0828373
675.718,2.081934
676.304,2.081032
676.89,2.0801313
677.476,2.0792315
678.062,2.0783331
678.648,2.0774357
679.234,2.0765395
679.82,2.0756445
680.406,2.0747507
680.992,2.073858
681.578,2.0729663
682.164,2.0720761
682.75,2.0711868
683.336,2.0702987
683.922,2.0694118
684.508,2.068526
685.094,2.0676413
685.68,2.0667577
686.266,2.0658755
686.852,2.0649941
687.438,2.0641141
688.024,2.063235
688.61,2.0623572
689.196,2.0614805
689.782,2.0606048
690.368,2.0597303
690.954,2.058857
691.54,2.0579846
692.126,2.0571132
692.712,2.0562427
693.298,2.0553734
693.884,2.0545051
694.47,2.053638
695.056,2.0527723
695.642,2.0519073
696.228,2.0510435
696.814,2.0501809
697.4,2.0493193
697.986,2.0484588
698.572,2.0475996
699.158,2.0467412
699.744,2.0458839
700.33,2.0450277
700.916,2.0441728
701.502,2.0433187
702.088,2.0424659
702.674,2.0416141
703.26,2.0407634
703.846,2.0399137
704.432,2.0390649
705.018,2.0382175
705.604,2.0373709
706.19,2.0365255
706.776,2.0356812
707.362,2.034838
707.948,2.0339956
708.534,2.0331542
709.12,2.0323143
709.706,2.0314751
710.292,2.030637
710.878,2.0297999
711.464,2.028964
712.05,2.0281291
712.636,2.0272951
713.222,2.0264623
713.808,2.0256305
714.394,2.0247996
714.98,2.0239699
715.566,2.0231411
716.152,2.0223134
716.738,2.0214865
717.324,2.0206609
717.91,2.0198362
718.496,2.0190125
719.082,2.0181899
719.668,2.0173681
720.254,2.0165474
720.84,2.0157278
721.426,2.0149093
722.012,2.0140915
722.598,2.0132749
723.184,2.0124593
723.77,2.0116446
724.356,2.0108309
724.942,2.0100183
725.528,2.0092065
726.114,2.0083959
726.7,2.0075862
727.286,2.0067775
727.872,2.0059698
728.458,2.005163
729.044,2.0043569
729.63,2.0035517
730.216,2.0027475
730.802,2.0019443
731.388,2.001142
731.974,2.0003409
732.56,1.9995407
733.146,1.9987413
733.732,1.9979429
734.318,1.9971455
734.904,1.9963491
735.49,1.9955537
736.076,1.9947592
736.662,1.9939655
737.248,1.9931729
737.834,1.9923812
738.42,1.9915905
739.006,1.9908007
739.592,1.9900118
740.178,1.989224
740.764,1.9884371
741.35,1.987651
741.936,1.9868659
742.522,1.9860817
743.108,1.9852985
743.694,1.9845161
744.28,1.9837348
744.866,1.9829544
745.452,1.9821749
746.038,1.9813962
746.624,1.9806186
747.21,1.9798418
747.796,1.979066
748.382,1.978291
748.968,1.977517
749.554,1.9767439
750.14,1.9759717
750.726,1.9752004
751.312,1.9744301
751.898,1.9736606
752.484,1.972892
753.07,1.9721243
753.656,1.9713576
754.242,1.9705917
754.828,1.9698266
755.414,1.9690626
756,1.9682993
756.586,1.967537
757.172,1.9667755
757.758,1.966015
758.344,1.9652554
758.93,1.9644966
759.516,1.9637387
760.102,1.9629817
760.688,1.9622256
761.274,1.9614702
761.86,1.9607159
762.446,1.9599624
763.032,1.9592097
763.618,1.9584578
764.204,1.9577069
764.79,1.956957
765.376,1.9562078
765.962,1.9554594
766.548,1.9547119
767.134,1.9539654
767.72,1.9532195
768.306,1.9524747
768.892,1.9517306
769.478,1.9509875
770.064,1.9502451
770.65,1.9495037
771.236,1.948763
771.822,1.9480232
772.408,1.9472842
772.994,1.9465462
773.58,1.9458089
774.166,1.9450724
774.752,1.9443369
775.338,1.9436021
775.924,1.9428681
776.51,1.942135
777.096,1.9414028
777.682,1.9406713
778.268,1.9399407
778.854,1.9392109
779.44,1.9384819
780.026,1.9377538
780.612,1.9370265
781.198,1.9363
781.784,1.9355743
782.37,1.9348495
782.956,1.9341254
783.542,1.9334022
784.128,1.9326798
784.714,1.9319582
785.3,1.9312373
785.886,1.9305173
786.472,1.9297979
787.058,1.9290793
787.644,1.9283615
788.23,1.9276446
788.816,1.9269284
789.402,1.926213
789.988,1.9254985
790.574,1.9247847
791.16,1.9240717
791.746,1.9233596
792.332,1.9226482
792.918,1.9219376
793.504,1.9212278
794.09,1.9205188
794.676,1.9198105
795.262,1.919103
795.848,1.9183964
796.434,1.9176905
797.02,1.9169854
797.606,1.9162811
798.192,1.9155775
798.778,1.9148747
799.364,1.9141728
799.95,1.9134715
800.536,1.912771
801.122,1.9120713
801.708,1.9113724
802.294,1.9106743
802.88,1.909977
803.466,1.9092803
804.052,1.9085844
804.638,1.9078894
805.224,1.907195
805.81,1.9065014
806.396,1.9058086
806.982,1.9051166
807.568,1.9044253
808.154,1.9037347
808.74,1.9030448
809.326,1.9023558
809.912,1.9016675
810.498,1.9009799
811.084,1.9002931
811.67,1.8996071
812.256,1.8989217
812.842,1.8982371
813.428,1.8975533
814.014,1.8968701
814.6,1.8961878
815.186,1.8955061
815.772,1.8948252
816.358,1.8941451
816.944,1.8934656
817.53,1.892787
818.116,1.892109
818.702,1.8914318
819.288,1.8907553
819.874,1.8900795
820.46,1.8894044
821.046,1.88873
821.632,1.8880565
822.218,1.8873836
822.804,1.8867114
823.39,1.88604
823.976,1.8853692
824.562,1.8846992
825.148,1.8840299
825.734,1.8833613
826.32,1.8826934
826.906,1.8820262
827.492,1.8813598
828.078,1.880694
828.664,1.880029
829.25,1.8793646
829.836,1.878701
830.422,1.878038
831.008,1.8773758
831.594,1.8767142
832.18,1.8760535
832.766,1.8753933
833.352,1.8747339
833.938,1.8740752
834.524,1.8734171
835.11,1.8727597
835.696,1.8721031
836.282,1.8714471
836.868,1.8707918
837.454,1.8701372
838.04,1.8694834
838.626,1.8688301
839.212,1.8681775
839.798,1.8675257
840.384,1.8668746
840.97,1.8662241
841.556,1.8655742
842.142,1.8649251
842.728,1.8642766
843.314,1.8636289
843.9,1.8629818
844.486,1.8623353
845.072,1.8616896
845.658,1.8610445
846.244,1.8604001
846.83,1.8597564
847.416,1.8591132
848.002,1.8584708
848.588,1.8578291
849.174,1.857188
849.76,1.8565476
850.346,1.8559078
850.932,1.8552687
851.518,1.8546302
852.104,1.8539925
852.69,1.8533554
853.276,1.8527189
853.862,1.8520831
854.448,1.8514479
855.034,1.8508134
855.62,1.8501796
856.206,1.8495464
856.792,1.8489138
857.378,1.848282
857.964,1.8476506
858.55,1.84702
859.136,1.8463901
859.722,1.8457608
860.308,1.8451321
860.894,1.8445041
861.48,1.8438767
862.066,1.8432499
862.652,1.8426238
863.238,1.8419985
863.824,1.8413736
864.41,1.8407494
864.996,1.8401258
865.582,1.8395028
866.168,1.8388805
866.754,1.8382589
867.34,1.8376378
867.926,1.8370174
868.512,1.8363976
869.098,1.8357785
869.684,1.8351599
870.27,1.834542
870.856,1.8339248
871.442,1.8333081
872.028,1.832692
872.614,1.8320767
873.2,1.8314619
873.786,1.8308477
874.372,1.8302342
874.958,1.8296212
875.544,1.8290088
876.13,1.8283972
876.716,1.827786
877.302,1.8271755
877.888,1.8265656
878.474,1.8259563
879.06,1.8253477
879.646,1.8247397
880.232,1.8241322
880.818,1.8235254
881.404,1.8229191
881.99,1.8223135
882.576,1.8217086
883.162,1.821104
883.748,1.8205003
884.334,1.8198971
884.92,1.8192945
885.506,1.8186923
886.092,1.8180909
886.678,1.8174901
887.264,1.8168899
887.85,1.8162903
888.436,1.8156912
889.022,1.8150928
889.608,1.8144948
890.194,1.8138976
890.78,1.8133008
891.366,1.8127048
891.952,1.8121094
892.538,1.8115144
893.124,1.81092
893.71,1.8103263
894.296,1.8097332
894.882,1.8091406
895.468,1.8085486
896.054,1.8079571
896.64,1.8073663
897.226,1.806776
897.812,1.8061863
898.398,1.8055972
898.984,1.8050086
899.57,1.8044207
900.156,1.8038334
900.742,1.8032465
901.328,1.8026602
901.914,1.8020746
902.5,1.8014895
903.086,1.800905
903.672,1.800321
904.258,1.7997376
904.844,1.7991548
905.43,1.7985724
906.016,1.7979908
906.602,1.7974097
907.188,1.7968291
907.774,1.796249
908.36,1.7956697
908.946,1.7950908
909.532,1.7945124
910.118,1.7939347
910.704,1.7933575
911.29,1.7927808
911.876,1.7922046
912.462,1.7916291
913.048,1.7910541
913.634,1.7904798
914.22,1.7899058
914.806,1.7893325
915.392,1.7887597
915.978,1.7881875
916.564,1.7876158
917.15,1.7870446
917.736,1.786474
918.322,1.785904
918.908,1.7853345
919.494,1.7847656
920.08,1.7841972
920.666,1.7836293
921.252,1.783062
921.838,1.7824951
922.424,1.7819289
923.01,1.7813632
923.596,1.7807981
924.182,1.7802334
924.768,1.7796693
925.354,1.7791058
925.94,1.7785428
926.526,1.7779802
927.112,1.7774183
927.698,1.7768569
928.284,1.776296
928.87,1.7757356
929.456,1.7751758
930.042,1.7746165
930.628,1.7740576
931.214,1.7734994
931.8,1.7729417
932.386,1.7723845
932.972,1.7718278
933.558,1.7712717
934.144,1.7707161
934.73,1.770161
935.316,1.7696064
935.902,1.7690524
936.488,1.7684988
937.074,1.7679458
937.66,1.7673932
938.246,1.7668413
938.832,1.7662898
939.418,1.7657388
940.004,1.7651885
940.59,1.7646385
941.176,1.7640891
941.762,1.7635403
942.348,1.7629919
942.934,1.762444
943.52,1.7618966
944.106,1.7613498
944.692,1.7608035
945.278,1.7602576
945.864,1.7597123
946.45,1.7591674
947.036,1.7586231
947.622,1.7580794
948.208,1.7575361
948.794,1.7569933
949.38,1.756451
949.966,1.7559092
950.552,1.7553679
951.138,1.754827
951.724,1.7542868
952.31,1.753747
952.896,1.7532077
953.482,1.7526689
954.068,1.7521306
954.654,1.7515928
955.24,1.7510555
955.826,1.7505187
956.412,1.7499822
956.998,1.7494465
957.584,1.7489111
958.17,1.7483763
958.756,1.747842
959.342,1.747308
959.928,1.7467747
960.514,1.7462418
961.1,1.7457093
961.686,1.7451775
962.272,1.7446461
962.858,1.7441151
963.444,1.7435846
964.03,1.7430546
964.616,1.7425252
965.202,1.7419962
965.788,1.7414676
966.374,1.7409395
966.96,1.740412
967.546,1.7398849
968.132,1.7393583
968.718,1.7388321
969.304,1.7383065
969.89,1.7377813
970.476,1.7372566
971.062,1.7367324
971.648,1.7362087
972.234,1.7356853
972.82,1.7351625
973.406,1.7346402
973.992,1.7341183
974.578,1.7335969
975.164,1.733076
975.75,1.7325555
976.336,1.7320355
976.922,1.7315161
977.508,1.730997
978.094,1.7304784
978.68,1.7299603
979.266,1.7294427
979.852,1.7289255
980.438,1.7284087
981.024,1.7278925
981.61,1.7273767
982.196,1.7268614
982.782,1.7263465
983.368,1.7258321
983.954,1.7253181
984.54,1.7248046
985.126,1.7242916
985.712,1.723779
986.298,1.7232668
986.884,1.7227553
987.47,1.722244
988.056,1.7217333
988.642,1.721223
989.228,1.7207131
989.814,1.7202038
990.4,1.7196949
990.986,1.7191863
991.572,1.7186782
992.158,1.7181708
992.744,1.7176636
993.33,1.7171569
993.916,1.7166506
994.502,1.7161448
995.088,1.7156395
995.674,1.7151346
996.26,1.7146301
996.846,1.7141262
997.432,1.7136226
998.018,1.7131195
998.604,1.7126168
999.19,1.7121146
999.776,1.7116128
1000.362,1.7111114
1000.948,1.7106105
1001.534,1.7101101
1002.12,1.70961
1002.706,1.7091105
1003.292,1.7086114
1003.878,1.7081126
1004.464,1.7076143
1005.05,1.7071165
1005.636,1.7066191
1006.222,1.7061222
1006.808,1.7056257
1007.394,1.7051295
1007.98,1.7046338
1008.566,1.7041386
1009.152,1.7036438
1009.738,1.7031494
1010.324,1.7026556
1010.91,1.702162
1011.496,1.701669
1012.082,1.7011763
1012.668,1.7006841
1013.254,1.7001922
1013.84,1.6997008
1014.426,1.6992099
1015.012,1.6987194
1015.598,1.6982293
1016.184,1.6977397
1016.77,1.6972504
1017.356,1.6967616
1017.942,1.6962732
1018.528,1.6957852
1019.114,1.6952976
1019.7,1.6948105
1020.286,1.6943238
1020.872,1.6938375
1021.458,1.6933516
1022.044,1.6928662
1022.63,1.6923811
1023.216,1.6918966
1023.802,1.6914123
1024.388,1.6909286
1024.974,1.6904452
1025.56,1.6899623
1026.146,1.6894797
1026.732,1.6889976
1027.318,1.6885159
1027.904,1.6880345
1028.49,1.6875536
1029.076,1.6870732
1029.662,1.6865932
1030.248,1.6861135
1030.834,1.6856343
1031.42,1.6851554
1032.006,1.684677
1032.592,1.684199
1033.178,1.6837213
1033.764,1.6832441
1034.35,1.6827674
1034.936,1.6822909
1035.522,1.6818149
1036.108,1.6813394
1036.694,1.6808642
1037.28,1.6803894
1037.866,1.6799151
1038.452,1.6794411
1039.038,1.6789675
1039.624,1.6784943
1040.21,1.6780216
1040.796,1.6775492
1041.382,1.6770772
1041.968,1.6766057
1042.554,1.6761345
1043.14,1.6756637
1043.726,1.6751933
1044.312,1.6747234
1044.898,1.6742538
1045.484,1.6737846
1046.07,1.6733159
1046.656,1.6728474
1047.242,1.6723794
1047.828,1.6719118
1048.414,1.6714445
1049,1.6709777
1049.586,1.6705111
1050.172,1.6700449
1050.758,1.6695791
1051.344,1.6691138
1051.93,1.6686487
1052.516,1.6681842
1053.102,1.66772
1053.688,1.667256
1054.274,1.6667926
1054.86,1.6663295
1055.446,1.6658669
1056.032,1.6654046
1056.618,1.6649426
1057.204,1.6644812
1057.79,1.6640199
1058.376,1.6635592
1058.962,1.6630989
1059.548,1.6626388
1060.134,1.6621792
1060.72,1.66172
1061.306,1.6612611
1061.892,1.6608027
1062.478,1.6603446
1063.064,1.6598868
1063.65,1.6594296
1064.236,1.6589726
1064.822,1.658516
1065.408,1.6580598
1065.994,1.657604
1066.58,1.6571486
1067.166,1.6566935
1067.752,1.6562388
1068.338,1.6557845
1068.924,1.6553305
1069.51,1.6548769
1070.096,1.6544238
1070.682,1.653971
1071.268,1.6535184
1071.854,1.6530664
1072.44,1.6526147
1073.026,1.6521634
1073.612,1.6517124
1074.198,1.6512618
1074.784,1.6508116
1075.37,1.6503617
1075.956,1.6499121
1076.542,1.6494631
1077.128,1.6490144
1077.714,1.6485659
1078.3,1.6481179
1078.886,1.6476703
1079.472,1.6472229
1080.058,1.646776
1080.644,1.6463294
1081.23,1.6458832
1081.816,1.6454374
1082.402,1.644992
1082.988,1.6445467
1083.574,1.6441021
1084.16,1.6436577
1084.746,1.6432136
1085.332,1.6427699
1085.918,1.6423267
1086.504,1.6418837
1087.09,1.6414411
1087.676,1.6409988
1088.262,1.6405571
1088.848,1.6401155
1089.434,1.6396743
1090.02,1.6392336
1090.606,1.6387931
1091.192,1.638353
1091.778,1.6379132
1092.364,1.6374739
1092.95,1.6370349
1093.536,1.6365962
1094.122,1.6361579
1094.708,1.6357199
1095.294,1.6352823
1095.88,1.634845
1096.466,1.6344081
1097.052,1.6339716
1097.638,1.6335354
1098.224,1.6330996
1098.81,1.632664
1099.396,1.6322289
1099.982,1.6317941
1100.568,1.6313596
1101.154,1.6309255
1101.74,1.6304917
1102.326,1.6300583
1102.912,1.6296252
1103.498,1.6291925
1104.084,1.6287601
1104.67,1.6283281
1105.256,1.6278964
1105.842,1.627465
1106.428,1.6270341
1107.014,1.6266034
1107.6,1.626173
1108.186,1.625743
1108.772,1.6253134
1109.358,1.6248841
1109.944,1.6244552
1110.53,1.6240265
1111.116,1.6235983
1111.702,1.6231704
1112.288,1.6227428
1112.874,1.6223155
1113.46,1.6218886
1114.046,1.6214621
1114.632,1.6210358
1115.218,1.6206099
1115.804,1.6201844
1116.39,1.6197591
1116.976,1.6193342
1117.562,1.6189097
1118.148,1.6184855
1118.734,1.6180615
1119.32,1.6176381
1119.906,1.6172148
1120.492,1.616792
1121.078,1.6163694
1121.664,1.6159471
1122.25,1.6155252
1122.836,1.6151037
1123.422,1.6146826
1124.008,1.6142616
1124.594,1.6138411
1125.18,1.6134208
1125.766,1.6130009
1126.352,1.6125814
1126.938,1.6121621
1127.524,1.6117432
1128.11,1.6113245
1128.696,1.6109064
1129.282,1.6104884
1129.868,1.6100707
1130.454,1.6096535
1131.04,1.6092365
1131.626,1.6088198
1132.212,1.6084036
1132.798,1.6079876
1133.384,1.607572
1133.97,1.6071566
1134.556,1.6067415
1135.142,1.6063269
1135.728,1.6059126
1136.314,1.6054986
1136.9,1.6050848
1137.486,1.6046714
1138.072,1.6042583
1138.658,1.6038455
1139.244,1.6034331
1139.83,1.6030209
1140.416,1.6026092
1141.002,1.6021976
1141.588,1.6017865
1142.174,1.6013757
1142.76,1.6009651
1143.346,1.6005549
1143.932,1.600145
1144.518,1.5997354
1145.104,1.5993261
1145.69,1.5989172
1146.276,1.5985086
1146.862,1.5981003
1147.448,1.5976923
1148.034,1.5972846
1148.62,1.596877
1149.206,1.5964698
1149.792,1.5960628
1150.378,1.5956562
1150.964,1.5952499
1151.55,1.5948439
1152.136,1.5944382
1152.722,1.5940328
1153.308,1.5936277
1153.894,1.5932229
1154.48,1.5928185
1155.066,1.5924143
1155.652,1.5920105
1156.238,1.5916069
1156.824,1.5912037
1157.41,1.5908008
1157.996,1.5903982
1158.582,1.5899957
1159.168,1.5895938
1159.754,1.5891922
1160.34,1.5887907
1160.926,1.5883896
1161.512,1.5879889
1162.098,1.5875883
1162.684,1.5871882
1163.27,1.5867883
1163.856,1.5863888
1164.442,1.5859895
1165.028,1.5855905
1165.614,1.585192
1166.2,1.5847936
1166.786,1.5843955
1167.372,1.5839977
1167.958,1.5836003
1168.544,1.5832031
1169.13,1.5828062
1169.716,1.5824097
1170.302,1.5820135
1170.888,1.5816175
1171.474,1.5812218
1172.06,1.5808265
1172.646,1.5804313
1173.232,1.5800366
1173.818,1.5796422
1174.404,1.579248
1174.99,1.5788542
1175.576,1.5784606
1176.162,1.5780673
1176.748,1.5776743
1177.334,1.5772816
1177.92,1.5768892
1178.506,1.5764971
1179.092,1.5761054
1179.678,1.5757138
1180.264,1.5753225
1180.85,1.5749316
1181.436,1.574541
1182.022,1.5741507
1182.608,1.5737606
1183.194,1.5733708
1183.78,1.5729814
1184.366,1.5725921
1184.952,1.5722033
1185.538,1.5718147
1186.124,1.5714264
1186.71,1.5710384
1187.296,1.5706506
1187.882,1.5702631
1188.468,1.569876
1189.054,1.5694891
1189.64,1.5691025
1190.226,1.5687163
1190.812,1.5683303
1191.398,1.5679445
1191.984,1.5675591
1192.57,1.567174
1193.156,1.5667892
1193.742,1.5664046
1194.328,1.5660203
1194.914,1.5656362
1195.5,1.5652525
1196.086,1.564869
1196.672,1.5644859
1197.258,1.564103
1197.844,1.5637203
1198.43,1.5633382
1199.016,1.5629561
1199.602,1.5625743
1200.188,1.5621929
1200.774,1.5618117
1201.36,1.5614308
1201.946,1.5610502
1202.532,1.5606698
1203.118,1.5602897
1203.704,1.5599099
1204.29,1.5595305
1204.876,1.5591512
1205.462,1.5587723
1206.048,1.5583936
1206.634,1.5580151
1207.22,1.5576371
1207.806,1.5572592
1208.392,1.5568817
1208.978,1.5565044
1209.564,1.5561274
1210.15,1.5557506
1210.736,1.5553741
1211.322,1.5549979
1211.908,1.5546221
1212.494,1.5542464
1213.08,1.5538712
1213.666,1.553496
1214.252,1.5531212
1214.838,1.5527467
1215.424,1.5523723
1216.01,1.5519984
1216.596,1.5516247
1217.182,1.5512512
1217.768,1.550878
1218.354,1.5505052
1218.94,1.5501325
1219.526,1.5497601
1220.112,1.5493881
1220.698,1.5490161
1221.284,1.5486447
1221.87,1.5482733
1222.456,1.5479023
1223.042,1.5475315
1223.628,1.5471611
1224.214,1.5467908
1224.8,1.5464209
1225.386,1.5460511
1225.972,1.5456818
1226.558,1.5453126
1227.144,1.5449438
1227.73,1.5445752
1228.316,1.5442067
1228.902,1.5438387
1229.488,1.5434707
1230.074,1.5431029
1230.66,1.5427353
1231.246,1.5423679
1231.832,1.542001
1232.418,1.5416342
1233.004,1.5412678
1233.59,1.5409015
1234.176,1.5405356
1234.762,1.5401697
1235.348,1.5398043
1235.934,1.5394392
1236.52,1.5390742
1237.106,1.5387095
1237.692,1.5383452
1238.278,1.537981
1238.864,1.5376172
1239.45,1.5372535
1240.036,1.5368901
1240.622,1.5365272
1241.208,1.5361643
1241.794,1.5358018
1242.38,1.5354395
1242.966,1.5350773
1243.552,1.5347155
1244.138,1.5343541
1244.724,1.5339928
1245.31,1.5336318
1245.896,1.5332711
1246.482,1.5329105
1247.068,1.5325503
1247.654,1.5321903
1248.24,1.5318305
1248.826,1.5314711
1249.412,1.531112
1249.998,1.5307529
1250.584,1.5303942
1251.17,1.5300357
1251.756,1.5296776
1252.342,1.5293196
1252.928,1.528962
1253.514,1.5286045
1254.1,1.5282474
1254.686,1.5278904
1255.272,1.5275338
1255.858,1.5271773
1256.444,1.5268213
1257.03,1.5264653
1257.616,1.5261096
1258.202,1.5257542
1258.788,1.5253991
1259.374,1.5250441
1259.96,1.5246894
1260.546,1.524335
1261.132,1.5239809
1261.718,1.523627
1262.304,1.5232733
1262.89,1.5229199
1263.476,1.5225668
1264.062,1.5222138
1264.648,1.5218612
1265.234,1.5215087
1265.82,1.5211565
1266.406,1.5208046
1266.992,1.520453
1267.578,1.5201015
1268.164,1.5197504
1268.75,1.5193994
1269.336,1.5190487
1269.922,1.5186983
1270.508,1.5183481
1271.094,1.5179981
1271.68,1.5176485
1272.266,1.5172989
1272.852,1.5169498
1273.438,1.5166007
1274.024,1.516252
1274.61,1.5159035
1275.196,1.5155553
1275.782,1.5152073
1276.368,1.5148594
1276.954,1.5145119
1277.54,1.5141647
1278.126,1.5138175
1278.712,1.5134708
1279.298,1.5131242
1279.884,1.5127779
1280.47,1.5124319
1281.056,1.512086
1281.642,1.5117404
1282.228,1.5113951
1282.814,1.5110499
1283.4,1.510705
1283.986,1.5103604
1284.572,1.510016
1285.158,1.5096718
1285.744,1.5093279
1286.33,1.5089842
1286.916,1.5086408
1287.502,1.5082976
1288.088,1.5079546
1288.674,1.5076118
1289.26,1.5072693
1289.846,1.506927
1290.432,1.5065848
1291.018,1.5062428
1291.604,1.5059009
1292.19,1.5055592
1292.776,1.5052179
1293.362,1.5048767
1293.948,1.5045359
1294.534,1.5041952
1295.12,1.5038548
1295.706,1.5035145
1296.292,1.5031745
1296.878,1.5028349
1297.464,1.5024954
1298.05,1.5021561
1298.636,1.5018171
1299.222,1.5014783
1299.808,1.5011398
1300.394,1.5008013
1300.98,1.5004632
1301.566,1.5001253
1302.152,1.4997877
1302.738,1.4994503
1303.324,1.4991131
1303.91,1.4987761
1304.496,1.4984393
1305.082,1.4981029
1305.668,1.4977666
1306.254,1.4974306
1306.84,1.4970948
1307.426,1.4967592
1308.012,1.4964237
1308.598,1.4960886
1309.184,1.4957536
1309.77,1.495419
1310.356,1.4950846
1310.942,1.4947504
1311.528,1.4944164
1312.114,1.4940826
1312.7,1.493749
1313.286,1.4934157
1313.872,1.4930826
1314.458,1.4927497
1315.044,1.4924171
1315.63,1.4920846
1316.216,1.4917524
1316.802,1.4914204
1317.388,1.4910886
1317.974,1.4907572
1318.56,1.4904258
1319.146,1.4900948
1319.732,1.4897639
1320.318,1.4894333
1320.904,1.4891028
1321.49,1.4887726
1322.076,1.4884427
1322.662,1.4881129
1323.248,1.4877833
1323.834,1.4874541
1324.42,1.4871249
1325.006,1.486796
1325.592,1.4864674
1326.178,1.4861389
1326.764,1.4858108
1327.35,1.4854827
1327.936,1.485155
1328.522,1.4848274
1329.108,1.4845001
1329.694,1.4841729
1330.28,1.4838461
1330.866,1.4835193
1331.452,1.4831928
1332.038,1.4828666
1332.624,1.4825406
1333.21,1.4822148
1333.796,1.4818891
1334.382,1.4815638
1334.968,1.4812386
1335.554,1.4809136
1336.14,1.4805889
1336.726,1.4802644
1337.312,1.4799401
1337.898,1.4796159
1338.484,1.479292
1339.07,1.4789684
1339.656,1.478645
1340.242,1.4783217
1340.828,1.4779987
1341.414,1.4776759
1342,1.4773532
1342.586,1.4770309
1343.172,1.4767087
1343.758,1.4763868
1344.344,1.476065
1344.93,1.4757434
1345.516,1.4754221
1346.102,1.475101
1346.688,1.4747801
1347.274,1.4744594
1347.86,1.474139
1348.446,1.4738187
1349.032,1.4734986
1349.618,1.4731787
1350.204,1.4728591
1350.79,1.4725397
1351.376,1.4722204
1351.962,1.4719014
1352.548,1.4715825
1353.134,1.471264
1353.72,1.4709456
1354.306,1.4706274
1354.892,1.4703094
1355.478,1.4699917
1356.064,1.4696741
1356.65,1.4693568
1357.236,1.4690396
1357.822,1.4687227
1358.408,1.468406
1358.994,1.4680895
1359.58,1.4677731
1360.166,1.4674569
1360.752,1.467141
1361.338,1.4668254
1361.924,1.4665098
1362.51,1.4661946
1363.096,1.4658794
1363.682,1.4655646
1364.268,1.4652499
1364.854,1.4649354
1365.44,1.4646212
1366.026,1.4643071
1366.612,1.4639932
1367.198,1.4636796
1367.784,1.463366
1368.37,1.4630527
1368.956,1.4627397
1369.542,1.4624269
1370.128,1.4621142
1370.714,1.4618015
1371.3,1.4614891
1371.886,1.4611768
1372.472,1.4608647
1373.058,1.4605529
1373.644,1.4602413
1374.23,1.4599298
1374.816,1.4596186
1375.402,1.4593074
1375.988,1.4589967
1376.574,1.458686
1377.16,1.4583756
1377.746,1.4580653
1378.332,1.4577552
1378.918,1.4574454
1379.504,1.4571358
1380.09,1.4568263
1380.676,1.4565171
1381.262,1.456208
1381.848,1.4558991
1382.434,1.4555905
1383.02,1.4552821
1383.606,1.4549738
1384.192,1.4546658
1384.778,1.4543579
1385.364,1.4540502
1385.95,1.4537427
1386.536,1.4534354
1387.122,1.4531283
1387.708,1.4528214
1388.294,1.4525146
1388.88,1.4522083
1389.466,1.4519019
1390.052,1.4515958
1390.638,1.4512899
1391.224,1.4509841
1391.81,1.4506787
1392.396,1.4503733
1392.982,1.4500682
1393.568,1.4497632
1394.154,1.4494585
1394.74,1.4491539
1395.326,1.4488496
1395.912,1.4485453
1396.498,1.4482414
1397.084,1.4479376
1397.67,1.447634
1398.256,1.4473306
1398.842,1.4470274
1399.428,1.4467244
1400.014,1.4464215
1400.6,1.446119
1401.186,1.4458165
1401.772,1.4455142
1402.358,1.4452121
1402.944,1.4449103
1403.53,1.4446086
1404.116,1.4443071
1404.702,1.4440058
1405.288,1.4437046
1405.874,1.4434037
1406.46,1.443103
1407.046,1.4428024
1407.632,1.442502
1408.218,1.4422019
1408.804,1.4419019
1409.39,1.4416021
1409.976,1.4413025
1410.562,1.4410031
1411.148,1.4407039
1411.734,1.4404049
1412.32,1.4401059
1412.906,1.4398073
1413.492,1.4395088
1414.078,1.4392105
1414.664,1.4389124
1415.25,1.4386145
1415.836,1.4383167
1416.422,1.4380192
1417.008,1.4377218
1417.594,1.4374245
1418.18,1.4371276
1418.766,1.4368308
1419.352,1.4365342
1419.938,1.4362377
1420.524,1.4359415
1421.11,1.4356455
1421.696,1.4353495
1422.282,1.4350537
1422.868,1.4347583
1423.454,1.4344629
1424.04,1.4341677
1424.626,1.4338728
1425.212,1.433578
1425.798,1.4332833
1426.384,1.4329889
1426.97,1.4326947
1427.556,1.4324007
1428.142,1.4321067
1428.728,1.4318131
1429.314,1.4315195
1429.9,1.4312261
1430.486,1.430933
1431.072,1.43064
1431.658,1.4303472
1432.244,1.4300547
1432.83,1.4297622
1433.416,1.4294699
1434.002,1.4291779
1434.588,1.4288859
1435.174,1.4285942
1435.76,1.4283028
1436.346,1.4280114
1436.932,1.4277202
1437.518,1.4274292
1438.104,1.4271383
1438.69,1.4268477
1439.276,1.4265572
1439.862,1.4262669
1440.448,1.4259769
1441.034,1.425687
1441.62,1.4253972
1442.206,1.4251076
1442.792,1.4248182
1443.378,1.424529
1443.964,1.4242399
1444.55,1.423951
1445.136,1.4236623
1445.722,1.4233738
1446.308,1.4230855
1446.894,1.4227973
1447.48,1.4225093
1448.066,1.4222215
1448.652,1.4219339
1449.238,1.4216464
1449.824,1.4213591
1450.41,1.421072
1450.996,1.4207851
1451.582,1.4204983
1452.168,1.4202117
1452.754,1.4199253
1453.34,1.419639
1453.926,1.419353
1454.512,1.419067
1455.098,1.4187814
1455.684,1.4184958
1456.27,1.4182104
1456.856,1.4179252
1457.442,1.4176402
1458.028,1.4173553
1458.614,1.4170706
1459.2,1.4167861
1459.786,1.4165018
1460.372,1.4162176
1460.958,1.4159336
1461.544,1.4156498
1462.13,1.4153661
1462.716,1.4150827
1463.302,1.4147993
1463.888,1.4145162
1464.474,1.4142332
1465.06,1.4139504
1465.646,1.4136678
1466.232,1.4133853
1466.818,1.413103
1467.404,1.4128209
1467.99,1.4125389
1468.576,1.4122571
1469.162,1.4119755
1469.748,1.411694
1470.334,1.4114127
1470.92,1.4111316
1471.506,1.4108508
1472.092,1.4105699
1472.678,1.4102893
1473.264,1.4100089
1473.85,1.4097286
1474.436,1.4094485
1475.022,1.4091686
1475.608,1.4088888
1476.194,1.4086092
1476.78,1.4083297
1477.366,1.4080505
1477.952,1.4077713
1478.538,1.4074924
1479.124,1.4072137
1479.71,1.4069351
1480.296,1.4066566
1480.882,1.4063784
1481.468,1.4061003
1482.054,1.4058224
1482.64,1.4055445
1483.226,1.4052669
1483.812,1.4049895
1484.398,1.4047122
1484.984,1.404435
1485.57,1.4041581
1486.156,1.4038813
1486.742,1.4036047
1487.328,1.4033282
1487.914,1.403052
1488.5,1.4027759
1489.086,1.4024999
1489.672,1.4022241
1490.258,1.4019485
1490.844,1.401673
1491.43,1.4013975
1492.016,1.4011222
1492.602,1.4008471
1493.188,1.4005721
1493.774,1.4002973
1494.36,1.4000226
1494.946,1.3997482
1495.532,1.3994739
1496.118,1.3991997
1496.704,1.3989258
1497.29,1.398652
1497.876,1.3983783
1498.462,1.3981048
1499.048,1.3978314
1499.634,1.3975582
1500.22,1.3972852
1500.806,1.3970125
1501.392,1.3967397
1501.978,1.3964672
1502.564,1.3961948
1503.15,1.3959227
1503.736,1.3956505
1504.322,1.3953787
1504.908,1.3951069
1505.494,1.3948354
1506.08,1.3945639
1506.666,1.3942927
1507.252,1.3940215
1507.838,1.3937507
1508.424,1.3934798
1509.01,1.3932092
1509.596,1.3929387
1510.182,1.3926685
1510.768,1.3923982
1511.354,1.3921282
1511.94,1.3918585
1512.526,1.3915888
1513.112,1.3913193
1513.698,1.3910499
1514.284,1.3907807
1514.87,1.3905116
1515.456,1.3902427
1516.042,1.389974
1516.628,1.3897054
1517.214,1.389437
1517.8,1.3891687
1518.386,1.3889005
1518.972,1.3886327
1519.558,1.3883648
1520.144,1.3880972
1520.73,1.3878298
1521.316,1.3875624
1521.902,1.3872951
1522.488,1.3870281
1523.074,1.3867613
1523.66,1.3864945
1524.246,1.386228
1524.832,1.3859615
1525.418,1.3856953
1526.004,1.3854293
1526.59,1.3851632
1527.176,1.3848975
1527.762,1.3846318
1528.348,1.3843663
1528.934,1.3841009
1529.52,1.3838358
1530.106,1.3835708
1530.692,1.3833059
1531.278,1.3830411
1531.864,1.3827766
1532.45,1.3825121
1533.036,1.3822479
1533.622,1.3819838
1534.208,1.3817198
1534.794,1.3814559
1535.38,1.3811923
1535.966,1.3809288
1536.552,1.3806654
1537.138,1.3804022
1537.724,1.3801391
1538.31,1.3798763
1538.896,1.3796135
1539.482,1.3793509
1540.068,1.3790884
1540.654,1.3788261
1541.24,1.378564
1541.826,1.378302
1542.412,1.3780401
1542.998,1.3777784
1543.584,1.3775169
1544.17,1.3772554
1544.756,1.3769941
1545.342,1.3767331
1545.928,1.3764721
1546.514,1.3762112
1547.1,1.3759506
1547.686,1.3756901
1548.272,1.3754296
1548.858,1.3751694
1549.444,1.3749094
1550.03,1.3746494
1550.616,1.3743896
1551.202,1.37413
1551.788,1.3738705
1552.374,1.3736112
1552.96,1.3733521
1553.546,1.373093
1554.132,1.3728341
1554.718,1.3725753
1555.304,1.3723167
1555.89,1.3720583
1556.476,1.3717999
1557.062,1.3715417
1557.648,1.3712838
1558.234,1.3710259
1558.82,1.3707682
1559.406,1.3705106
1559.992,1.3702531
1560.578,1.3699958
1561.164,1.3697387
1561.75,1.3694817
1562.336,1.3692248
1562.922,1.3689681
1563.508,1.3687116
1564.094,1.3684552
1564.68,1.3681989
1565.266,1.3679427
1565.852,1.3676867
1566.438,1.3674309
1567.024,1.3671752
1567.61,1.3669196
1568.196,1.3666642
1568.782,1.3664089
1569.368,1.3661538
1569.954,1.3658988
1570.54,1.365644
1571.126,1.3653892
1571.712,1.3651347
1572.298,1.3648803
1572.884,1.364626
1573.47,1.3643719
1574.056,1.3641179
1574.642,1.3638641
1575.228,1.3636104
1575.814,1.3633567
1576.4,1.3631034
1576.986,1.3628501
1577.572,1.3625969
1578.158,1.3623439
1578.744,1.3620911
1579.33,1.3618383
1579.916,1.3615857
1580.502,1.3613334
1581.088,1.361081
1581.674,1.3608289
1582.26,1.3605769
1582.846,1.360325
1583.432,1.3600733
1584.018,1.3598217
1584.604,1.3595703
1585.19,1.359319
1585.776,1.3590678
1586.362,1.3588167
1586.948,1.3585658
1587.534,1.3583151
1588.12,1.3580644
1588.706,1.357814
1589.292,1.3575636
1589.878,1.3573134
1590.464,1.3570634
1591.05,1.3568134
1591.636,1.3565637
1592.222,1.3563139
1592.808,1.3560644
1593.394,1.3558151
1593.98,1.3555659
1594.566,1.3553168
1595.152,1.3550678
1595.738,1.3548189
1596.324,1.3545703
1596.91,1.3543217
1597.496,1.3540733
1598.082,1.3538251
1598.668,1.3535769
1599.254,1.3533289
1599.84,1.3530811
1600.426,1.3528333
1601.012,1.3525857
1601.598,1.3523383
1602.184,1.352091
1602.77,1.3518437
1603.356,1.3515967
1603.942,1.3513498
1604.528,1.3511029
1605.114,1.3508564
1605.7,1.3506099
1606.286,1.3503635
1606.872,1.3501172
1607.458,1.3498712
1608.044,1.3496251
1608.63,1.3493793
1609.216,1.3491336
1609.802,1.348888
1610.388,1.3486426
1610.974,1.3483974
1611.56,1.3481522
1612.146,1.3479072
1612.732,1.3476622
1613.318,1.3474175
1613.904,1.3471729
1614.49,1.3469284
1615.076,1.346684
1615.662,1.3464397
1616.248,1.3461957
1616.834,1.3459517
1617.42,1.3457079
1618.006,1.3454641
1618.592,1.3452206
1619.178,1.3449771
1619.764,1.3447338
1620.35,1.3444906
1620.936,1.3442476
1621.522,1.3440048
1622.108,1.3437619
1622.694,1.3435193
1623.28,1.3432767
1623.866,1.3430344
1624.452,1.3427922
1625.038,1.34255
1625.624,1.342308
1626.21,1.3420662
1626.796,1.3418245
1627.382,1.3415829
1627.968,1.3413414
1628.554,1.3411001
1629.14,1.3408589
1629.726,1.3406178
1630.312,1.3403769
1630.898,1.3401361
1631.484,1.3398954
1632.07,1.3396548
1632.656,1.3394144
1633.242,1.3391742
1633.828,1.3389339
1634.414,1.3386939
1635,1.338454
1635.586,1.3382142
1636.172,1.3379745
1636.758,1.3377351
1637.344,1.3374956
1637.93,1.3372563
1638.516,1.3370172
1639.102,1.3367782
1639.688,1.3365394
1640.274,1.3363006
1640.86,1.336062
1641.446,1.3358234
1642.032,1.3355851
1642.618,1.3353468
1643.204,1.3351088
1643.79,1.3348708
1644.376,1.3346329
1644.962,1.3343952
1645.548,1.3341576
1646.134,1.3339201
1646.72,1.3336828
1647.306,1.3334455
1647.892,1.3332084
1648.478,1.3329715
1649.064,1.3327346
1649.65,1.3324978
1650.236,1.3322613
1650.822,1.3320248
1651.408,1.3317885
1651.994,1.3315523
1652.58,1.3313162
1653.166,1.3310802
1653.752,1.3308444
1654.338,1.3306087
1654.924,1.330373
1655.51,1.3301376
1656.096,1.3299023
1656.682,1.3296671
1657.268,1.329432
1657.854,1.329197
1658.44,1.3289622
1659.026,1.3287275
1659.612,1.3284929
1660.198,1.3282584
1660.784,1.328024
1661.37,1.3277899
1661.956,1.3275558
1662.542,1.3273218
1663.128,1.327088
1663.714,1.3268542
1664.3,1.3266206
1664.886,1.3263872
1665.472,1.3261538
1666.058,1.3259206
1666.644,1.3256875
1667.23,1.3254545
1667.816,1.3252217
1668.402,1.3249888
1668.988,1.3247563
1669.574,1.3245238
1670.16,1.3242913
1670.746,1.3240591
1671.332,1.323827
1671.918,1.323595
1672.504,1.3233632
1673.09,1.3231314
1673.676,1.3228997
1674.262,1.3226682
1674.848,1.3224368
1675.434,1.3222055
1676.02,1.3219744
1676.606,1.3217434
1677.192,1.3215125
1677.778,1.3212817
1678.364,1.321051
1678.95,1.3208205
1679.536,1.32059
1680.122,1.3203597
1680.708,1.3201296
1681.294,1.3198994
1681.88,1.3196695
1682.466,1.3194398
1683.052,1.3192101
1683.638,1.3189805
1684.224,1.318751
1684.81,1.3185216
1685.396,1.3182924
1685.982,1.3180633
1686.568,1.3178343
1687.154,1.3176054
1687.74,1.3173767
1688.326,1.3171481
1688.912,1.3169196
1689.498,1.3166912
1690.084,1.3164629
1690.67,1.3162347
1691.256,1.3160067
1691.842,1.3157787
1692.428,1.3155509
1693.014,1.3153234
1693.6,1.3150958
1694.186,1.3148683
1694.772,1.314641
1695.358,1.3144138
1695.944,1.3141867
1696.53,1.3139597
1697.116,1.3137329
1697.702,1.3135061
1698.288,1.3132795
1698.874,1.313053
1699.46,1.3128266
1700.046,1.3126003
1700.632,1.3123741
1701.218,1.3121481
1701.804,1.3119222
1702.39,1.3116964
1702.976,1.3114707
1703.562,1.3112452
1704.148,1.3110197
1704.734,1.3107944
1705.32,1.3105692
1705.906,1.310344
1706.492,1.310119
1707.078,1.3098942
1707.664,1.3096694
1708.25,1.3094448
1708.836,1.3092203
1709.422,1.3089958
1710.008,1.3087715
1710.594,1.3085474
1711.18,1.3083233
1711.766,1.3080994
1712.352,1.3078755
1712.938,1.3076518
1713.524,1.3074281
1714.11,1.3072047
1714.696,1.3069813
1715.282,1.306758
1715.868,1.3065349
1716.454,1.3063118
1717.04,1.3060889
1717.626,1.3058661
1718.212,1.3056434
1718.798,1.3054209
1719.384,1.3051984
1719.97,1.3049761
1720.556,1.3047538
1721.142,1.3045317
1721.728,1.3043097
1722.314,1.3040878
1722.9,1.303866
1723.486,1.3036443
1724.072,1.3034228
1724.658,1.3032013
1725.244,1.3029801
1725.83,1.3027588
1726.416,1.3025377
1727.002,1.3023167
1727.588,1.3020958
1728.174,1.301875
1728.76,1.3016543
1729.346,1.3014338
1729.932,1.3012134
1730.518,1.3009931
1731.104,1.3007729
1731.69,1.3005528
1732.276,1.3003328
1732.862,1.300113
1733.448,1.2998931
1734.034,1.2996736
1734.62,1.299454
1735.206,1.2992345
1735.792,1.2990153
1736.378,1.2987961
1736.964,1.298577
1737.55,1.298358
1738.136,1.2981391
1738.722,1.2979203
1739.308,1.2977017
1739.894,1.2974831
1740.48,1.2972647
1741.066,1.2970463
1741.652,1.2968282
1742.238,1.29661
1742.824,1.2963921
1743.41,1.2961742
1743.996,1.2959564
1744.582,1.2957387
1745.168,1.2955213
1745.754,1.2953037
1746.34,1.2950864
1746.926,1.2948692
1747.512,1.2946521
1748.098,1.294435
1748.684,1.2942182
1749.27,1.2940013
1749.856,1.2937847
1750.442,1.2935681
1751.028,1.2933517
1751.614,1.2931353
1752.2,1.292919
1752.786,1.2927029
1753.372,1.2924869
1753.958,1.292271
1754.544,1.2920551
1755.13,1.2918395
1755.716,1.2916238
1756.302,1.2914084
1756.888,1.291193
1757.474,1.2909777
1758.06,1.2907625
1758.646,1.2905475
1759.232,1.2903326
1759.818,1.2901177
1760.404,1.2899029
1760.99,1.2896883
1761.576,1.2894738
1762.162,1.2892594
1762.748,1.2890451
1763.334,1.2888309
1763.92,1.2886168
1764.506,1.2884028
1765.092,1.2881889
1765.678,1.2879752
1766.264,1.2877614
1766.85,1.2875479
1767.436,1.2873344
1768.022,1.2871212
1768.608,1.2869079
1769.194,1.2866948
1769.78,1.2864817
1770.366,1.2862688
1770.952,1.2860559
1771.538,1.2858433
1772.124,1.2856307
1772.71,1.2854182
1773.296,1.2852057
1773.882,1.2849934
1774.468,1.2847812
1775.054,1.2845691
1775.64,1.2843572
1776.226,1.2841454
1776.812,1.2839335
1777.398,1.2837219
1777.984,1.2835103
1778.57,1.2832989
1779.156,1.2830875
1779.742,1.2828763
1780.328,1.2826651
1780.914,1.2824541
1781.5,1.2822431
1782.086,1.2820324
1782.672,1.2818216
1783.258,1.281611
1783.844,1.2814004
1784.43,1.28119
1785.016,1.2809798
1785.602,1.2807696
1786.188,1.2805594
1786.774,1.2803495
1787.36,1.2801396
1787.946,1.2799298
1788.532,1.2797201
1789.118,1.2795105
1789.704,1.279301
1790.29,1.2790916
1790.876,1.2788824
1791.462,1.2786732
1792.048,1.2784641
1792.634,1.2782551
1793.22,1.2780463
1793.806,1.2778375
1794.392,1.2776288
1794.978,1.2774203
1795.564,1.2772118
1796.15,1.2770034
1796.736,1.2767951
1797.322,1.276587
1797.908,1.276379
1798.494,1.276171
1799.08,1.2759632
1799.666,1.2757554
1800.252,1.2755477
1800.838,1.2753402
1801.424,1.2751328
1802.01,1.2749254
1802.596,1.2747182
1803.182,1.274511
1803.768,1.274304
1804.354,1.2740971
1804.94,1.2738903
1805.526,1.2736834
1806.112,1.2734768
1806.698,1.2732702
1807.284,1.2730638
1807.87,1.2728575
1808.456,1.2726513
1809.042,1.2724452
1809.628,1.2722391
1810.214,1.2720332
1810.8,1.2718273
1811.386,1.2716216
1811.972,1.2714159
1812.558,1.2712104
1813.144,1.271005
1813.73,1.2707996
1814.316,1.2705944
1814.902,1.2703893
1815.488,1.2701843
1816.074,1.2699792
1816.66,1.2697744
1817.246,1.2695696
1817.832,1.2693651
1818.418,1.2691605
1819.004,1.2689561
1819.59,1.2687517
1820.176,1.2685474
1820.762,1.2683433
1821.348,1.2681392
1821.934,1.2679353
1822.52,1.2677314
1823.106,1.2675277
1823.692,1.2673241
1824.278,1.2671205
1824.864,1.266917
1825.45,1.2667136
1826.036,1.2665104
1826.622,1.2663072
1827.208,1.2661041
1827.794,1.2659012
1828.38,1.2656983
1828.966,1.2654955
1829.552,1.2652929
1830.138,1.2650902
1830.724,1.2648878
1831.31,1.2646854
1831.896,1.2644831
1832.482,1.2642809
1833.068,1.2640787
1833.654,1.2638768
1834.24,1.2636749
1834.826,1.263473
1835.412,1.2632713
1835.998,1.2630697
1836.584,1.2628682
1837.17,1.2626668
1837.756,1.2624655
1838.342,1.2622643
1838.928,1.2620631
1839.514,1.2618622
1840.1,1.2616612
1840.686,1.2614603
1841.272,1.2612596
1841.858,1.2610589
1842.444,1.2608583
1843.03,1.2606579
1843.616,1.2604575
1844.202,1.2602572
1844.788,1.2600571
1845.374,1.2598569
1845.96,1.259657
1846.546,1.2594571
1847.132,1.2592573
1847.718,1.2590576
1848.304,1.258858
1848.89,1.2586585
1849.476,1.2584591
1850.062,1.2582598
1850.648,1.2580606
1851.234,1.2578614
1851.82,1.2576624
1852.406,1.2574635
1852.992,1.2572646
1853.578,1.2570659
1854.164,1.2568672
1854.75,1.2566686
1855.336,1.2564702
1855.922,1.2562717
1856.508,1.2560735
1857.094,1.2558753
1857.68,1.2556772
1858.266,1.2554792
1858.852,1.2552813
1859.438,1.2550834
1860.024,1.2548858
1860.61,1.2546881
1861.196,1.2544906
1861.782,1.2542932
1862.368,1.2540958
1862.954,1.2538985
1863.54,1.2537014
1864.126,1.2535043
1864.712,1.2533073
1865.298,1.2531104
1865.884,1.2529136
1866.47,1.252717
1867.056,1.2525203
1867.642,1.2523239
1868.228,1.2521274
1868.814,1.2519311
1869.4,1.2517349
1869.986,1.2515388
1870.572,1.2513427
1871.158,1.2511467
1871.744,1.2509508
1872.33,1.2507551
1872.916,1.2505593
1873.502,1.2503638
1874.088,1.2501683
1874.674,1.2499728
1875.26,1.2497776
1875.846,1.2495823
1876.432,1.2493873
1877.018,1.2491921
1877.604,1.2489972
1878.19,1.2488024
1878.776,1.2486076
1879.362,1.248413
1879.948,1.2482183
1880.534,1.2480239
1881.12,1.2478294
1881.706,1.2476351
1882.292,1.2474409
1882.878,1.2472467
1883.464,1.2470527
1884.05,1.2468587
1884.636,1.2466649
1885.222,1.2464712
1885.808,1.2462775
1886.394,1.2460839
1886.98,1.2458904
1887.566,1.2456969
1888.152,1.2455037
1888.738,1.2453104
1889.324,1.2451173
1889.91,1.2449242
1890.496,1.2447312
1891.082,1.2445384
1891.668,1.2443457
1892.254,1.2441529
1892.84,1.2439603
1893.426,1.2437677
1894.012,1.2435753
1894.598,1.243383
1895.184,1.2431908
1895.77,1.2429986
1896.356,1.2428066
1896.942,1.2426146
1897.528,1.2424227
1898.114,1.2422309
1898.7,1.2420392
1899.286,1.2418476
1899.872,1.2416561
1900.458,1.2414646
1901.044,1.2412733
1901.63,1.241082
1902.216,1.2408907
1902.802,1.2406996
1903.388,1.2405087
1903.974,1.2403178
1904.56,1.240127
1905.146,1.2399362
1905.732,1.2397456
1906.318,1.239555
1906.904,1.2393645
1907.49,1.2391741
1908.076,1.2389839
1908.662,1.2387936
1909.248,1.2386036
1909.834,1.2384135
1910.42,1.2382236
1911.006,1.2380337
1911.592,1.2378439
1912.178,1.2376542
1912.764,1.2374647
1913.35,1.2372751
1913.936,1.2370857
1914.522,1.2368964
1915.108,1.2367071
1915.694,1.2365179
1916.28,1.2363288
1916.866,1.2361399
1917.452,1.2359509
1918.038,1.2357621
1918.624,1.2355734
1919.21,1.2353847
1919.796,1.2351962
1920.382,1.2350078
1920.968,1.2348194
1921.554,1.2346311
1922.14,1.2344428
1922.726,1.2342547
1923.312,1.2340667
1923.898,1.2338787
1924.484,1.2336909
1925.07,1.2335031
1925.656,1.2333153
1926.242,1.2331277
1926.828,1.2329402
1927.414,1.2327528
1928,1.2325654
1928.586,1.2323781
1929.172,1.232191
1929.758,1.2320039
1930.344,1.2318169
1930.93,1.23163
1931.516,1.231443
1932.102,1.2312564
1932.688,1.2310697
1933.274,1.2308831
1933.86,1.2306966
1934.446,1.2305101
1935.032,1.2303238
1935.618,1.2301376
1936.204,1.2299514
1936.79,1.2297653
1937.376,1.2295793
1937.962,1.2293934
1938.548,1.2292076
1939.134,1.2290218
1939.72,1.2288362
1940.306,1.2286506
1940.892,1.2284651
1941.478,1.2282797
1942.064,1.2280943
1942.65,1.2279092
1943.236,1.227724
1943.822,1.2275389
1944.408,1.2273539
1944.994,1.227169
1945.58,1.2269843
1946.166,1.2267995
1946.752,1.2266148
1947.338,1.2264303
1947.924,1.2262458
1948.51,1.2260613
1949.096,1.225877
1949.682,1.2256927
1950.268,1.2255087
1950.854,1.2253246
1951.44,1.2251406
1952.026,1.2249566
1952.612,1.2247728
1953.198,1.2245891
1953.784,1.2244055
1954.37,1.2242219
1954.956,1.2240384
1955.542,1.223855
1956.128,1.2236717
1956.714,1.2234885
1957.3,1.2233052
1957.886,1.2231221
1958.472,1.2229391
1959.058,1.2227563
1959.644,1.2225734
1960.23,1.2223907
1960.816,1.222208
1961.402,1.2220254
1961.988,1.2218429
1962.574,1.2216605
1963.16,1.2214782
1963.746,1.221296
1964.332,1.2211137
1964.918,1.2209316
1965.504,1.2207496
1966.09,1.2205677
1966.676,1.2203858
1967.262,1.2202041
1967.848,1.2200224
1968.434,1.2198408
1969.02,1.2196592
1969.606,1.2194778
1970.192,1.2192965
1970.778,1.2191151
1971.364,1.2189339
1971.95,1.2187529
1972.536,1.2185718
1973.122,1.2183908
1973.708,1.21821
1974.294,1.2180291
1974.88,1.2178484
1975.466,1.2176678
1976.052,1.2174872
1976.638,1.2173067
1977.224,1.2171264
1977.81,1.216946
1978.396,1.2167658
1978.982,1.2165856
1979.568,1.2164056
1980.154,1.2162256
1980.74,1.2160456
1981.326,1.2158659
1981.912,1.2156861
1982.498,1.2155064
1983.084,1.2153268
1983.67,1.2151473
1984.256,1.2149678
1984.842,1.2147884
1985.428,1.2146093
1986.014,1.21443
1986.6,1.2142509
1987.186,1.2140719
1987.772,1.2138928
1988.358,1.213714
1988.944,1.2135352
1989.53,1.2133565
1990.116,1.2131778
1990.702,1.2129992
1991.288,1.2128208
1991.874,1.2126423
1992.46,1.212464
1993.046,1.2122858
1993.632,1.2121077
1994.218,1.2119296
1994.804,1.2117515
1995.39,1.2115736
1995.976,1.2113957
1996.562,1.2112179
1997.148,1.2110403
1997.734,1.2108626
1998.32,1.210685
1998.906,1.2105076
1999.492,1.2103302
2000.078,1.2101529
2000.664,1.2099757
2001.25,1.2097985
2001.836,1.2096214
2002.422,1.2094444
2003.008,1.2092675
2003.594,1.2090907
2004.18,1.2089139
2004.766,1.2087373
2005.352,1.2085606
2005.938,1.208384
2006.524,1.2082076
2007.11,1.2080313
2007.696,1.207855
2008.282,1.2076788
2008.868,1.2075026
2009.454,1.2073265
2010.04,1.2071505
2010.626,1.2069746
2011.212,1.2067988
2011.798,1.206623
2012.384,1.2064474
2012.97,1.2062718
2013.556,1.2060962
2014.142,1.2059207
2014.728,1.2057453
2015.314,1.2055701
2015.9,1.2053949
2016.486,1.2052197
2017.072,1.2050446
2017.658,1.2048696
2018.244,1.2046947
2018.83,1.2045199
2019.416,1.2043451
2020.002,1.2041703
2020.588,1.2039958
2021.174,1.2038212
2021.76,1.2036468
2022.346,1.2034724
2022.932,1.2032981
2023.518,1.2031239
2024.104,1.2029498
2024.69,1.2027756
2025.276,1.2026016
2025.862,1.2024276
2026.448,1.2022538
2027.034,1.20208
2027.62,1.2019063
2028.206,1.2017328
2028.792,1.2015592
2029.378,1.2013857
2029.964,1.2012123
2030.55,1.201039
2031.136,1.2008657
2031.722,1.2006925
2032.308,1.2005194
2032.894,1.2003464
2033.48,1.2001735
2034.066,1.2000005
2034.652,1.1998278
2035.238,1.1996551
2035.824,1.1994824
2036.41,1.1993098
2036.996,1.1991373
2037.582,1.198965
2038.168,1.1987926
2038.754,1.1986202
2039.34,1.1984481
2039.926,1.1982759
2040.512,1.1981039
2041.098,1.1979319
2041.684,1.19776
2042.27,1.1975881
2042.856,1.1974164
2043.442,1.1972446
2044.028,1.1970731
2044.614,1.1969016
2045.2,1.19673
2045.786,1.1965587
2046.372,1.1963873
2046.958,1.1962161
2047.544,1.1960449
2048.13,1.1958739
2048.716,1.1957028
2049.302,1.1955318
2049.888,1.195361
2050.474,1.1951902
2051.06,1.1950195
2051.646,1.1948488
2052.232,1.1946782
2052.818,1.1945077
2053.404,1.1943372
2053.99,1.1941669
2054.576,1.1939967
2055.162,1.1938264
2055.748,1.1936562
2056.334,1.1934862
2056.92,1.1933162
2057.506,1.1931463
2058.092,1.1929765
2058.678,1.1928066
2059.264,1.192637
2059.85,1.1924673
2060.436,1.1922977
2061.022,1.1921283
2061.608,1.1919589
2062.194,1.1917895
2062.78,1.1916202
2063.366,1.1914511
2063.952,1.1912819
2064.538,1.1911129
2065.124,1.1909438
2065.71,1.1907749
2066.296,1.1906061
2066.882,1.1904373
2067.468,1.1902686
2068.054,1.1901
2068.64,1.1899315
2069.226,1.1897629
2069.812,1.1895946
2070.398,1.1894262
2070.984,1.189258
2071.57,1.1890898
2072.156,1.1889217
2072.742,1.1887536
2073.328,1.1885856
2073.914,1.1884178
2074.5,1.1882499
2075.086,1.1880821
2075.672,1.1879144
2076.258,1.1877468
2076.844,1.1875793
2077.43,1.1874118
2078.016,1.1872444
2078.602,1.187077
2079.188,1.1869098
2079.774,1.1867425
2080.36,1.1865754
2080.946,1.1864084
2081.532,1.1862414
2082.118,1.1860745
2082.704,1.1859076
2083.29,1.1857409
2083.876,1.1855742
2084.462,1.1854075
2085.048,1.185241
2085.634,1.1850744
2086.22,1.184908
2086.806,1.1847417
2087.392,1.1845754
2087.978,1.1844093
2088.564,1.1842431
2089.15,1.184077
2089.736,1.183911
2090.322,1.1837451
2090.908,1.1835792
2091.494,1.1834134
2092.08,1.1832477
2092.666,1.1830821
2093.252,1.1829165
2093.838,1.1827509
2094.424,1.1825856
2095.01,1.1824201
2095.596,1.1822549
2096.182,1.1820897
2096.768,1.1819245
2097.354,1.1817594
2097.94,1.1815944
2098.526,1.1814294
2099.112,1.1812645
2099.698,1.1810997
2100.284,1.1809349
2100.87,1.1807703
2101.456,1.1806056
2102.042,1.1804411
2102.628,1.1802766
2103.214,1.1801122
2103.8,1.179948
2104.386,1.1797837
2104.972,1.1796194
2105.558,1.1794554
2106.144,1.1792912
2106.73,1.1791273
2107.316,1.1789634
2107.902,1.1787995
2108.488,1.1786357
2109.074,1.178472
2109.66,1.1783084
2110.246,1.1781448
2110.832,1.1779814
2111.418,1.1778179
2112.004,1.1776545
2112.59,1.1774912
2113.176,1.177328
2113.762,1.1771648
2114.348,1.1770017
2114.934,1.1768386
2115.52,1.1766757
2116.106,1.1765128
2116.692,1.17635
2117.278,1.1761872
2117.864,1.1760246
2118.45,1.175862
2119.036,1.1756994
2119.622,1.1755369
2120.208,1.1753744
2120.794,1.175212
2121.38,1.1750498
2121.966,1.1748875
2122.552,1.1747254
2123.138,1.1745633
2123.724,1.1744013
2124.31,1.1742394
2124.896,1.1740775
2125.482,1.1739156
2126.068,1.173754
2126.654,1.1735922
2127.24,1.1734306
2127.826,1.173269
2128.412,1.1731076
2128.998,1.1729462
2129.584,1.1727848
2130.17,1.1726235
2130.756,1.1724623
2131.342,1.1723012
2131.928,1.1721401
2132.514,1.1719791
2133.1,1.1718181
2133.686,1.1716573
2134.272,1.1714965
2134.858,1.1713357
2135.444,1.171175
2136.03,1.1710143
2136.616,1.1708537
2137.202,1.1706932
2137.788,1.1705327
2138.374,1.1703722
2138.96,1.1702119
2139.546,1.1700516
2140.132,1.1698914
2140.718,1.1697311
2141.304,1.169571
2141.89,1.1694111
2142.476,1.1692511
2143.062,1.1690911
2143.648,1.1689314
2144.234,1.1687715
2144.82,1.1686119
2145.406,1.1684521
2145.992,1.1682926
2146.578,1.1681331
2147.164,1.1679736
2147.75,1.1678143
2148.336,1.167655
2148.922,1.1674957
2149.508,1.1673365
2150.094,1.1671773
2150.68,1.1670183
2151.266,1.1668594
2151.852,1.1667004
2152.438,1.1665416
2153.024,1.1663828
2153.61,1.166224
2154.196,1.1660653
2154.782,1.1659068
2155.368,1.1657482
2155.954,1.1655897
2156.54,1.1654314
2157.126,1.165273
2157.712,1.1651146
2158.298,1.1649565
2158.884,1.1647984
2159.47,1.1646403
2160.056,1.1644822
2160.642,1.1643243
2161.228,1.1641665
2161.814,1.1640086
2162.4,1.1638508
2162.986,1.1636931
2163.572,1.1635355
2164.158,1.1633779
2164.744,1.1632204
2165.33,1.1630629
2165.916,1.1629056
2166.502,1.1627482
2167.088,1.162591
2167.674,1.1624339
2168.26,1.1622767
2168.846,1.1621196
2169.432,1.1619626
2170.018,1.1618057
2170.604,1.1616489
2171.19,1.1614921
2171.776,1.1613353
2172.362,1.1611787
2172.948,1.1610221
2173.534,1.1608654
2174.12,1.160709
2174.706,1.1605526
2175.292,1.1603962
2175.878,1.1602399
2176.464,1.1600837
2177.05,1.1599275
2177.636,1.1597714
2178.222,1.1596154
2178.808,1.1594595
2179.394,1.1593034
2179.98,1.1591476
2180.566,1.1589918
2181.152,1.1588361
2181.738,1.1586804
2182.324,1.1585249
2182.91,1.1583693
2183.496,1.1582139
2184.082,1.1580584
2184.668,1.1579031
2185.254,1.1577477
2185.84,1.1575925
2186.426,1.1574374
2187.012,1.1572822
2187.598,1.1571273
2188.184,1.1569723
2188.77,1.1568173
2189.356,1.1566625
2189.942,1.1565077
2190.528,1.156353
2191.114,1.1561984
2191.7,1.1560438
2192.286,1.1558892
2192.872,1.1557348
2193.458,1.1555803
2194.044,1.1554259
2194.63,1.1552716
2195.216,1.1551174
2195.802,1.1549633
2196.388,1.1548091
2196.974,1.1546551
2197.56,1.1545011
2198.146,1.1543472
2198.732,1.1541934
2199.318,1.1540396
2199.904,1.1538858
2200.49,1.1537322
2201.076,1.1535785
2201.662,1.153425
2202.248,1.1532716
2202.834,1.1531181
2203.42,1.1529647
2204.006,1.1528114
2204.592,1.1526582
2205.178,1.1525049
2205.764,1.1523519
2206.35,1.1521988
2206.936,1.1520458
2207.522,1.1518929
2208.108,1.15174
2208.694,1.1515872
2209.28,1.1514344
2209.866,1.1512817
2210.452,1.1511291
2211.038,1.1509765
2211.624,1.1508241
2212.21,1.1506716
2212.796,1.1505191
2213.382,1.1503669
2213.968,1.1502146
2214.554,1.1500623
2215.14,1.1499102
2215.726,1.1497582
2216.312,1.1496061
2216.898,1.1494541
2217.484,1.1493022
2218.07,1.1491505
2218.656,1.1489986
2219.242,1.1488469
2219.828,1.1486952
2220.414,1.1485436
2221,1.1483921
2221.586,1.1482407
2222.172,1.1480892
2222.758,1.1479379
2223.344,1.1477865
2223.93,1.1476353
2224.516,1.1474842
2225.102,1.147333
2225.688,1.1471819
2226.274,1.1470309
2226.86,1.14688
2227.446,1.1467291
2228.032,1.1465783
2228.618,1.1464275
2229.204,1.1462768
2229.79,1.1461262
2230.376,1.1459756
2230.962,1.145825
2231.548,1.1456746
2232.134,1.1455241
2232.72,1.1453738
2233.306,1.1452235
2233.892,1.1450733
2234.478,1.1449232
2235.064,1.144773
2235.65,1.144623
2236.236,1.144473
2236.822,1.1443231
2237.408,1.1441733
2237.994,1.1440234
2238.58,1.1438737
2239.166,1.143724
2239.752,1.1435744
2240.338,1.1434247
2240.924,1.1432753
2241.51,1.1431258
2242.096,1.1429764
2242.682,1.142827
2243.268,1.1426778
2243.854,1.1425285
2244.44,1.1423794
2245.026,1.1422303
2245.612,1.1420811
2246.198,1.1419322
2246.784,1.1417832
2247.37,1.1416343
2247.956,1.1414856
2248.542,1.1413368
2249.128,1.1411881
2249.714,1.1410395
2250.3,1.140891
2250.886,1.1407424
2251.472,1.1405939
2252.058,1.1404456
2252.644,1.1402972
2253.23,1.1401489
2253.816,1.1400007
2254.402,1.1398525
2254.988,1.1397043
2255.574,1.1395563
2256.16,1.1394083
2256.746,1.1392604
2257.332,1.1391125
2257.918,1.1389647
2258.504,1.1388168
2259.09,1.1386691
2259.676,1.1385216
2260.262,1.138374
2260.848,1.1382264
2261.434,1.1380789
2262.02,1.1379315
2262.606,1.1377841
2263.192,1.1376368
2263.778,1.1374896
2264.364,1.1373423
2264.95,1.1371952
2265.536,1.1370481
2266.122,1.1369011
2266.708,1.1367542
2267.294,1.1366073
2267.88,1.1364604
2268.466,1.1363137
2269.052,1.1361669
2269.638,1.1360202
2270.224,1.1358737
2270.81,1.135727
2271.396,1.1355805
2271.982,1.135434
2272.568,1.1352878
2273.154,1.1351414
2273.74,1.1349951
2274.326,1.1348488
2274.912,1.1347027
2275.498,1.1345565
2276.084,1.1344105
2276.67,1.1342645
2277.256,1.1341186
2277.842,1.1339728
2278.428,1.1338269
2279.014,1.1336812
2279.6,1.1335354
2280.186,1.1333897
2280.772,1.1332442
2281.358,1.1330986
2281.944,1.1329532
2282.53,1.1328077
2283.116,1.1326623
2283.702,1.132517
2284.288,1.1323718
2284.874,1.1322266
2285.46,1.1320814
2286.046,1.1319363
2286.632,1.1317912
2287.218,1.1316463
2287.804,1.1315013
2288.39,1.1313565
2288.976,1.1312116
2289.562,1.1310669
2290.148,1.1309222
2290.734,1.1307776
2291.32,1.130633
2291.906,1.1304884
2292.492,1.1303439
2293.078,1.1301996
2293.664,1.1300552
2294.25,1.1299108
2294.836,1.1297666
2295.422,1.1296225
2296.008,1.1294782
2296.594,1.1293342
2297.18,1.1291901
2297.766,1.1290462
2298.352,1.1289022
2298.938,1.1287583
2299.524,1.1286145
2300.11,1.1284708
2300.696,1.128327
2301.282,1.1281835
2301.868,1.1280398
2302.454,1.1278963
2303.04,1.1277528
2303.626,1.1276094
2304.212,1.1274661
2304.798,1.1273227
2305.384,1.1271794
2305.97,1.1270362
2306.556,1.126893
2307.142,1.12675
2307.728,1.1266069
2308.314,1.126464
2308.9,1.1263211
2309.486,1.1261781
2310.072,1.1260353
2310.658,1.1258925
2311.244,1.1257498
2311.83,1.1256071
2312.416,1.1254646
2313.002,1.125322
2313.588,1.1251795
2314.174,1.1250371
2314.76,1.1248947
2315.346,1.1247524
2315.932,1.1246101
2316.518,1.1244678
2317.104,1.1243258
2317.69,1.1241837
2318.276,1.1240416
2318.862,1.1238996
2319.448,1.1237576
2320.034,1.1236156
2320.62,1.1234739
2321.206,1.123332
2321.792,1.1231903
2322.378,1.1230487
2322.964,1.1229069
2323.55,1.1227654
2324.136,1.1226239
2324.722,1.1224824
2325.308,1.122341
2325.894,1.1221997
2326.48,1.1220583
2327.066,1.121917
2327.652,1.1217759
2328.238,1.1216347
2328.824,1.1214937
2329.41,1.1213526
2329.996,1.1212116
2330.582,1.1210707
2331.168,1.1209298
2331.754,1.1207889
2332.34,1.1206483
2332.926,1.1205075
2333.512,1.1203668
2334.098,1.1202263
2334.684,1.1200857
2335.27,1.1199452
2335.856,1.1198047
2336.442,1.1196643
2337.028,1.119524
2337.614,1.1193837
2338.2,1.1192435
2338.786,1.1191032
2339.372,1.1189631
2339.958,1.1188231
2340.544,1.118683
2341.13,1.118543
2341.716,1.1184031
2342.302,1.1182632
2342.888,1.1181234
2343.474,1.1179837
2344.06,1.117844
2344.646,1.1177043
2345.232,1.1175647
2345.818,1.1174252
2346.404,1.1172856
2346.99,1.1171461
2347.576,1.1170068
2348.162,1.1168674
2348.748,1.1167282
2349.334,1.116589
2349.92,1.1164498
2350.506,1.1163106
2351.092,1.1161716
2351.678,1.1160326
2352.264,1.1158936
2352.85,1.1157546
2353.436,1.1156157
2354.022,1.115477
2354.608,1.1153382
2355.194,1.1151994
2355.78,1.1150608
2356.366,1.1149222
2356.952,1.1147836
2357.538,1.1146451
2358.124,1.1145067
2358.71,1.1143683
2359.296,1.1142299
2359.882,1.1140916
2360.468,1.1139534
2361.054,1.1138152
2361.64,1.113677
2362.226,1.113539
2362.812,1.1134009
2363.398,1.1132629
2363.984,1.113125
2364.57,1.1129872
2365.156,1.1128492
2365.742,1.1127115
2366.328,1.1125737
2366.914,1.1124361
2367.5,1.1122985
2368.086,1.1121609
2368.672,1.1120234
2369.258,1.1118859
2369.844,1.1117485
2370.43,1.1116111
2371.016,1.1114738
2371.602,1.1113365
2372.188,1.1111993
2372.774,1.1110622
2373.36,1.1109251
2373.946,1.110788
2374.532,1.110651
2375.118,1.110514
2375.704,1.110377
2376.29,1.11024
2376.876,1.1101031
2377.462,1.1099662
2378.048,1.1098294
2378.634,1.1096926
2379.22,1.1095558
2379.806,1.1094192
2380.392,1.1092826
2380.978,1.109146
2381.564,1.1090095
2382.15,1.108873
2382.736,1.1087366
2383.322,1.1086003
2383.908,1.108464
2384.494,1.1083277
2385.08,1.1081915
2385.666,1.1080554
2386.252,1.1079192
2386.838,1.1077832
2387.424,1.1076472
2388.01,1.1075112
2388.596,1.1073753
2389.182,1.1072394
2389.768,1.1071036
2390.354,1.1069679
2390.94,1.1068321
2391.526,1.1066965
2392.112,1.1065608
2392.698,1.1064253
2393.284,1.1062899
2393.87,1.1061543
2394.456,1.1060189
2395.042,1.1058836
2395.628,1.1057483
2396.214,1.105613
2396.8,1.1054778
2397.386,1.1053426
2397.972,1.1052076
2398.558,1.1050725
2399.144,1.1049374
2399.73,1.1048025
2400.316,1.1046677
2400.902,1.1045327
2401.488,1.1043979
2402.074,1.1042632
2402.66,1.1041285
2403.246,1.1039938
2403.832,1.1038592
2404.418,1.1037246
2405.004,1.1035901
2405.59,1.1034557
2406.176,1.1033212
2406.762,1.1031868
2407.348,1.1030525
2407.934,1.1029183
2408.52,1.102784
2409.106,1.1026499
2409.692,1.1025158
2410.278,1.1023817
2410.864,1.1022477
2411.45,1.1021137
2412.036,1.1019799
2412.622,1.1018459
2413.208,1.1017121
2413.794,1.1015784
2414.38,1.1014446
2414.966,1.101311
2415.552,1.1011773
2416.138,1.1010437
2416.724,1.1009102
2417.31,1.1007767
2417.896,1.1006433
2418.482,1.1005099
2419.068,1.1003765
2419.654,1.1002432
2420.24,1.1001101
2420.826,1.0999768
2421.412,1.0998437
2421.998,1.0997106
2422.584,1.0995775
2423.17,1.0994445
2423.756,1.0993116
2424.342,1.0991787
2424.928,1.0990459
2425.514,1.0989131
2426.1,1.0987803
2426.686,1.0986476
2427.272,1.0985149
2427.858,1.0983824
2428.444,1.0982498
2429.03,1.0981172
2429.616,1.0979848
2430.202,1.0978523
2430.788,1.09772
2431.374,1.0975877
2431.96,1.0974555
2432.546,1.0973232
2433.132,1.0971911
2433.718,1.0970589
2434.304,1.0969269
2434.89,1.0967948
2435.476,1.0966629
2436.062,1.0965309
2436.648,1.0963991
2437.234,1.0962672
2437.82,1.0961354
2438.406,1.0960037
2438.992,1.0958719
2439.578,1.0957403
2440.164,1.0956087
2440.75,1.0954772
2441.336,1.0953456
2441.922,1.0952142
2442.508,1.0950828
2443.094,1.0949514
2443.68,1.0948201
2444.266,1.0946889
2444.852,1.0945576
2445.438,1.0944265
2446.024,1.0942954
2446.61,1.0941643
2447.196,1.0940332
2447.782,1.0939022
2448.368,1.0937713
2448.954,1.0936404
2449.54,1.0935097
2450.126,1.0933788
2450.712,1.0932481
2451.298,1.0931174
2451.884,1.0929867
2452.47,1.0928562
2453.056,1.0927255
2453.642,1.0925951
2454.228,1.0924646
2454.814,1.0923342
2455.4,1.0922039
2455.986,1.0920736
2456.572,1.0919433
2457.158,1.091813
2457.744,1.0916828
2458.33,1.0915527
2458.916,1.0914226
2459.502,1.0912925
2460.088,1.0911626
2460.674,1.0910326
2461.26,1.0909027
2461.846,1.0907729
2462.432,1.090643
2463.018,1.0905133
2463.604,1.0903836
2464.19,1.0902539
2464.776,1.0901244
2465.362,1.0899948
2465.948,1.0898652
2466.534,1.0897357
2467.12,1.0896063
2467.706,1.0894769
2468.292,1.0893476
2468.878,1.0892183
2469.464,1.089089
2470.05,1.0889599
2470.636,1.0888307
2471.222,1.0887016
2471.808,1.0885725
2472.394,1.0884435
2472.98,1.0883145
2473.566,1.0881857
2474.152,1.0880568
2474.738,1.0879279
2475.324,1.0877992
2475.91,1.0876704
2476.496,1.0875417
2477.082,1.0874131
2477.668,1.0872844
2478.254,1.0871559
2478.84,1.0870274
2479.426,1.0868989
2480.012,1.0867705
2480.598,1.0866421
2481.184,1.0865139
2481.77,1.0863856
2482.356,1.0862573
2482.942,1.0861292
2483.528,1.086001
2484.114,1.0858729
2484.7,1.0857449
2485.286,1.0856168
2485.872,1.0854889
2486.458,1.085361
2487.044,1.0852331
2487.63,1.0851053
2488.216,1.0849775
2488.802,1.0848497
2489.388,1.084722
2489.974,1.0845945
2490.56,1.0844669
2491.146,1.0843394
2491.732,1.0842118
2492.318,1.0840844
2492.904,1.083957
2493.49,1.0838295
2494.076,1.0837022
2494.662,1.083575
2495.248,1.0834477
2495.834,1.0833205
2496.42,1.0831934
2497.006,1.0830663
2497.592,1.0829393
2498.178,1.0828123
2498.764,1.0826854
2499.35,1.0825584
2499.936,1.0824316
2500.522,1.0823047
2501.108,1.0821779
2501.694,1.0820512
2502.28,1.0819244
2502.866,1.0817978
2503.452,1.0816712
2504.038,1.0815446
2504.624,1.0814182
2505.21,1.0812917
2505.796,1.0811653
2506.382,1.081039
2506.968,1.0809126
2507.554,1.0807863
2508.14,1.08066
2508.726,1.0805339
2509.312,1.0804076
2509.898,1.0802816
2510.484,1.0801555
2511.07,1.0800295
2511.656,1.0799035
2512.242,1.0797776
2512.828,1.0796517
2513.414,1.0795258
2514,1.0794001
2514.586,1.0792743
2515.172,1.0791485
2515.758,1.0790229
2516.344,1.0788972
2516.93,1.0787717
2517.516,1.0786462
2518.102,1.0785207
2518.688,1.0783952
2519.274,1.0782698
2519.86,1.0781446
2520.446,1.0780191
2521.032,1.077894
2521.618,1.0777687
2522.204,1.0776435
2522.79,1.0775183
2523.376,1.0773933
2523.962,1.0772682
2524.548,1.0771433
2525.134,1.0770183
2525.72,1.0768933
2526.306,1.0767685
2526.892,1.0766437
2527.478,1.0765189
2528.064,1.0763942
2528.65,1.0762695
2529.236,1.0761448
2529.822,1.0760202
2530.408,1.0758957
2530.994,1.0757711
2531.58,1.0756466
2532.166,1.0755222
2532.752,1.0753978
2533.338,1.0752734
2533.924,1.0751492
2534.51,1.0750248
2535.096,1.0749006
2535.682,1.0747765
2536.268,1.0746524
2536.854,1.0745283
2537.44,1.0744042
2538.026,1.0742803
2538.612,1.0741563
2539.198,1.0740324
2539.784,1.0739084
2540.37,1.0737847
2540.956,1.0736609
2541.542,1.0735372
2542.128,1.0734135
2542.714,1.0732898
2543.3,1.0731661
2543.886,1.0730426
2544.472,1.0729191
2545.058,1.0727956
2545.644,1.0726721
2546.23,1.0725487
2546.816,1.0724255
2547.402,1.0723021
2547.988,1.0721788
2548.574,1.0720557
2549.16,1.0719324
2549.746,1.0718093
2550.332,1.0716863
2550.918,1.0715631
2551.504,1.0714401
2552.09,1.0713172
2552.676,1.0711943
2553.262,1.0710714
2553.848,1.0709486
2554.434,1.0708258
2555.02,1.070703
2555.606,1.0705804
2556.192,1.0704577
2556.778,1.070335
2557.364,1.0702125
2557.95,1.0700899
2558.536,1.0699674
2559.122,1.069845
2559.708,1.0697225
2560.294,1.0696001
2560.88,1.0694778
2561.466,1.0693556
2562.052,1.0692333
2562.638,1.0691111
2563.224,1.068989
2563.81,1.0688668
2564.396,1.0687448
2564.982,1.0686227
2565.568,1.0685008
2566.154,1.0683788
2566.74,1.0682569
2567.326,1.068135
2567.912,1.0680132
2568.498,1.0678915
2569.084,1.0677696
2569.67,1.0676481
2570.256,1.0675263
2570.842,1.0674047
2571.428,1.0672832
2572.014,1.0671617
2572.6,1.0670402
2573.186,1.0669187
2573.772,1.0667974
2574.358,1.066676
2574.944,1.0665547
2575.53,1.0664334
2576.116,1.0663122
2576.702,1.066191
2577.288,1.0660698
2577.874,1.0659487
2578.46,1.0658275
2579.046,1.0657064
2579.632,1.0655853
2580.218,1.0654641
2580.804,1.0653431
2581.39,1.0652221
2581.976,1.0651011
2582.562,1.0649803
2583.148,1.0648594
2583.734,1.0647386
2584.32,1.0646178
2584.906,1.0644971
2585.492,1.0643764
2586.078,1.0642557
2586.664,1.0641351
2587.25,1.0640144
2587.836,1.0638939
2588.422,1.0637735
2589.008,1.063653
2589.594,1.0635326
2590.18,1.0634123
2590.766,1.0632919
2591.352,1.0631716
2591.938,1.0630513
2592.524,1.0629312
2593.11,1.062811
2593.696,1.0626909
2594.282,1.0625708
2594.868,1.0624508
2595.454,1.0623307
2596.04,1.0622108
2596.626,1.0620909
2597.212,1.0619711
2597.798,1.0618511
2598.384,1.0617313
2598.97,1.0616117
2599.556,1.061492
2600.142,1.0613723
2600.728,1.0612526
2601.314,1.061133
2601.9,1.0610135
2602.486,1.060894
2603.072,1.0607746
2603.658,1.0606551
2604.244,1.0605357
2604.83,1.0604163
2605.416,1.060297
2606.002,1.0601778
2606.588,1.0600586
2607.174,1.0599394
2607.76,1.0598202
2608.346,1.0597011
2608.932,1.059582
2609.518,1.059463
2610.104,1.0593441
2610.69,1.0592251
2611.276,1.0591062
2611.862,1.0589874
2612.448,1.0588685
2613.034,1.0587498
2613.62,1.0586311
2614.206,1.0585123
2614.792,1.0583936
2615.378,1.0582751
2615.964,1.0581565
2616.55,1.0580379
2617.136,1.0579194
2617.722,1.057801
2618.308,1.0576825
2618.894,1.0575641
2619.48,1.0574459
2620.066,1.0573275
2620.652,1.0572093
2621.238,1.0570911
2621.824,1.0569729
2622.41,1.0568547
2622.996,1.0567367
2623.582,1.0566187
2624.168,1.0565006
2624.754,1.0563827
2625.34,1.0562646
2625.926,1.0561469
2626.512,1.056029
2627.098,1.0559111
2627.684,1.0557933
2628.27,1.0556756
2628.856,1.0555578
2629.442,1.0554402
2630.028,1.0553226
2630.614,1.0552051
2631.2,1.0550876
2631.786,1.05497
2632.372,1.0548526
2632.958,1.0547352
2633.544,1.0546178
2634.13,1.0545005
2634.716,1.0543832
2635.302,1.0542659
2635.888,1.0541487
2636.474,1.0540315
2637.06,1.0539143
2637.646,1.0537972
2638.232,1.0536802
2638.818,1.0535631
2639.404,1.0534462
2639.99,1.0533292
2640.576,1.0532123
2641.162,1.0530955
2641.748,1.0529786
2642.334,1.0528618
2642.92,1.0527451
2643.506,1.0526284
2644.092,1.0525117
2644.678,1.052395
2645.264,1.0522785
2645.85,1.0521619
2646.436,1.0520453
2647.022,1.0519289
2647.608,1.0518124
2648.194,1.0516961
2648.78,1.0515797
2649.366,1.0514634
2649.952,1.0513471
2650.538,1.0512309
2651.124,1.0511147
2651.71,1.0509986
2652.296,1.0508823
2652.882,1.0507662
2653.468,1.0506502
2654.054,1.0505342
2654.64,1.0504183
2655.226,1.0503024
2655.812,1.0501865
2656.398,1.0500706
2656.984,1.0499548
2657.57,1.049839
2658.156,1.0497233
2658.742,1.0496076
2659.328,1.0494919
2659.914,1.0493764
2660.5,1.0492607
2661.086,1.0491452
2661.672,1.0490297
2662.258,1.0489142
2662.844,1.0487988
2663.43,1.0486834
2664.016,1.048568
2664.602,1.0484527
2665.188,1.0483375
2665.774,1.0482222
2666.36,1.048107
2666.946,1.0479919
2667.532,1.0478767
2668.118,1.0477617
2668.704,1.0476466
2669.29,1.0475316
2669.876,1.0474167
2670.462,1.0473018
2671.048,1.0471869
2671.634,1.0470721
2672.22,1.0469571
2672.806,1.0468423
2673.392,1.0467277
2673.978,1.046613
2674.564,1.0464983
2675.15,1.0463837
2675.736,1.0462691
2676.322,1.0461546
2676.908,1.0460401
2677.494,1.0459256
2678.08,1.0458112
2678.666,1.0456967
2679.252,1.0455824
2679.838,1.0454681
2680.424,1.0453538
2681.01,1.0452396
2681.596,1.0451254
2682.182,1.0450112
2682.768,1.0448971
2683.354,1.044783
2683.94,1.0446689
2684.526,1.0445549
2685.112,1.0444409
2685.698,1.044327
2686.284,1.0442131
2686.87,1.0440992
2687.456,1.0439854
2688.042,1.0438716
2688.628,1.0437578
2689.214,1.0436442
2689.8,1.0435305
2690.386,1.0434169
2690.972,1.0433033
2691.558,1.0431896
2692.144,1.0430762
2692.73,1.0429627
2693.316,1.0428492
2693.902,1.0427358
2694.488,1.0426224
2695.074,1.0425091
2695.66,1.0423957
2696.246,1.0422825
2696.832,1.0421693
2697.418,1.0420561
2698.004,1.041943
2698.59,1.0418298
2699.176,1.0417167
2699.762,1.0416037
2700.348,1.0414907
2700.934,1.0413778
2701.52,1.0412648
2702.106,1.0411519
2702.692,1.0410391
2703.278,1.0409262
2703.864,1.0408134
2704.45,1.0407008
2705.036,1.040588
2705.622,1.0404754
2706.208,1.0403627
2706.794,1.0402502
2707.38,1.0401375
2707.966,1.0400251
2708.552,1.0399126
2709.138,1.0398002
2709.724,1.0396878
2710.31,1.0395753
2710.896,1.039463
2711.482,1.0393507
2712.068,1.0392385
2712.654,1.0391263
2713.24,1.039014
2713.826,1.0389019
2714.412,1.0387897
2714.998,1.0386777
2715.584,1.0385656
2716.17,1.0384537
2716.756,1.0383416
2717.342,1.0382297
2717.928,1.0381179
2718.514,1.0380061
2719.1,1.0378941
2719.686,1.0377824
2720.272,1.0376706
2720.858,1.0375589
2721.444,1.0374472
2722.03,1.0373356
2722.616,1.0372241
2723.202,1.0371125
2723.788,1.0370009
2724.374,1.0368894
2724.96,1.036778
2725.546,1.0366666
2726.132,1.0365552
2726.718,1.0364438
2727.304,1.0363325
2727.89,1.0362213
2728.476,1.03611
2729.062,1.0359988
2729.648,1.0358877
2730.234,1.0357765
2730.82,1.0356654
2731.406,1.0355544
2731.992,1.0354434
2732.578,1.0353324
2733.164,1.0352215
2733.75,1.0351105
2734.336,1.0349996
2734.922,1.0348887
2735.508,1.034778
2736.094,1.0346673
2736.68,1.0345565
2737.266,1.0344458
2737.852,1.0343351
2738.438,1.0342245
2739.024,1.0341139
2739.61,1.0340034
2740.196,1.0338929
2740.782,1.0337824
2741.368,1.033672
2741.954,1.0335616
2742.54,1.0334512
2743.126,1.0333408
2743.712,1.0332305
2744.298,1.0331203
2744.884,1.03301
2745.47,1.0328999
2746.056,1.0327897
2746.642,1.0326796
2747.228,1.0325695
2747.814,1.0324595
2748.4,1.0323495
2748.986,1.0322394
2749.572,1.0321295
2750.158,1.0320196
2750.744,1.0319097
2751.33,1.0317999
2751.916,1.0316901
2752.502,1.0315803
2753.088,1.0314707
2753.674,1.0313609
2754.26,1.0312513
2754.846,1.0311416
2755.432,1.0310321
2756.018,1.0309225
2756.604,1.030813
2757.19,1.0307035
2757.776,1.030594
2758.362,1.0304847
2758.948,1.0303752
2759.534,1.0302659
2760.12,1.0301566
2760.706,1.0300474
2761.292,1.0299381
2761.878,1.0298289
2762.464,1.0297197
2763.05,1.0296106
2763.636,1.0295016
2764.222,1.0293925
2764.808,1.0292835
2765.394,1.0291744
2765.98,1.0290656
2766.566,1.0289564
2767.152,1.0288473
2767.738,1.0287384
2768.324,1.0286293
2768.91,1.0285203
2769.496,1.0284114
2770.082,1.0283026
2770.668,1.0281937
2771.254,1.0280849
2771.84,1.027976
2772.426,1.0278673
2773.012,1.0277586
2773.598,1.02765
2774.184,1.0275413
2774.77,1.0274327
2775.356,1.0273241
2775.942,1.0272156
2776.528,1.0271071
2777.114,1.0269986
2777.7,1.0268902
2778.286,1.0267818
2778.872,1.0266734
2779.458,1.0265651
2780.044,1.0264568
2780.63,1.0263486
2781.216,1.0262403
2781.802,1.0261321
2782.388,1.026024
2782.974,1.025916
2783.56,1.0258079
2784.146,1.0256997
2784.732,1.0255917
2785.318,1.0254838
2785.904,1.0253758
2786.49,1.025268
2787.076,1.0251602
2787.662,1.0250523
2788.248,1.0249445
2788.834,1.0248368
2789.42,1.024729
2790.006,1.0246214
2790.592,1.0245137
2791.178,1.0244061
2791.764,1.0242985
2792.35,1.024191
2792.936,1.0240835
2793.522,1.023976
2794.108,1.0238686
2794.694,1.0237612
2795.28,1.0236537
2795.866,1.0235465
2796.452,1.023439
2797.038,1.0233319
2797.624,1.0232246
2798.21,1.0231174
2798.796,1.0230103
2799.382,1.0229031
2799.968,1.022796
2800.554,1.022689
2801.14,1.0225819
2801.726,1.022475
2802.312,1.022368
2802.898,1.0222611
2803.484,1.0221542
2804.07,1.0220474
2804.656,1.0219406
2805.242,1.0218338
2805.828,1.0217271
2806.414,1.0216203
2807,1.0215137
2807.586,1.021407
2808.172,1.0213004
2808.758,1.0211939
2809.344,1.0210873
2809.93,1.0209808
2810.516,1.0208744
2811.102,1.0207678
2811.688,1.0206615
2812.274,1.0205551
2812.86,1.0204488
2813.446,1.0203425
2814.032,1.0202363
2814.618,1.02013
2815.204,1.0200238
2815.79,1.0199176
2816.376,1.0198115
2816.962,1.0197054
2817.548,1.0195994
2818.134,1.0194933
2818.72,1.0193874
2819.306,1.0192814
2819.892,1.0191755
2820.478,1.0190696
2821.064,1.0189637
2821.65,1.018858
2822.236,1.0187521
2822.822,1.0186464
2823.408,1.0185407
2823.994,1.018435
2824.58,1.0183294
2825.166,1.0182238
2825.752,1.0181181
2826.338,1.0180126
2826.924,1.0179071
2827.51,1.0178016
2828.096,1.0176961
2828.682,1.0175908
2829.268,1.0174854
2829.854,1.01738
2830.44,1.0172747
2831.026,1.0171695
2831.612,1.0170642
2832.198,1.0169591
2832.784,1.0168538
2833.37,1.0167488
2833.956,1.0166436
2834.542,1.0165385
2835.128,1.0164335
2835.714,1.0163285
2836.3,1.0162235
2836.886,1.0161186
2837.472,1.0160137
2838.058,1.0159088
2838.644,1.0158039
2839.23,1.0156993
2839.816,1.0155944
2840.402,1.0154897
2840.988,1.015385
2841.574,1.0152804
2842.16,1.0151757
2842.746,1.015071
2843.332,1.0149665
2843.918,1.0148619
2844.504,1.0147575
2845.09,1.014653
2845.676,1.0145485
2846.262,1.0144441
2846.848,1.0143398
2847.434,1.0142355
2848.02,1.0141312
2848.606,1.0140269
2849.192,1.0139227
2849.778,1.0138185
2850.364,1.0137143
2850.95,1.0136101
2851.536,1.0135061
2852.122,1.013402
2852.708,1.0132979
2853.294,1.013194
2853.88,1.0130899
2854.466,1.0129861
2855.052,1.0128821
2855.638,1.0127783
2856.224,1.0126745
2856.81,1.0125706
2857.396,1.0124668
2857.982,1.0123631
2858.568,1.0122594
2859.154,1.0121558
2859.74,1.0120521
2860.326,1.0119485
2860.912,1.0118449
2861.498,1.0117413
2862.084,1.0116378
2862.67,1.0115343
2863.256,1.0114309
2863.842,1.0113275
2864.428,1.0112242
2865.014,1.0111208
2865.6,1.0110174
2866.186,1.0109142
2866.772,1.010811
2867.358,1.0107077
2867.944,1.0106045
2868.53,1.0105014
2869.116,1.0103983
2869.702,1.0102952
2870.288,1.0101922
2870.874,1.0100892
2871.46,1.0099862
2872.046,1.0098832
2872.632,1.0097803
2873.218,1.0096774
2873.804,1.0095745
2874.39,1.0094717
2874.976,1.0093689
2875.562,1.0092661
2876.148,1.0091634
2876.734,1.0090607
2877.32,1.0089581
2877.906,1.0088555
2878.492,1.0087528
2879.078,1.0086503
2879.664,1.0085478
2880.25,1.0084453
2880.836,1.0083427
2881.422,1.0082403
2882.008,1.0081379
2882.594,1.0080355
2883.18,1.0079331
2883.766,1.007831
2884.352,1.0077287
2884.938,1.0076264
2885.524,1.007524
2886.11,1.0074216
2886.696,1.0073192
2887.282,1.0072169
2887.868,1.0071146
2888.454,1.0070124
2889.04,1.0069101
2889.626,1.0068079
2890.212,1.0067058
2890.798,1.0066037
2891.384,1.0065016
2891.97,1.0063995
2892.556,1.0062975
2893.142,1.0061954
2893.728,1.0060934
2894.314,1.0059915
2894.9,1.0058895
2895.486,1.0057877
2896.072,1.0056858
2896.658,1.005584
2897.244,1.0054822
2897.83,1.0053805
2898.416,1.0052788
2899.002,1.0051771
2899.588,1.0050755
2900.174,1.0049739
2900.76,1.0048722
2901.346,1.0047706
2901.932,1.0046692
2902.518,1.0045676
2903.104,1.0044662
2903.69,1.0043647
2904.276,1.0042634
2904.862,1.004162
2905.448,1.0040606
2906.034,1.0039593
2906.62,1.003858
2907.206,1.0037568
2907.792,1.0036556
2908.378,1.0035545
2908.964,1.0034533
2909.55,1.0033522
2910.136,1.0032511
2910.722,1.00315
2911.308,1.0030489
2911.894,1.0029479
2912.48,1.002847
2913.066,1.0027461
2913.652,1.0026451
2914.238,1.0025443
2914.824,1.0024434
2915.41,1.0023427
2915.996,1.0022418
2916.582,1.0021411
2917.168,1.0020404
2917.754,1.0019398
2918.34,1.0018392
2918.926,1.0017385
2919.512,1.0016379
2920.098,1.0015373
2920.684,1.0014368
2921.27,1.0013363
2921.856,1.0012358
2922.442,1.0011355
2923.028,1.0010351
2923.614,1.0009347
2924.2,1.0008343
2924.786,1.0007341
2925.372,1.0006337
2925.958,1.0005335
2926.544,1.0004333
2927.13,1.0003331
2927.716,1.0002329
2928.302,1.0001328
2928.888,1.0000328
2929.474,0.99993271
2930.06,0.99983269
2930.646,0.99973267
2931.232,0.99963272
2931.818,0.99953276
2932.404,0.99943286
2932.99,0.99933296
2933.576,0.99923319
2934.162,0.99913335
2934.748,0.99903357
2935.334,0.99893379
2935.92,0.99883407
2936.506,0.99873435
2937.092,0.99863476
2937.678,0.9985351
2938.264,0.9984355
2938.85,0.99833596
2939.436,0.99823642
2940.022,0.99813688
2940.608,0.9980374
2941.194,0.99793798
2941.78,0.99783856
2942.366,0.9977392
2942.952,0.99763983
2943.538,0.99754053
2944.124,0.99744123
2944.71,0.99734193
2945.296,0.99724275
2945.882,0.99714351
2946.468,0.99704438
2947.054,0.9969452
2947.64,0.99684608
2948.226,0.99674702
2948.812,0.99664801
2949.398,0.99654895
2949.984,0.99644995
2950.57,0.996351
2951.156,0.99625206
2951.742,0.99615324
2952.328,0.99605435
2952.914,0.99595547
2953.5,0.9958567
2954.086,0.99575794
2954.672,0.99565917
2955.258,0.99556047
2955.844,0.99546176
2956.43,0.99536312
2957.016,0.99526453
2957.602,0.99516588
2958.188,0.99506736
2958.774,0.99496883
2959.36,0.99487031
2959.946,0.99477178
2960.532,0.99467337
2961.118,0.99457496
2961.704,0.99447662
2962.29,0.99437821
2962.876,0.99427992
2963.462,0.99418157
2964.048,0.99408334
2964.634,0.99398512
2965.22,0.99388695
2965.806,0.99378878
2966.392,0.99369055
2966.978,0.99359244
2967.564,0.99349439
2968.15,0.99339634
2968.736,0.99329835
2969.322,0.99320036
2969.908,0.99310231
2970.494,0.99300444
2971.08,0.99290651
2971.666,0.99280864
2972.252,0.99271077
2972.838,0.99261296
2973.424,0.99251515
2974.01,0.99241745
2974.596,0.9923197
2975.182,0.99222201
2975.768,0.99212432
2976.354,0.99202669
2976.94,0.99192905
2977.526,0.99183148
2978.112,0.99173397
2978.698,0.99163646
2979.284,0.99153894
2979.87,0.99144149
2980.456,0.99134409
2981.042,0.99124664
2981.628,0.99114931
2982.214,0.99105191
2982.8,0.99095464
2983.386,0.99085736
2983.972,0.99076009
2984.558,0.99066287
2985.144,0.99056566
2985.73,0.9904685
2986.316,0.99037141
2986.902,0.99027425
2987.488,0.99017721
2988.074,0.99008012
2988.66,0.98998308
2989.246,0.98988611
2989.832,0.98978913
2990.418,0.98969221
2991.004,0.98959535
2991.59,0.98949844
2992.176,0.98940164
2992.762,0.98930478
2993.348,0.98920798
2993.934,0.98911124
2994.52,0.98901451
2995.106,0.98891783
2995.692,0.98882115
2996.278,0.98872453
2996.864,0.98862791
2997.45,0.98853129
2998.036,0.98843479
2998.622,0.98833823
2999.208,0.98824173
2999.794,0.98814529
3000.38,0.98804879
3000.966,0.98795241
3001.552,0.98785603
3002.138,0.98775965
3002.724,0.98766339
3003.31,0.98756713
3003.896,0.98747081
3004.482,0.98737454
3005.068,0.9872784
3005.654,0.9871822
3006.24,0.98708606
3006.826,0.98698997
3007.412,0.98689383
3007.998,0.98679775
3008.584,0.98670179
3009.17,0.98660576
3009.756,0.9865098
3010.342,0.98641384
3010.928,0.98631787
3011.514,0.98622203
3012.1,0.98612618
3012.686,0.98603028
3013.272,0.9859345
3013.858,0.98583871
3014.444,0.98574305
3015.03,0.98564726
3015.616,0.9855516
3016.202,0.98545593
3016.788,0.98536026
3017.374,0.98526466
3017.96,0.98516911
3018.546,0.98507357
3019.132,0.98497808
3019.718,0.98488253
3020.304,0.98478711
3020.89,0.98469168
3021.476,0.98459631
3022.062,0.98450089
3022.648,0.98440552
3023.234,0.98431027
3023.82,0.98421496
3024.406,0.98411971
3024.992,0.98402447
3025.578,0.98392922
3026.164,0.98383385
3026.75,0.98373854
3027.336,0.98364317
3027.922,0.98354793
3028.508,0.98345268
3029.094,0.98335743
3029.68,0.9832623
3030.266,0.98316711
3030.852,0.98307198
3031.438,0.98297691
3032.024,0.98288178
3032.61,0.98278672
3033.196,0.98269171
3033.782,0.98259676
3034.368,0.9825018
3034.954,0.98240685
3035.54,0.9823119
3036.126,0.98221701
3036.712,0.98212218
3037.298,0.98202741
3037.884,0.98193264
3038.47,0.98183781
3039.056,0.9817431
3039.642,0.98164839
3040.228,0.98155367
3040.814,0.98145908
3041.4,0.98136443
3041.986,0.98126978
3042.572,0.98117524
3043.158,0.98108071
3043.744,0.98098624
3044.33,0.9808917
3044.916,0.98079723
3045.502,0.98070282
3046.088,0.98060846
3046.674,0.98051405
3047.26,0.9804197
3047.846,0.9803254
3048.432,0.98023111
3049.018,0.98013681
3049.604,0.98004258
3050.19,0.9799484
3050.776,0.97985423
3051.362,0.97976005
3051.948,0.97966594
3052.534,0.97957188
3053.12,0.97947776
3053.706,0.97938377
3054.292,0.97928971
3054.878,0.97919577
3055.464,0.97910178
3056.05,0.97900784
3056.636,0.97891396
3057.222,0.97882009
3057.808,0.97872627
3058.394,0.97863245
3058.98,0.97853863
3059.566,0.97844487
3060.152,0.97835112
3060.738,0.97825742
3061.324,0.97816372
3061.91,0.97807008
3062.496,0.97797644
3063.082,0.97788286
3063.668,0.97778928
3064.254,0.97769576
3064.84,0.97760224
3065.426,0.97750872
3066.012,0.97741532
3066.598,0.97732186
3067.184,0.97722846
3067.77,0.97713506
3068.356,0.97704172
3068.942,0.97694838
3069.528,0.9768551
3070.114,0.97676182
3070.7,0.9766686
3071.286,0.97657537
3071.872,0.97648221
3072.458,0.97638905
3073.044,0.97629589
3073.63,0.97620279
3074.216,0.97610974
3074.802,0.9760167
3075.388,0.97592366
3075.974,0.97583067
3076.56,0.97573769
3077.146,0.97564477
3077.732,0.97555184
3078.318,0.97545892
3078.904,0.97536612
3079.49,0.97527325
3080.076,0.97518045
3080.662,0.97508764
3081.248,0.9749949
3081.834,0.97490221
3082.42,0.97480947
3083.006,0.97471678
3083.592,0.97462416
3084.178,0.97453159
3084.764,0.97443897
3085.35,0.9743464
3085.936,0.97425389
3086.522,0.97416139
3087.108,0.97406888
3087.694,0.97397643
3088.28,0.97388399
3088.866,0.9737916
3089.452,0.97369921
3090.038,0.97360688
3090.624,0.97351456
3091.21,0.97342229
3091.796,0.97333002
3092.382,0.97323775
3092.968,0.97314554
3093.554,0.97305334
3094.14,0.97296119
3094.726,0.9728691
3095.312,0.97277695
3095.898,0.97268486
3096.484,0.97259283
3097.07,0.9725008
3097.656,0.97240883
3098.242,0.97231686
3098.828,0.97222489
3099.414,0.97213298
3100,0.97204107
