150,4.5136452
150.59,4.5047994
151.18,4.4960051
151.77,4.4872622
152.36,4.4785695
152.95,4.4699278
153.54,4.4613357
154.13,4.4527931
154.72,4.4442992
155.31,4.435854
155.9,4.4274569
156.49,4.419107
157.08,4.4108043
157.67,4.4025483
158.26,4.3943386
158.85,4.3861747
159.44,4.378056
160.03,4.3699822
160.62,4.3619528
161.21,4.3539677
161.8,4.3460264
162.39,4.3381281
162.98,4.3302732
163.57,4.3224602
164.16,4.3146892
164.75,4.3069601
165.34,4.2992725
165.93,4.291626
166.52,4.2840199
167.11,4.2764544
167.7,4.2689285
168.29,4.2614427
168.88,4.2539954
169.47,4.2465878
170.06,4.2392182
170.65,4.2318873
171.24,4.2245941
171.83,4.2173386
172.42,4.2101202
173.01,4.2029386
173.6,4.1957941
174.19,4.1886854
174.78,4.181613
175.37,4.1745763
175.96,4.1675749
176.55,4.1606088
177.14,4.153677
177.73,4.14678
178.32,4.1399169
178.91,4.1330881
179.5,4.1262932
180.09,4.1195312
180.68,4.1128025
181.27,4.1061068
181.86,4.0994439
182.45,4.092813
183.04,4.0862141
183.63,4.0796475
184.22,4.073112
184.81,4.066608
185.4,4.0601349
185.99,4.0536928
186.58,4.0472817
187.17,4.0409002
187.76,4.0345492
188.35,4.0282283
188.94,4.0219364
189.53,4.0156746
190.12,4.0094419
190.71,4.0032377
191.3,3.9970624
191.89,3.9909151
192.48,3.984796
193.07,3.9787054
193.66,3.9726424
194.25,3.9666071
194.84,3.9605992
195.43,3.9546187
196.02,3.9486651
196.61,3.9427383
197.2,3.9368382
197.79,3.9309645
198.38,3.9251173
198.97,3.9192958
199.56,3.9135003
200.15,3.9077303
200.74,3.9019859
201.33,3.8962667
201.92,3.8905725
202.51,3.8849034
203.1,3.8792589
203.69,3.8736391
204.28,3.8680434
204.87,3.8624718
205.46,3.8569243
206.05,3.8514004
206.64,3.8459003
207.23,3.8404236
207.82,3.8349702
208.41,3.8295403
209,3.8241329
209.59,3.8187487
210.18,3.8133872
210.77,3.808048
211.36,3.8027315
211.95,3.797437
212.54,3.7921646
213.13,3.7869139
213.72,3.7816851
214.31,3.7764781
214.9,3.7712924
215.49,3.7661278
216.08,3.7609847
216.67,3.7558625
217.26,3.750761
217.85,3.7456806
218.44,3.7406204
219.03,3.7355809
219.62,3.7305617
220.21,3.7255626
220.8,3.7205834
221.39,3.7156243
221.98,3.710685
222.57,3.7057652
223.16,3.7008653
223.75,3.6959844
224.34,3.691123
224.93,3.6862807
225.52,3.6814573
226.11,3.6766527
226.7,3.6718671
227.29,3.6671002
227.88,3.6623516
228.47,3.6576214
229.06,3.6529095
229.65,3.648216
230.24,3.6435404
230.83,3.6388826
231.42,3.6342428
232.01,3.6296203
232.6,3.6250155
233.19,3.6204283
233.78,3.6158583
234.37,3.6113057
234.96,3.60677
235.55,3.6022518
236.14,3.5977502
236.73,3.5932655
237.32,3.5887976
237.91,3.5843463
238.5,3.5799115
239.09,3.5754931
239.68,3.5710909
240.27,3.5667052
240.86,3.5623357
241.45,3.557982
242.04,3.5536444
242.63,3.5493224
243.22,3.5450163
243.81,3.5407259
244.4,3.5364511
244.99,3.5321915
245.58,3.5279474
246.17,3.5237186
246.76,3.519505
247.35,3.5153067
247.94,3.5111232
248.53,3.5069547
249.12,3.5028009
249.71,3.498662
250.3,3.4945371
250.89,3.4904268
251.48,3.486331
252.07,3.4822497
252.66,3.4781828
253.25,3.4741299
253.84,3.4700913
254.43,3.4660668
255.02,3.4620562
255.61,3.4580595
256.2,3.4540768
256.79,3.4501076
257.38,3.4461522
257.97,3.4422104
258.56,3.438282
259.15,3.4343672
259.74,3.4304657
260.33,3.4265773
260.92,3.4227026
261.51,3.4188406
262.1,3.4149916
262.69,3.4111557
263.28,3.4073329
263.87,3.4035227
264.46,3.3997254
265.05,3.3959405
265.64,3.3921685
266.23,3.3884091
266.82,3.3846617
267.41,3.3809268
268,3.3772042
268.59,3.3734939
269.18,3.3697958
269.77,3.3661096
270.36,3.3624358
270.95,3.3587739
271.54,3.355124
272.13,3.351486
272.72,3.3478599
273.31,3.3442452
273.9,3.3406425
274.49,3.3370514
275.08,3.3334718
275.67,3.3299036
276.26,3.3263469
276.85,3.3228016
277.44,3.3192675
278.03,3.3157449
278.62,3.3122332
279.21,3.308733
279.8,3.3052435
280.39,3.3017652
280.98,3.2982979
281.57,3.2948415
282.16,3.2913959
282.75,3.287961
283.34,3.2845371
283.93,3.2811236
284.52,3.2777209
285.11,3.2743285
285.7,3.270947
286.29,3.2675757
286.88,3.2642148
287.47,3.2608643
288.06,3.257524
288.65,3.254194
289.24,3.2508743
289.83,3.2475648
290.42,3.2442653
291.01,3.2409756
291.6,3.2376962
292.19,3.2344267
292.78,3.2311668
293.37,3.227917
293.96,3.2246768
294.55,3.2214465
295.14,3.218226
295.73,3.2150149
296.32,3.2118134
296.91,3.2086217
297.5,3.2054393
298.09,3.2022665
298.68,3.1991029
299.27,3.1959488
299.86,3.1928039
300.45,3.1896684
301.04,3.186542
301.63,3.1834249
302.22,3.1803167
302.81,3.1772177
303.4,3.1741281
303.99,3.171047
304.58,3.1679752
305.17,3.164912
305.76,3.1618578
306.35,3.1588125
306.94,3.155776
307.53,3.1527481
308.12,3.1497293
308.71,3.1467187
309.3,3.1437168
309.89,3.1407237
310.48,3.1377389
311.07,3.1347625
311.66,3.1317949
312.25,3.1288357
312.84,3.1258845
313.43,3.122942
314.02,3.1200078
314.61,3.1170816
315.2,3.1141639
315.79,3.1112542
316.38,3.1083527
316.97,3.1054592
317.56,3.1025734
318.15,3.0996959
318.74,3.0968266
319.33,3.0939648
319.92,3.0911109
320.51,3.0882654
321.1,3.0854273
321.69,3.0825973
322.28,3.0797749
322.87,3.0769603
323.46,3.0741534
324.05,3.0713542
324.64,3.0685625
325.23,3.0657787
325.82,3.0630023
326.41,3.0602334
327,3.057472
327.59,3.054718
328.18,3.0519717
328.77,3.0492327
329.36,3.0465009
329.95,3.0437765
330.54,3.0410595
331.13,3.0383496
331.72,3.0356472
332.31,3.0329518
332.9,3.0302637
333.49,3.0275826
334.08,3.024909
334.67,3.0222421
335.26,3.0195823
335.85,3.0169296
336.44,3.0142839
337.03,3.0116453
337.62,3.0090134
338.21,3.0063884
338.8,3.0037704
339.39,3.0011592
339.98,2.9985547
340.57,2.9959567
341.16,2.9933653
341.75,2.9907808
342.34,2.9882028
342.93,2.9856317
343.52,2.983067
344.11,2.980509
344.7,2.9779577
345.29,2.9754128
345.88,2.9728746
346.47,2.9703426
347.06,2.9678175
347.65,2.9652987
348.24,2.9627862
348.83,2.9602799
349.42,2.9577804
350.01,2.955287
350.6,2.9527998
351.19,2.9503191
351.78,2.9478445
352.37,2.9453762
352.96,2.9429142
353.55,2.9404581
354.14,2.9380083
354.73,2.9355648
355.32,2.9331272
355.91,2.9306955
356.5,2.9282701
357.09,2.9258506
357.68,2.9234371
358.27,2.9210298
358.86,2.9186282
359.45,2.9162326
360.04,2.9138429
360.63,2.911459
361.22,2.909081
361.81,2.9067085
362.4,2.9043417
362.99,2.9019809
363.58,2.8996258
364.17,2.8972762
364.76,2.8949325
365.35,2.8925946
365.94,2.8902621
366.53,2.8879354
367.12,2.8856144
367.71,2.8832989
368.3,2.8809888
368.89,2.8786845
369.48,2.8763857
370.07,2.8740923
370.66,2.8718042
371.25,2.8695219
371.84,2.867245
372.43,2.8649733
373.02,2.8627071
373.61,2.8604462
374.2,2.8581908
374.79,2.8559408
375.38,2.8536959
375.97,2.8514564
376.56,2.8492222
377.15,2.846993
377.74,2.8447692
378.33,2.8425508
378.92,2.8403373
379.51,2.838129
380.1,2.8359261
380.69,2.8337281
381.28,2.8315351
381.87,2.8293474
382.46,2.8271646
383.05,2.8249869
383.64,2.8228145
384.23,2.8206468
384.82,2.8184841
385.41,2.8163264
386,2.8141737
386.59,2.8120258
387.18,2.8098829
387.77,2.807745
388.36,2.8056118
388.95,2.8034835
389.54,2.8013601
390.13,2.7992415
390.72,2.7971277
391.31,2.7950187
391.9,2.7929144
392.49,2.7908149
393.08,2.7887199
393.67,2.7866299
394.26,2.7845445
394.85,2.7824638
395.44,2.7803876
396.03,2.7783163
396.62,2.7762494
397.21,2.7741873
397.8,2.7721295
398.39,2.7700765
398.98,2.768028
399.57,2.7659841
400.16,2.7639446
400.75,2.7619097
401.34,2.7598794
401.93,2.7578533
402.52,2.755832
403.11,2.7538147
403.7,2.7518022
404.29,2.7497938
404.88,2.7477901
405.47,2.7457905
406.06,2.7437954
406.65,2.7418046
407.24,2.7398181
407.83,2.7378359
408.42,2.7358582
409.01,2.7338846
409.6,2.7319152
410.19,2.7299502
410.78,2.7279894
411.37,2.7260327
411.96,2.7240803
412.55,2.7221322
413.14,2.7201881
413.73,2.7182481
414.32,2.7163124
414.91,2.7143807
415.5,2.7124534
416.09,2.7105298
416.68,2.7086105
417.27,2.7066953
417.86,2.7047842
418.45,2.702877
419.04,2.700974
419.63,2.6990747
420.22,2.6971798
420.81,2.6952887
421.4,2.6934016
421.99,2.6915183
422.58,2.6896391
423.17,2.6877637
423.76,2.6858923
424.35,2.6840248
424.94,2.6821613
425.53,2.6803014
426.12,2.6784456
426.71,2.6765938
427.3,2.6747456
427.89,2.6729012
428.48,2.6710606
429.07,2.6692238
429.66,2.6673908
430.25,2.6655617
430.84,2.6637363
431.43,2.6619146
432.02,2.6600966
432.61,2.6582825
433.2,2.656472
433.79,2.6546652
434.38,2.6528621
434.97,2.6510625
435.56,2.6492667
436.15,2.6474745
436.74,2.6456861
437.33,2.6439011
437.92,2.6421199
438.51,2.6403422
439.1,2.6385682
439.69,2.6367974
440.28,2.6350305
440.87,2.6332672
441.46,2.6315072
442.05,2.629751
442.64,2.6279981
443.23,2.6262486
443.82,2.6245029
444.41,2.6227605
445,2.6210215
445.59,2.6192861
446.18,2.6175542
446.77,2.6158257
447.36,2.6141005
447.95,2.6123788
448.54,2.6106606
449.13,2.6089456
449.72,2.607234
450.31,2.6055257
450.9,2.6038208
451.49,2.6021194
452.08,2.6004212
452.67,2.5987265
453.26,2.5970349
453.85,2.5953467
454.44,2.5936618
455.03,2.5919802
455.62,2.590302
456.21,2.5886269
456.8,2.5869548
457.39,2.5852861
457.98,2.5836203
458.57,2.5819581
459.16,2.5802987
459.75,2.5786428
460.34,2.5769899
460.93,2.5753403
461.52,2.5736938
462.11,2.5720506
462.7,2.5704103
463.29,2.5687733
463.88,2.5671394
464.47,2.5655086
465.06,2.5638809
465.65,2.5622563
466.24,2.5606349
466.83,2.5590165
467.42,2.5574009
468.01,2.5557888
468.6,2.5541794
469.19,2.5525732
469.78,2.5509701
470.37,2.5493698
470.96,2.5477729
471.55,2.5461786
472.14,2.5445876
472.73,2.5429993
473.32,2.5414143
473.91,2.5398319
474.5,2.5382526
475.09,2.5366764
475.68,2.5351031
476.27,2.5335326
476.86,2.531965
477.45,2.5304005
478.04,2.5288386
478.63,2.5272799
479.22,2.5257239
479.81,2.5241709
480.4,2.5226207
480.99,2.5210736
481.58,2.5195291
482.17,2.5179875
482.76,2.5164485
483.35,2.5149126
483.94,2.5133796
484.53,2.5118492
485.12,2.5103216
485.71,2.5087969
486.3,2.5072749
486.89,2.5057557
487.48,2.5042393
488.07,2.5027256
488.66,2.5012145
489.25,2.4997065
489.84,2.4982009
490.43,2.4966979
491.02,2.4951975
491.61,2.4936998
492.2,2.4922049
492.79,2.4907126
493.38,2.4892228
493.97,2.487736
494.56,2.4862516
495.15,2.4847701
495.74,2.4832911
496.33,2.4818151
496.92,2.4803414
497.51,2.4788704
498.1,2.477402
498.69,2.4759362
499.28,2.474473
499.87,2.4730124
500.46,2.4715545
501.05,2.470099
501.64,2.4686463
502.23,2.467196
502.82,2.4657483
503.41,2.4643033
504,2.4628608
504.59,2.4614208
505.18,2.4599831
505.77,2.4585481
506.36,2.4571157
506.95,2.4556859
507.54,2.4542582
508.13,2.4528334
508.72,2.4514108
509.31,2.4499907
509.9,2.4485734
510.49,2.4471581
511.08,2.4457455
511.67,2.4443355
512.26,2.4429276
512.85,2.4415224
513.44,2.4401195
514.03,2.4387193
514.62,2.4373209
515.21,2.4359255
515.8,2.4345322
516.39,2.4331415
516.98,2.4317529
517.57,2.430367
518.16,2.4289832
518.75,2.4276016
519.34,2.4262223
519.93,2.4248455
520.52,2.423471
521.11,2.4220986
521.7,2.4207287
522.29,2.4193611
522.88,2.4179959
523.47,2.4166329
524.06,2.4152725
524.65,2.413914
525.24,2.4125581
525.83,2.4112043
526.42,2.409853
527.01,2.4085038
527.6,2.4071567
528.19,2.405812
528.78,2.4044697
529.37,2.4031296
529.96,2.4017916
530.55,2.400456
531.14,2.3991225
531.73,2.3977911
532.32,2.3964622
532.91,2.3951354
533.5,2.393811
534.09,2.3924885
534.68,2.3911684
535.27,2.3898501
535.86,2.3885343
536.45,2.3872209
537.04,2.3859093
537.63,2.3845999
538.22,2.3832927
538.81,2.3819878
539.4,2.3806849
539.99,2.379384
540.58,2.3780854
541.17,2.3767889
541.76,2.3754947
542.35,2.3742023
542.94,2.3729122
543.53,2.3716242
544.12,2.3703382
544.71,2.3690543
545.3,2.3677726
545.89,2.366493
546.48,2.3652153
547.07,2.3639398
547.66,2.3626664
548.25,2.3613949
548.84,2.3601255
549.43,2.3588581
550.02,2.3575931
550.61,2.3563297
551.2,2.3550684
551.79,2.3538094
552.38,2.3525522
552.97,2.3512969
553.56,2.3500438
554.15,2.3487926
554.74,2.3475435
555.33,2.3462963
555.92,2.3450511
556.51,2.3438079
557.1,2.3425667
557.69,2.3413274
558.28,2.3400903
558.87,2.3388548
559.46,2.3376215
560.05,2.33639
560.64,2.3351605
561.23,2.3339331
561.82,2.3327074
562.41,2.3314838
563,2.3302622
563.59,2.3290422
564.18,2.3278244
564.77,2.3266084
565.36,2.3253942
565.95,2.324182
566.54,2.3229718
567.13,2.3217633
567.72,2.3205566
568.31,2.3193521
568.9,2.3181493
569.49,2.3169484
570.08,2.3157494
570.67,2.3145521
571.26,2.3133569
571.85,2.3121634
572.44,2.3109717
573.03,2.3097818
573.62,2.308594
574.21,2.3074079
574.8,2.3062234
575.39,2.3050411
575.98,2.3038604
576.57,2.3026814
577.16,2.3015044
577.75,2.3003292
578.34,2.2991557
578.93,2.2979839
579.52,2.296814
580.11,2.2956457
580.7,2.2944794
581.29,2.2933149
581.88,2.2921522
582.47,2.2909911
583.06,2.2898316
583.65,2.2886741
584.24,2.2875183
584.83,2.2863643
585.42,2.285212
586.01,2.2840614
586.6,2.2829127
587.19,2.2817657
587.78,2.2806203
588.37,2.2794766
588.96,2.2783349
589.55,2.2771945
590.14,2.2760561
590.73,2.2749193
591.32,2.2737844
591.91,2.272651
592.5,2.2715192
593.09,2.2703893
593.68,2.2692609
594.27,2.2681344
594.86,2.2670095
595.45,2.2658861
596.04,2.2647645
596.63,2.2636447
597.22,2.2625263
597.81,2.2614098
598.4,2.2602947
598.99,2.2591815
599.58,2.2580698
600.17,2.2569597
600.76,2.2558513
601.35,2.2547445
601.94,2.2536395
602.53,2.2525358
603.12,2.2514341
603.71,2.2503338
604.3,2.2492352
604.89,2.248138
605.48,2.2470427
606.07,2.2459488
606.66,2.2448564
607.25,2.2437658
607.84,2.2426767
608.43,2.2415893
609.02,2.2405033
609.61,2.239419
610.2,2.2383363
610.79,2.2372551
611.38,2.2361755
611.97,2.2350974
612.56,2.2340209
613.15,2.2329459
613.74,2.2318726
614.33,2.2308009
614.92,2.2297304
615.51,2.2286615
616.1,2.2275944
616.69,2.2265286
617.28,2.2254646
617.87,2.224402
618.46,2.2233407
619.05,2.2222812
619.64,2.2212231
620.23,2.2201667
620.82,2.2191114
621.41,2.2180579
622,2.2170057
622.59,2.2159553
623.18,2.2149062
623.77,2.2138586
624.36,2.2128124
624.95,2.2117679
625.54,2.2107248
626.13,2.2096832
626.72,2.2086427
627.31,2.2076042
627.9,2.2065668
628.49,2.2055311
629.08,2.2044969
629.67,2.2034638
630.26,2.2024324
630.85,2.2014024
631.44,2.2003739
632.03,2.1993468
632.62,2.1983211
633.21,2.1972969
633.8,2.196274
634.39,2.1952527
634.98,2.1942327
635.57,2.1932142
636.16,2.1921968
636.75,2.1911812
637.34,2.1901667
637.93,2.1891537
638.52,2.1881423
639.11,2.1871321
639.7,2.1861234
640.29,2.1851161
640.88,2.1841099
641.47,2.1831055
642.06,2.1821022
642.65,2.1811004
643.24,2.1801
643.83,2.179101
644.42,2.1781032
645.01,2.1771069
645.6,2.1761119
646.19,2.1751184
646.78,2.1741261
647.37,2.1731353
647.96,2.1721458
648.55,2.1711576
649.14,2.1701708
649.73,2.1691854
650.32,2.1682012
650.91,2.1672184
651.5,2.1662369
652.09,2.1652567
652.68,2.164278
653.27,2.1633005
653.86,2.1623244
654.45,2.1613495
655.04,2.1603761
655.63,2.1594038
656.22,2.158433
656.81,2.1574633
657.4,2.1564951
657.99,2.1555281
658.58,2.1545625
659.17,2.1535981
659.76,2.1526351
660.35,2.1516733
660.94,2.1507127
661.53,2.1497536
662.12,2.1487956
662.71,2.1478391
663.3,2.1468835
663.89,2.1459296
664.48,2.1449766
665.07,2.1440251
665.66,2.1430748
666.25,2.1421258
666.84,2.1411779
667.43,2.1402314
668.02,2.1392863
668.61,2.1383421
669.2,2.1373994
669.79,2.1364579
670.38,2.1355176
670.97,2.1345787
671.56,2.1336408
672.15,2.1327043
672.74,2.1317689
673.33,2.1308348
673.92,2.1299021
674.51,2.1289704
675.1,2.1280401
675.69,2.127111
676.28,2.1261828
676.87,2.1252561
677.46,2.1243305
678.05,2.1234062
678.64,2.122483
679.23,2.1215611
679.82,2.1206405
680.41,2.1197209
681,2.1188025
681.59,2.1178854
682.18,2.1169696
682.77,2.1160548
683.36,2.1151412
683.95,2.1142287
684.54,2.1133175
685.13,2.1124074
685.72,2.1114986
686.31,2.1105909
686.9,2.1096845
687.49,2.1087792
688.08,2.1078749
688.67,2.106972
689.26,2.10607
689.85,2.1051695
690.44,2.10427
691.03,2.1033714
691.62,2.1024742
692.21,2.1015782
692.8,2.1006832
693.39,2.0997894
693.98,2.098897
694.57,2.0980053
695.16,2.097115
695.75,2.0962257
696.34,2.0953376
696.93,2.0944507
697.52,2.0935647
698.11,2.09268
698.7,2.0917964
699.29,2.090914
699.88,2.0900326
700.47,2.0891523
701.06,2.0882733
701.65,2.0873952
702.24,2.0865183
702.83,2.0856426
703.42,2.0847678
704.01,2.0838943
704.6,2.0830219
705.19,2.0821505
705.78,2.08128
706.37,2.0804107
706.96,2.0795426
707.55,2.0786757
708.14,2.0778098
708.73,2.0769448
709.32,2.076081
709.91,2.0752184
710.5,2.0743568
711.09,2.0734963
711.68,2.0726368
712.27,2.0717783
712.86,2.0709209
713.45,2.0700648
714.04,2.0692096
714.63,2.0683553
715.22,2.0675023
715.81,2.0666499
716.4,2.0657988
716.99,2.0649486
717.58,2.0640996
718.17,2.0632515
718.76,2.0624044
719.35,2.0615585
719.94,2.0607135
720.53,2.0598698
721.12,2.059027
721.71,2.0581851
722.3,2.0573444
722.89,2.0565045
723.48,2.055666
724.07,2.0548282
724.66,2.0539916
725.25,2.0531559
725.84,2.0523214
726.43,2.0514877
727.02,2.0506551
727.61,2.0498235
728.2,2.0489931
728.79,2.0481637
729.38,2.0473351
729.97,2.0465076
730.56,2.045681
731.15,2.0448556
731.74,2.0440311
732.33,2.0432074
732.92,2.0423851
733.51,2.0415635
734.1,2.0407429
734.69,2.0399234
735.28,2.0391049
735.87,2.0382874
736.46,2.0374708
737.05,2.0366552
737.64,2.0358405
738.23,2.035027
738.82,2.0342143
739.41,2.0334027
740,2.0325918
740.59,2.0317822
741.18,2.0309734
741.77,2.0301657
742.36,2.0293589
742.95,2.028553
743.54,2.0277481
744.13,2.0269442
744.72,2.0261412
745.31,2.0253391
745.9,2.024538
746.49,2.0237379
747.08,2.0229387
747.67,2.0221407
748.26,2.0213432
748.85,2.0205469
749.44,2.0197518
750.03,2.0189571
750.62,2.0181637
751.21,2.0173712
751.8,2.0165796
752.39,2.0157888
752.98,2.0149992
753.57,2.0142102
754.16,2.0134225
754.75,2.0126355
755.34,2.0118494
755.93,2.0110643
756.52,2.0102801
757.11,2.0094969
757.7,2.0087144
758.29,2.0079331
758.88,2.0071526
759.47,2.0063729
760.06,2.0055943
760.65,2.0048165
761.24,2.0040395
761.83,2.0032637
762.42,2.0024886
763.01,2.0017145
763.6,2.0009413
764.19,2.0001688
764.78,1.9993973
765.37,1.9986268
765.96,1.9978569
766.55,1.9970877
767.14,1.9963195
767.73,1.9955522
768.32,1.9947858
768.91,1.9940202
769.5,1.9932556
770.09,1.9924918
770.68,1.991729
771.27,1.990967
771.86,1.9902059
772.45,1.9894457
773.04,1.9886863
773.63,1.9879278
774.22,1.9871701
774.81,1.9864134
775.4,1.9856576
775.99,1.9849025
776.58,1.9841484
777.17,1.9833951
777.76,1.9826427
778.35,1.9818912
778.94,1.9811404
779.53,1.9803905
780.12,1.9796416
780.71,1.9788935
781.3,1.9781462
781.89,1.9773998
782.48,1.9766542
783.07,1.9759095
783.66,1.9751656
784.25,1.9744226
784.84,1.9736804
785.43,1.972939
786.02,1.9721985
786.61,1.9714588
787.2,1.9707199
787.79,1.9699819
788.38,1.9692447
788.97,1.9685084
789.56,1.9677728
790.15,1.9670382
790.74,1.9663043
791.33,1.9655713
791.92,1.9648391
792.51,1.9641078
793.1,1.9633771
793.69,1.9626474
794.28,1.9619185
794.87,1.9611903
795.46,1.960463
796.05,1.9597366
796.64,1.9590108
797.23,1.9582859
797.82,1.957562
798.41,1.9568387
799,1.9561162
799.59,1.9553945
800.18,1.9546736
800.77,1.9539536
801.36,1.9532344
801.95,1.952516
802.54,1.9517983
803.13,1.9510815
803.72,1.9503654
804.31,1.94965
804.9,1.9489356
805.49,1.9482219
806.08,1.9475091
806.67,1.9467969
807.26,1.9460853
807.85,1.9453745
808.44,1.9446645
809.03,1.9439552
809.62,1.9432467
810.21,1.942539
810.8,1.9418321
811.39,1.9411259
811.98,1.9404204
812.57,1.9397159
813.16,1.9390119
813.75,1.938309
814.34,1.9376066
814.93,1.936905
815.52,1.9362043
816.11,1.9355042
816.7,1.9348049
817.29,1.9341065
817.88,1.9334087
818.47,1.9327117
819.06,1.9320155
819.65,1.9313201
820.24,1.9306253
820.83,1.9299314
821.42,1.9292381
822.01,1.9285456
822.6,1.9278539
823.19,1.927163
823.78,1.9264727
824.37,1.9257833
824.96,1.9250945
825.55,1.9244065
826.14,1.9237193
826.73,1.9230326
827.32,1.9223469
827.91,1.9216619
828.5,1.9209776
829.09,1.920294
829.68,1.9196111
830.27,1.918929
830.86,1.9182476
831.45,1.9175669
832.04,1.916887
832.63,1.9162078
833.22,1.9155293
833.81,1.9148515
834.4,1.9141744
834.99,1.9134982
835.58,1.9128226
836.17,1.9121476
836.76,1.9114735
837.35,1.9108
837.94,1.9101273
838.53,1.9094552
839.12,1.9087839
839.71,1.9081132
840.3,1.9074434
840.89,1.9067742
841.48,1.9061056
842.07,1.9054379
842.66,1.9047709
843.25,1.9041045
843.84,1.9034387
844.43,1.9027737
845.02,1.9021095
845.61,1.9014459
846.2,1.9007829
846.79,1.9001207
847.38,1.8994592
847.97,1.8987985
848.56,1.8981384
849.15,1.8974789
849.74,1.8968202
850.33,1.8961622
850.92,1.8955047
851.51,1.8948481
852.1,1.894192
852.69,1.8935367
853.28,1.8928821
853.87,1.8922281
854.46,1.8915749
855.05,1.8909223
855.64,1.8902704
856.23,1.8896191
856.82,1.8889685
857.41,1.8883185
858,1.8876693
858.59,1.8870208
859.18,1.8863729
859.77,1.8857256
860.36,1.885079
860.95,1.8844333
861.54,1.883788
862.13,1.8831434
862.72,1.8824995
863.31,1.8818563
863.9,1.8812137
864.49,1.8805717
865.08,1.8799305
865.67,1.8792899
866.26,1.87865
866.85,1.8780106
867.44,1.8773719
868.03,1.876734
868.62,1.8760966
869.21,1.8754599
869.8,1.8748239
870.39,1.8741884
870.98,1.8735535
871.57,1.8729192
872.16,1.8722856
872.75,1.8716526
873.34,1.8710202
873.93,1.8703885
874.52,1.8697575
875.11,1.869127
875.7,1.8684973
876.29,1.8678682
876.88,1.8672397
877.47,1.8666118
878.06,1.8659846
878.65,1.865358
879.24,1.864732
879.83,1.8641067
880.42,1.863482
881.01,1.8628578
881.6,1.8622345
882.19,1.8616116
882.78,1.8609895
883.37,1.8603678
883.96,1.8597469
884.55,1.8591266
885.14,1.8585069
885.73,1.8578877
886.32,1.8572693
886.91,1.8566514
887.5,1.8560343
888.09,1.8554176
888.68,1.8548017
889.27,1.8541862
889.86,1.8535714
890.45,1.8529572
891.04,1.8523438
891.63,1.8517308
892.22,1.8511184
892.81,1.8505068
893.4,1.8498956
893.99,1.8492851
894.58,1.8486753
895.17,1.8480659
895.76,1.8474572
896.35,1.8468491
896.94,1.8462416
897.53,1.8456347
898.12,1.8450284
898.71,1.8444227
899.3,1.8438176
899.89,1.8432131
900.48,1.8426092
901.07,1.842006
901.66,1.8414031
902.25,1.840801
902.84,1.8401995
903.43,1.8395985
904.02,1.8389982
904.61,1.8383985
905.2,1.8377992
905.79,1.8372006
906.38,1.8366026
906.97,1.8360052
907.56,1.8354083
908.15,1.834812
908.74,1.8342164
909.33,1.8336213
909.92,1.8330268
910.51,1.8324327
911.1,1.8318394
911.69,1.8312466
912.28,1.8306544
912.87,1.8300627
913.46,1.8294717
914.05,1.8288811
914.64,1.8282913
915.23,1.8277019
915.82,1.8271132
916.41,1.8265249
917,1.8259373
917.59,1.8253502
918.18,1.8247637
918.77,1.8241777
919.36,1.8235923
919.95,1.8230075
920.54,1.8224232
921.13,1.8218396
921.72,1.8212564
922.31,1.8206738
922.9,1.8200918
923.49,1.8195103
924.08,1.8189294
924.67,1.8183491
925.26,1.8177693
925.85,1.8171902
926.44,1.8166114
927.03,1.8160334
927.62,1.8154557
928.21,1.8148787
928.8,1.8143022
929.39,1.8137263
929.98,1.8131509
930.57,1.8125761
931.16,1.8120018
931.75,1.8114281
932.34,1.8108549
932.93,1.8102822
933.52,1.8097101
934.11,1.8091385
934.7,1.8085675
935.29,1.807997
935.88,1.8074272
936.47,1.8068577
937.06,1.8062888
937.65,1.8057206
938.24,1.8051528
938.83,1.8045855
939.42,1.8040187
940.01,1.8034526
940.6,1.802887
941.19,1.8023218
941.78,1.8017572
942.37,1.8011931
942.96,1.8006296
943.55,1.8000666
944.14,1.7995042
944.73,1.7989422
945.32,1.7983807
945.91,1.7978199
946.5,1.7972594
947.09,1.7966996
947.68,1.7961403
948.27,1.7955815
948.86,1.7950232
949.45,1.7944654
950.04,1.7939082
950.63,1.7933515
951.22,1.7927953
951.81,1.7922397
952.4,1.7916845
952.99,1.7911298
953.58,1.7905756
954.17,1.790022
954.76,1.7894689
955.35,1.7889163
955.94,1.7883643
956.53,1.7878126
957.12,1.7872616
957.71,1.786711
958.3,1.7861609
958.89,1.7856114
959.48,1.7850624
960.07,1.7845138
960.66,1.7839658
961.25,1.7834183
961.84,1.7828712
962.43,1.7823248
963.02,1.7817788
963.61,1.7812333
964.2,1.7806883
964.79,1.7801437
965.38,1.7795998
965.97,1.7790563
966.56,1.7785133
967.15,1.7779707
967.74,1.7774287
968.33,1.7768872
968.92,1.7763462
969.51,1.7758056
970.1,1.7752656
970.69,1.774726
971.28,1.774187
971.87,1.7736484
972.46,1.7731103
973.05,1.7725728
973.64,1.7720356
974.23,1.771499
974.82,1.7709628
975.41,1.7704272
976,1.7698921
976.59,1.7693574
977.18,1.7688233
977.77,1.7682896
978.36,1.7677563
978.95,1.7672236
979.54,1.7666913
980.13,1.7661595
980.72,1.7656282
981.31,1.7650975
981.9,1.7645671
982.49,1.7640373
983.08,1.7635078
983.67,1.762979
984.26,1.7624506
984.85,1.7619226
985.44,1.7613951
986.03,1.7608681
986.62,1.7603415
987.21,1.7598155
987.8,1.7592899
988.39,1.7587647
988.98,1.7582401
989.57,1.7577159
990.16,1.7571923
990.75,1.756669
991.34,1.7561462
991.93,1.7556239
992.52,1.755102
993.11,1.7545806
993.7,1.7540598
994.29,1.7535393
994.88,1.7530193
995.47,1.7524998
996.06,1.7519808
996.65,1.7514621
997.24,1.7509439
997.83,1.7504263
998.42,1.749909
999.01,1.7493923
999.6,1.748876
1000.19,1.7483602
1000.78,1.7478447
1001.37,1.7473297
1001.96,1.7468152
1002.55,1.7463012
1003.14,1.7457876
1003.73,1.7452745
1004.32,1.7447618
1004.91,1.7442496
1005.5,1.7437378
1006.09,1.7432265
1006.68,1.7427156
1007.27,1.7422051
1007.86,1.7416952
1008.45,1.7411857
1009.04,1.7406766
1009.63,1.740168
1010.22,1.7396598
1010.81,1.7391521
1011.4,1.7386447
1011.99,1.7381378
1012.58,1.7376314
1013.17,1.7371255
1013.76,1.7366199
1014.35,1.7361149
1014.94,1.7356102
1015.53,1.735106
1016.12,1.7346022
1016.71,1.7340989
1017.3,1.733596
1017.89,1.7330935
1018.48,1.7325915
1019.07,1.7320899
1019.66,1.7315887
1020.25,1.731088
1020.84,1.7305877
1021.43,1.7300879
1022.02,1.7295885
1022.61,1.7290895
1023.2,1.728591
1023.79,1.7280928
1024.38,1.7275951
1024.97,1.7270979
1025.56,1.726601
1026.15,1.7261046
1026.74,1.7256086
1027.33,1.7251132
1027.92,1.724618
1028.51,1.7241232
1029.1,1.723629
1029.69,1.7231351
1030.28,1.7226417
1030.87,1.7221488
1031.46,1.7216562
1032.05,1.721164
1032.64,1.7206722
1033.23,1.720181
1033.82,1.7196901
1034.41,1.7191997
1035,1.7187096
1035.59,1.7182199
1036.18,1.7177306
1036.77,1.7172419
1037.36,1.7167535
1037.95,1.7162656
1038.54,1.715778
1039.13,1.7152909
1039.72,1.7148042
1040.31,1.7143178
1040.9,1.713832
1041.49,1.7133465
1042.08,1.7128614
1042.67,1.7123768
1043.26,1.7118925
1043.85,1.7114087
1044.44,1.7109252
1045.03,1.7104423
1045.62,1.7099596
1046.21,1.7094774
1046.8,1.7089957
1047.39,1.7085143
1047.98,1.7080333
1048.57,1.7075528
1049.16,1.7070726
1049.75,1.7065928
1050.34,1.7061135
1050.93,1.7056345
1051.52,1.705156
1052.11,1.7046778
1052.7,1.7042001
1053.29,1.7037227
1053.88,1.7032458
1054.47,1.7027693
1055.06,1.7022932
1055.65,1.7018174
1056.24,1.7013421
1056.83,1.7008672
1057.42,1.7003926
1058.01,1.6999184
1058.6,1.6994447
1059.19,1.6989713
1059.78,1.6984984
1060.37,1.6980258
1060.96,1.6975536
1061.55,1.6970818
1062.14,1.6966105
1062.73,1.6961395
1063.32,1.6956688
1063.91,1.6951987
1064.5,1.6947289
1065.09,1.6942594
1065.68,1.6937904
1066.27,1.6933217
1066.86,1.6928535
1067.45,1.6923856
1068.04,1.6919181
1068.63,1.6914511
1069.22,1.6909844
1069.81,1.690518
1070.4,1.690052
1070.99,1.6895865
1071.58,1.6891214
1072.17,1.6886566
1072.76,1.6881921
1073.35,1.6877282
1073.94,1.6872646
1074.53,1.6868013
1075.12,1.6863384
1075.71,1.6858759
1076.3,1.6854137
1076.89,1.6849521
1077.48,1.6844908
1078.07,1.6840297
1078.66,1.6835692
1079.25,1.6831089
1079.84,1.6826491
1080.43,1.6821897
1081.02,1.6817305
1081.61,1.6812719
1082.2,1.6808136
1082.79,1.6803555
1083.38,1.679898
1083.97,1.6794407
1084.56,1.6789839
1085.15,1.6785275
1085.74,1.6780714
1086.33,1.6776156
1086.92,1.6771603
1087.51,1.6767054
1088.1,1.6762507
1088.69,1.6757965
1089.28,1.6753427
1089.87,1.6748891
1090.46,1.674436
1091.05,1.6739832
1091.64,1.6735308
1092.23,1.6730788
1092.82,1.6726272
1093.41,1.6721759
1094,1.6717249
1094.59,1.6712744
1095.18,1.6708242
1095.77,1.6703744
1096.36,1.6699249
1096.95,1.6694758
1097.54,1.6690271
1098.13,1.6685786
1098.72,1.6681306
1099.31,1.6676829
1099.9,1.6672356
1100.49,1.6667887
1101.08,1.6663421
1101.67,1.6658959
1102.26,1.66545
1102.85,1.6650045
1103.44,1.6645594
1104.03,1.6641146
1104.62,1.6636701
1105.21,1.663226
1105.8,1.6627823
1106.39,1.662339
1106.98,1.6618959
1107.57,1.6614532
1108.16,1.661011
1108.75,1.660569
1109.34,1.6601274
1109.93,1.6596862
1110.52,1.6592453
1111.11,1.6588048
1111.7,1.6583645
1112.29,1.6579248
1112.88,1.6574852
1113.47,1.6570461
1114.06,1.6566073
1114.65,1.6561688
1115.24,1.6557307
1115.83,1.655293
1116.42,1.6548556
1117.01,1.6544185
1117.6,1.6539818
1118.19,1.6535455
1118.78,1.6531094
1119.37,1.6526738
1119.96,1.6522385
1120.55,1.6518035
1121.14,1.6513689
1121.73,1.6509346
1122.32,1.6505007
1122.91,1.650067
1123.5,1.6496336
1124.09,1.6492008
1124.68,1.6487682
1125.27,1.6483359
1125.86,1.647904
1126.45,1.6474725
1127.04,1.6470413
1127.63,1.6466104
1128.22,1.6461799
1128.81,1.6457497
1129.4,1.6453198
1129.99,1.6448903
1130.58,1.644461
1131.17,1.6440321
1131.76,1.6436037
1132.35,1.6431755
1132.94,1.6427476
1133.53,1.6423202
1134.12,1.6418929
1134.71,1.6414661
1135.3,1.6410396
1135.89,1.6406134
1136.48,1.6401875
1137.07,1.639762
1137.66,1.6393368
1138.25,1.638912
1138.84,1.6384875
1139.43,1.6380632
1140.02,1.6376394
1140.61,1.6372159
1141.2,1.6367927
1141.79,1.6363698
1142.38,1.6359472
1142.97,1.635525
1143.56,1.6351031
1144.15,1.6346816
1144.74,1.6342603
1145.33,1.6338394
1145.92,1.6334188
1146.51,1.6329985
1147.1,1.6325786
1147.69,1.632159
1148.28,1.6317397
1148.87,1.6313207
1149.46,1.6309021
1150.05,1.6304837
1150.64,1.6300657
1151.23,1.6296481
1151.82,1.6292307
1152.41,1.6288136
1153,1.628397
1153.59,1.6279806
1154.18,1.6275645
1154.77,1.6271487
1155.36,1.6267333
1155.95,1.6263182
1156.54,1.6259034
1157.13,1.6254889
1157.72,1.6250747
1158.31,1.624661
1158.9,1.6242474
1159.49,1.6238343
1160.08,1.6234213
1160.67,1.6230087
1161.26,1.6225965
1161.85,1.6221844
1162.44,1.6217726
1163.03,1.6213613
1163.62,1.6209501
1164.21,1.6205393
1164.8,1.6201288
1165.39,1.6197186
1165.98,1.6193087
1166.57,1.6188991
1167.16,1.6184899
1167.75,1.618081
1168.34,1.6176723
1168.93,1.6172639
1169.52,1.6168559
1170.11,1.6164482
1170.7,1.6160408
1171.29,1.6156337
1171.88,1.615227
1172.47,1.6148205
1173.06,1.6144143
1173.65,1.6140084
1174.24,1.6136029
1174.83,1.6131976
1175.42,1.6127926
1176.01,1.612388
1176.6,1.6119837
1177.19,1.6115797
1177.78,1.611176
1178.37,1.6107725
1178.96,1.6103694
1179.55,1.6099666
1180.14,1.6095641
1180.73,1.6091619
1181.32,1.60876
1181.91,1.6083584
1182.5,1.607957
1183.09,1.607556
1183.68,1.6071553
1184.27,1.6067549
1184.86,1.6063548
1185.45,1.605955
1186.04,1.6055555
1186.63,1.6051563
1187.22,1.6047574
1187.81,1.6043587
1188.4,1.6039604
1188.99,1.6035624
1189.58,1.6031647
1190.17,1.6027672
1190.76,1.6023701
1191.35,1.6019733
1191.94,1.6015768
1192.53,1.6011806
1193.12,1.6007845
1193.71,1.6003889
1194.3,1.5999936
1194.89,1.5995984
1195.48,1.5992037
1196.07,1.5988092
1196.66,1.598415
1197.25,1.5980211
1197.84,1.5976275
1198.43,1.5972342
1199.02,1.5968411
1199.61,1.5964484
1200.2,1.596056
1200.79,1.5956638
1201.38,1.5952719
1201.97,1.5948803
1202.56,1.5944891
1203.15,1.5940981
1203.74,1.5937073
1204.33,1.5933169
1204.92,1.5929269
1205.51,1.5925369
1206.1,1.5921474
1206.69,1.5917581
1207.28,1.5913692
1207.87,1.5909804
1208.46,1.590592
1209.05,1.5902039
1209.64,1.5898161
1210.23,1.5894284
1210.82,1.5890412
1211.41,1.5886542
1212,1.5882674
1212.59,1.5878811
1213.18,1.587495
1213.77,1.5871091
1214.36,1.5867234
1214.95,1.5863382
1215.54,1.5859532
1216.13,1.5855684
1216.72,1.585184
1217.31,1.5847998
1217.9,1.5844159
1218.49,1.5840323
1219.08,1.5836489
1219.67,1.5832659
1220.26,1.5828831
1220.85,1.5825006
1221.44,1.5821184
1222.03,1.5817364
1222.62,1.5813547
1223.21,1.5809734
1223.8,1.5805923
1224.39,1.5802114
1224.98,1.5798309
1225.57,1.5794506
1226.16,1.5790706
1226.75,1.5786908
1227.34,1.5783113
1227.93,1.5779321
1228.52,1.5775533
1229.11,1.5771745
1229.7,1.5767963
1230.29,1.5764182
1230.88,1.5760403
1231.47,1.5756627
1232.06,1.5752854
1232.65,1.5749085
1233.24,1.5745318
1233.83,1.5741553
1234.42,1.5737791
1235.01,1.5734031
1235.6,1.5730275
1236.19,1.5726522
1236.78,1.5722771
1237.37,1.5719022
1237.96,1.5715276
1238.55,1.5711533
1239.14,1.5707793
1239.73,1.5704055
1240.32,1.570032
1240.91,1.5696588
1241.5,1.5692859
1242.09,1.5689131
1242.68,1.5685407
1243.27,1.5681685
1243.86,1.5677966
1244.45,1.567425
1245.04,1.5670537
1245.63,1.5666826
1246.22,1.5663117
1246.81,1.5659411
1247.4,1.5655708
1247.99,1.5652008
1248.58,1.564831
1249.17,1.5644615
1249.76,1.5640922
1250.35,1.5637232
1250.94,1.5633544
1251.53,1.562986
1252.12,1.5626178
1252.71,1.5622498
1253.3,1.5618821
1253.89,1.5615147
1254.48,1.5611476
1255.07,1.5607806
1255.66,1.560414
1256.25,1.5600475
1256.84,1.5596815
1257.43,1.5593156
1258.02,1.5589499
1258.61,1.5585847
1259.2,1.5582196
1259.79,1.5578548
1260.38,1.5574901
1260.97,1.5571258
1261.56,1.5567617
1262.15,1.5563979
1262.74,1.5560343
1263.33,1.555671
1263.92,1.555308
1264.51,1.5549452
1265.1,1.5545827
1265.69,1.5542204
1266.28,1.5538584
1266.87,1.5534967
1267.46,1.553135
1268.05,1.5527738
1268.64,1.5524129
1269.23,1.5520521
1269.82,1.5516917
1270.41,1.5513314
1271,1.5509714
1271.59,1.5506116
1272.18,1.5502518
1272.77,1.5498925
1273.36,1.5495332
1273.95,1.5491744
1274.54,1.5488157
1275.13,1.5484573
1275.72,1.5480992
1276.31,1.5477412
1276.9,1.5473835
1277.49,1.5470262
1278.08,1.546669
1278.67,1.5463121
1279.26,1.5459553
1279.85,1.5455989
1280.44,1.5452428
1281.03,1.5448868
1281.62,1.5445311
1282.21,1.5441756
1282.8,1.5438205
1283.39,1.5434655
1283.98,1.5431108
1284.57,1.5427564
1285.16,1.5424021
1285.75,1.5420481
1286.34,1.5416944
1286.93,1.5413409
1287.52,1.5409877
1288.11,1.5406348
1288.7,1.540282
1289.29,1.5399295
1289.88,1.5395772
1290.47,1.5392252
1291.06,1.5388734
1291.65,1.5385219
1292.24,1.5381706
1292.83,1.5378195
1293.42,1.5374687
1294.01,1.5371182
1294.6,1.5367678
1295.19,1.5364177
1295.78,1.536068
1296.37,1.5357183
1296.96,1.5353689
1297.55,1.5350198
1298.14,1.5346708
1298.73,1.5343223
1299.32,1.5339738
1299.91,1.5336256
1300.5,1.5332778
1301.09,1.53293
1301.68,1.5325825
1302.27,1.5322354
1302.86,1.5318884
1303.45,1.5315416
1304.04,1.531195
1304.63,1.5308487
1305.22,1.5305028
1305.81,1.530157
1306.4,1.5298114
1306.99,1.529466
1307.58,1.5291209
1308.17,1.5287762
1308.76,1.5284314
1309.35,1.528087
1309.94,1.5277429
1310.53,1.5273989
1311.12,1.5270553
1311.71,1.5267118
1312.3,1.5263686
1312.89,1.5260257
1313.48,1.5256828
1314.07,1.5253402
1314.66,1.5249979
1315.25,1.5246559
1315.84,1.524314
1316.43,1.5239725
1317.02,1.5236311
1317.61,1.5232899
1318.2,1.522949
1318.79,1.5226084
1319.38,1.5222678
1319.97,1.5219277
1320.56,1.5215877
1321.15,1.5212479
1321.74,1.5209084
1322.33,1.5205691
1322.92,1.5202299
1323.51,1.5198911
1324.1,1.5195525
1324.69,1.5192142
1325.28,1.518876
1325.87,1.518538
1326.46,1.5182003
1327.05,1.5178628
1327.64,1.5175256
1328.23,1.5171884
1328.82,1.5168517
1329.41,1.5165151
1330,1.5161787
1330.59,1.5158426
1331.18,1.5155066
1331.77,1.5151709
1332.36,1.5148355
1332.95,1.5145003
1333.54,1.5141653
1334.13,1.5138304
1334.72,1.5134959
1335.31,1.5131615
1335.9,1.5128274
1336.49,1.5124935
1337.08,1.5121598
1337.67,1.5118264
1338.26,1.5114932
1338.85,1.5111601
1339.44,1.5108273
1340.03,1.5104948
1340.62,1.5101625
1341.21,1.5098304
1341.8,1.5094984
1342.39,1.5091667
1342.98,1.5088353
1343.57,1.508504
1344.16,1.508173
1344.75,1.5078422
1345.34,1.5075116
1345.93,1.5071813
1346.52,1.5068511
1347.11,1.5065211
1347.7,1.5061915
1348.29,1.5058619
1348.88,1.5055327
1349.47,1.5052036
1350.06,1.5048748
1350.65,1.5045462
1351.24,1.5042177
1351.83,1.5038896
1352.42,1.5035616
1353.01,1.5032338
1353.6,1.5029063
1354.19,1.5025789
1354.78,1.5022517
1355.37,1.5019249
1355.96,1.5015982
1356.55,1.5012717
1357.14,1.5009456
1357.73,1.5006194
1358.32,1.5002936
1358.91,1.4999681
1359.5,1.4996426
1360.09,1.4993175
1360.68,1.4989924
1361.27,1.4986677
1361.86,1.4983429
1362.45,1.4980184
1363.04,1.497694
1363.63,1.4973699
1364.22,1.4970459
1364.81,1.4967221
1365.4,1.4963986
1365.99,1.4960753
1366.58,1.4957522
1367.17,1.4954294
1367.76,1.4951067
1368.35,1.4947842
1368.94,1.494462
1369.53,1.4941399
1370.12,1.4938182
1370.71,1.4934965
1371.3,1.4931751
1371.89,1.492854
1372.48,1.492533
1373.07,1.4922122
1373.66,1.4918916
1374.25,1.4915713
1374.84,1.4912511
1375.43,1.4909313
1376.02,1.4906116
1376.61,1.490292
1377.2,1.4899727
1377.79,1.4896536
1378.38,1.4893347
1378.97,1.4890159
1379.56,1.4886975
1380.15,1.4883792
1380.74,1.4880611
1381.33,1.4877433
1381.92,1.4874257
1382.51,1.4871082
1383.1,1.4867909
1383.69,1.4864739
1384.28,1.4861571
1384.87,1.4858404
1385.46,1.4855241
1386.05,1.4852078
1386.64,1.4848918
1387.23,1.484576
1387.82,1.4842604
1388.41,1.4839449
1389,1.4836298
1389.59,1.4833148
1390.18,1.483
1390.77,1.4826853
1391.36,1.482371
1391.95,1.4820569
1392.54,1.4817429
1393.13,1.4814291
1393.72,1.4811155
1394.31,1.4808021
1394.9,1.4804889
1395.49,1.480176
1396.08,1.4798632
1396.67,1.4795506
1397.26,1.4792383
1397.85,1.4789261
1398.44,1.4786141
1399.03,1.4783022
1399.62,1.4779907
1400.21,1.4776794
1400.8,1.4773681
1401.39,1.4770572
1401.98,1.4767464
1402.57,1.4764358
1403.16,1.4761254
1403.75,1.4758153
1404.34,1.4755052
1404.93,1.4751954
1405.52,1.4748858
1406.11,1.4745765
1406.7,1.4742672
1407.29,1.4739583
1407.88,1.4736494
1408.47,1.4733409
1409.06,1.4730325
1409.65,1.4727242
1410.24,1.4724162
1410.83,1.4721084
1411.42,1.4718007
1412.01,1.4714932
1412.6,1.471186
1413.19,1.470879
1413.78,1.4705721
1414.37,1.4702655
1414.96,1.469959
1415.55,1.4696527
1416.14,1.4693466
1416.73,1.4690408
1417.32,1.4687351
1417.91,1.4684296
1418.5,1.4681242
1419.09,1.4678191
1419.68,1.4675142
1420.27,1.4672095
1420.86,1.4669049
1421.45,1.4666005
1422.04,1.4662963
1422.63,1.4659925
1423.22,1.4656887
1423.81,1.4653851
1424.4,1.4650817
1424.99,1.4647784
1425.58,1.4644754
1426.17,1.4641726
1426.76,1.4638699
1427.35,1.4635675
1427.94,1.4632653
1428.53,1.4629631
1429.12,1.4626611
1429.71,1.4623592
1430.3,1.4620575
1430.89,1.461756
1431.48,1.4614545
1432.07,1.4611534
1432.66,1.4608524
1433.25,1.4605516
1433.84,1.460251
1434.43,1.4599506
1435.02,1.4596504
1435.61,1.4593503
1436.2,1.4590504
1436.79,1.4587507
1437.38,1.4584513
1437.97,1.4581519
1438.56,1.4578528
1439.15,1.457554
1439.74,1.4572551
1440.33,1.4569566
1440.92,1.4566582
1441.51,1.45636
1442.1,1.456062
1442.69,1.4557642
1443.28,1.4554666
1443.87,1.4551691
1444.46,1.4548719
1445.05,1.4545748
1445.64,1.4542779
1446.23,1.4539812
1446.82,1.4536846
1447.41,1.4533882
1448,1.4530921
1448.59,1.4527961
1449.18,1.4525003
1449.77,1.4522046
1450.36,1.4519092
1450.95,1.451614
1451.54,1.4513189
1452.13,1.4510239
1452.72,1.4507293
1453.31,1.4504348
1453.9,1.4501404
1454.49,1.4498463
1455.08,1.4495522
1455.67,1.4492583
1456.26,1.4489647
1456.85,1.4486713
1457.44,1.4483781
1458.03,1.448085
1458.62,1.4477921
1459.21,1.4474993
1459.8,1.4472067
1460.39,1.4469144
1460.98,1.4466221
1461.57,1.4463302
1462.16,1.4460384
1462.75,1.4457467
1463.34,1.4454552
1463.93,1.4451638
1464.52,1.4448727
1465.11,1.4445819
1465.7,1.444291
1466.29,1.4440005
1466.88,1.44371
1467.47,1.4434198
1468.06,1.4431297
1468.65,1.4428399
1469.24,1.4425501
1469.83,1.4422605
1470.42,1.4419712
1471.01,1.441682
1471.6,1.441393
1472.19,1.4411042
1472.78,1.4408156
1473.37,1.440527
1473.96,1.4402387
1474.55,1.4399506
1475.14,1.4396626
1475.73,1.4393748
1476.32,1.4390872
1476.91,1.4387997
1477.5,1.4385124
1478.09,1.4382254
1478.68,1.4379385
1479.27,1.4376518
1479.86,1.4373652
1480.45,1.4370787
1481.04,1.4367925
1481.63,1.4365064
1482.22,1.4362205
1482.81,1.4359348
1483.4,1.4356493
1483.99,1.4353639
1484.58,1.4350787
1485.17,1.4347937
1485.76,1.4345088
1486.35,1.4342241
1486.94,1.4339396
1487.53,1.4336553
1488.12,1.4333711
1488.71,1.4330871
1489.3,1.4328033
1489.89,1.4325196
1490.48,1.4322361
1491.07,1.4319527
1491.66,1.4316696
1492.25,1.4313866
1492.84,1.4311037
1493.43,1.4308211
1494.02,1.4305387
1494.61,1.4302564
1495.2,1.4299742
1495.79,1.4296921
1496.38,1.4294103
1496.97,1.4291288
1497.56,1.4288472
1498.15,1.428566
1498.74,1.4282848
1499.33,1.4280038
1499.92,1.4277231
1500.51,1.4274424
1501.1,1.4271618
1501.69,1.4268816
1502.28,1.4266014
1502.87,1.4263215
1503.46,1.4260417
1504.05,1.4257621
1504.64,1.4254825
1505.23,1.4252032
1505.82,1.424924
1506.41,1.4246451
1507,1.4243664
1507.59,1.4240876
1508.18,1.4238092
1508.77,1.4235308
1509.36,1.4232526
1509.95,1.4229747
1510.54,1.4226968
1511.13,1.4224192
1511.72,1.4221417
1512.31,1.4218643
1512.9,1.4215871
1513.49,1.4213101
1514.08,1.4210333
1514.67,1.4207566
1515.26,1.42048
1515.85,1.4202037
1516.44,1.4199275
1517.03,1.4196514
1517.62,1.4193753
1518.21,1.4190995
1518.8,1.4188237
1519.39,1.4185481
1519.98,1.4182727
1520.57,1.4179975
1521.16,1.4177225
1521.75,1.4174476
1522.34,1.4171728
1522.93,1.4168981
1523.52,1.4166237
1524.11,1.4163494
1524.7,1.4160753
1525.29,1.4158014
1525.88,1.4155276
1526.47,1.4152539
1527.06,1.4149804
1527.65,1.4147071
1528.24,1.414434
1528.83,1.4141608
1529.42,1.4138881
1530.01,1.4136153
1530.6,1.4133428
1531.19,1.4130704
1531.78,1.4127983
1532.37,1.4125262
1532.96,1.4122543
1533.55,1.4119825
1534.14,1.411711
1534.73,1.4114395
1535.32,1.4111683
1535.91,1.4108971
1536.5,1.4106263
1537.09,1.4103554
1537.68,1.4100848
1538.27,1.4098144
1538.86,1.409544
1539.45,1.4092739
1540.04,1.4090039
1540.63,1.408734
1541.22,1.4084643
1541.81,1.4081948
1542.4,1.4079254
1542.99,1.4076561
1543.58,1.407387
1544.17,1.4071181
1544.76,1.4068494
1545.35,1.4065807
1545.94,1.4063122
1546.53,1.406044
1547.12,1.4057758
1547.71,1.4055078
1548.3,1.4052399
1548.89,1.4049723
1549.48,1.4047048
1550.07,1.4044374
1550.66,1.4041702
1551.25,1.4039031
1551.84,1.4036362
1552.43,1.4033694
1553.02,1.4031028
1553.61,1.4028363
1554.2,1.40257
1554.79,1.4023038
1555.38,1.4020379
1555.97,1.401772
1556.56,1.4015063
1557.15,1.4012407
1557.74,1.4009753
1558.33,1.4007101
1558.92,1.400445
1559.51,1.4001801
1560.1,1.3999152
1560.69,1.3996507
1561.28,1.3993862
1561.87,1.3991218
1562.46,1.3988576
1563.05,1.3985935
1563.64,1.3983297
1564.23,1.3980659
1564.82,1.3978024
1565.41,1.3975389
1566,1.3972756
1566.59,1.3970125
1567.18,1.3967495
1567.77,1.3964866
1568.36,1.396224
1568.95,1.3959614
1569.54,1.395699
1570.13,1.3954368
1570.72,1.3951747
1571.31,1.3949127
1571.9,1.3946509
1572.49,1.3943893
1573.08,1.3941277
1573.67,1.3938664
1574.26,1.3936052
1574.85,1.3933442
1575.44,1.3930832
1576.03,1.3928225
1576.62,1.3925618
1577.21,1.3923013
1577.8,1.3920411
1578.39,1.3917809
1578.98,1.3915209
1579.57,1.391261
1580.16,1.3910012
1580.75,1.3907416
1581.34,1.3904822
1581.93,1.3902228
1582.52,1.3899636
1583.11,1.3897047
1583.7,1.3894458
1584.29,1.3891871
1584.88,1.3889285
1585.47,1.3886701
1586.06,1.3884118
1586.65,1.3881537
1587.24,1.3878957
1587.83,1.3876377
1588.42,1.3873801
1589.01,1.3871225
1589.6,1.3868651
1590.19,1.3866078
1590.78,1.3863506
1591.37,1.3860937
1591.96,1.3858368
1592.55,1.3855802
1593.14,1.3853235
1593.73,1.3850672
1594.32,1.3848109
1594.91,1.3845547
1595.5,1.3842988
1596.09,1.3840429
1596.68,1.3837872
1597.27,1.3835317
1597.86,1.3832762
1598.45,1.383021
1599.04,1.3827658
1599.63,1.3825108
1600.22,1.3822559
1600.81,1.3820013
1601.4,1.3817466
1601.99,1.3814923
1602.58,1.381238
1603.17,1.3809838
1603.76,1.3807298
1604.35,1.3804759
1604.94,1.3802222
1605.53,1.3799686
1606.12,1.3797152
1606.71,1.3794619
1607.3,1.3792087
1607.89,1.3789557
1608.48,1.3787028
1609.07,1.37845
1609.66,1.3781974
1610.25,1.3779449
1610.84,1.3776927
1611.43,1.3774405
1612.02,1.3771884
1612.61,1.3769366
1613.2,1.3766848
1613.79,1.3764331
1614.38,1.3761816
1614.97,1.3759302
1615.56,1.375679
1616.15,1.375428
1616.74,1.375177
1617.33,1.3749262
1617.92,1.3746755
1618.51,1.3744251
1619.1,1.3741746
1619.69,1.3739244
1620.28,1.3736743
1620.87,1.3734242
1621.46,1.3731744
1622.05,1.3729247
1622.64,1.3726751
1623.23,1.3724257
1623.82,1.3721764
1624.41,1.3719273
1625,1.3716781
1625.59,1.3714293
1626.18,1.3711805
1626.77,1.370932
1627.36,1.3706834
1627.95,1.3704351
1628.54,1.3701869
1629.13,1.3699389
1629.72,1.3696909
1630.31,1.3694431
1630.9,1.3691953
1631.49,1.3689479
1632.08,1.3687004
1632.67,1.3684531
1633.26,1.368206
1633.85,1.367959
1634.44,1.3677121
1635.03,1.3674654
1635.62,1.3672189
1636.21,1.3669723
1636.8,1.366726
1637.39,1.3664799
1637.98,1.3662337
1638.57,1.3659878
1639.16,1.365742
1639.75,1.3654963
1640.34,1.3652508
1640.93,1.3650054
1641.52,1.3647602
1642.11,1.3645151
1642.7,1.36427
1643.29,1.3640251
1643.88,1.3637804
1644.47,1.3635358
1645.06,1.3632914
1645.65,1.363047
1646.24,1.3628027
1646.83,1.3625587
1647.42,1.3623147
1648.01,1.3620709
1648.6,1.3618273
1649.19,1.3615837
1649.78,1.3613403
1650.37,1.361097
1650.96,1.3608538
1651.55,1.3606107
1652.14,1.3603677
1652.73,1.3601248
1653.32,1.359882
1653.91,1.3596394
1654.5,1.3593969
1655.09,1.3591546
1655.68,1.3589123
1656.27,1.3586702
1656.86,1.3584282
1657.45,1.3581865
1658.04,1.3579447
1658.63,1.3577032
1659.22,1.3574617
1659.81,1.3572204
1660.4,1.3569793
1660.99,1.3567382
1661.58,1.3564972
1662.17,1.3562564
1662.76,1.3560157
1663.35,1.3557752
1663.94,1.3555348
1664.53,1.3552945
1665.12,1.3550544
1665.71,1.3548143
1666.3,1.3545743
1666.89,1.3543346
1667.48,1.354095
1668.07,1.3538555
1668.66,1.353616
1669.25,1.3533767
1669.84,1.3531376
1670.43,1.3528986
1671.02,1.3526597
1671.61,1.3524209
1672.2,1.3521823
1672.79,1.3519439
1673.38,1.3517054
1673.97,1.3514671
1674.56,1.3512291
1675.15,1.350991
1675.74,1.3507532
1676.33,1.3505154
1676.92,1.3502778
1677.51,1.3500403
1678.1,1.349803
1678.69,1.3495657
1679.28,1.3493285
1679.87,1.3490915
1680.46,1.3488547
1681.05,1.3486179
1681.64,1.3483813
1682.23,1.3481449
1682.82,1.3479085
1683.41,1.3476722
1684,1.3474361
1684.59,1.3472
1685.18,1.3469642
1685.77,1.3467284
1686.36,1.3464928
1686.95,1.3462573
1687.54,1.346022
1688.13,1.3457867
1688.72,1.3455516
1689.31,1.3453165
1689.9,1.3450817
1690.49,1.344847
1691.08,1.3446122
1691.67,1.3443778
1692.26,1.3441434
1692.85,1.3439091
1693.44,1.3436749
1694.03,1.3434409
1694.62,1.343207
1695.21,1.3429732
1695.8,1.3427396
1696.39,1.3425061
1696.98,1.3422726
1697.57,1.3420393
1698.16,1.3418062
1698.75,1.3415731
1699.34,1.3413402
1699.93,1.3411074
1700.52,1.3408747
1701.11,1.3406421
1701.7,1.3404098
1702.29,1.3401774
1702.88,1.3399452
1703.47,1.3397131
1704.06,1.3394811
1704.65,1.3392494
1705.24,1.3390176
1705.83,1.338786
1706.42,1.3385545
1707.01,1.3383232
1707.6,1.338092
1708.19,1.3378608
1708.78,1.3376299
1709.37,1.337399
1709.96,1.3371682
1710.55,1.3369375
1711.14,1.3367071
1711.73,1.3364767
1712.32,1.3362464
1712.91,1.3360163
1713.5,1.3357862
1714.09,1.3355563
1714.68,1.3353264
1715.27,1.3350968
1715.86,1.3348672
1716.45,1.3346378
1717.04,1.3344085
1717.63,1.3341793
1718.22,1.3339502
1718.81,1.3337212
1719.4,1.3334924
1719.99,1.3332636
1720.58,1.333035
1721.17,1.3328065
1721.76,1.3325781
1722.35,1.3323499
1722.94,1.3321217
1723.53,1.3318937
1724.12,1.3316658
1724.71,1.3314379
1725.3,1.3312103
1725.89,1.3309827
1726.48,1.3307554
1727.07,1.3305279
1727.66,1.3303008
1728.25,1.3300737
1728.84,1.3298467
1729.43,1.3296199
1730.02,1.3293931
1730.61,1.3291664
1731.2,1.3289399
1731.79,1.3287135
1732.38,1.3284873
1732.97,1.3282611
1733.56,1.328035
1734.15,1.3278091
1734.74,1.3275833
1735.33,1.3273576
1735.92,1.327132
1736.51,1.3269066
1737.1,1.3266811
1737.69,1.326456
1738.28,1.3262308
1738.87,1.3260058
1739.46,1.3257809
1740.05,1.3255562
1740.64,1.3253314
1741.23,1.3251069
1741.82,1.3248824
1742.41,1.3246582
1743,1.3244339
1743.59,1.3242098
1744.18,1.3239858
1744.77,1.3237619
1745.36,1.3235382
1745.95,1.3233145
1746.54,1.323091
1747.13,1.3228676
1747.72,1.3226442
1748.31,1.3224211
1748.9,1.322198
1749.49,1.3219751
1750.08,1.3217522
1750.67,1.3215295
1751.26,1.3213068
1751.85,1.3210844
1752.44,1.3208619
1753.03,1.3206396
1753.62,1.3204175
1754.21,1.3201954
1754.8,1.3199735
1755.39,1.3197516
1755.98,1.3195299
1756.57,1.3193083
1757.16,1.3190868
1757.75,1.3188654
1758.34,1.318644
1758.93,1.3184229
1759.52,1.3182019
1760.11,1.3179809
1760.7,1.3177601
1761.29,1.3175393
1761.88,1.3173188
1762.47,1.3170983
1763.06,1.3168778
1763.65,1.3166575
1764.24,1.3164374
1764.83,1.3162173
1765.42,1.3159974
1766.01,1.3157775
1766.6,1.3155578
1767.19,1.3153383
1767.78,1.3151187
1768.37,1.3148993
1768.96,1.31468
1769.55,1.3144609
1770.14,1.3142418
1770.73,1.3140228
1771.32,1.3138039
1771.91,1.3135852
1772.5,1.3133667
1773.09,1.313148
1773.68,1.3129296
1774.27,1.3127114
1774.86,1.3124932
1775.45,1.3122751
1776.04,1.3120571
1776.63,1.3118392
1777.22,1.3116214
1777.81,1.3114038
1778.4,1.3111863
1778.99,1.3109689
1779.58,1.3107514
1780.17,1.3105342
1780.76,1.3103172
1781.35,1.3101002
1781.94,1.3098832
1782.53,1.3096665
1783.12,1.3094498
1783.71,1.3092332
1784.3,1.3090168
1784.89,1.3088005
1785.48,1.3085841
1786.07,1.308368
1786.66,1.308152
1787.25,1.3079361
1787.84,1.3077203
1788.43,1.3075045
1789.02,1.3072889
1789.61,1.3070734
1790.2,1.3068579
1790.79,1.3066428
1791.38,1.3064275
1791.97,1.3062124
1792.56,1.3059975
1793.15,1.3057827
1793.74,1.3055679
1794.33,1.3053533
1794.92,1.3051387
1795.51,1.3049242
1796.1,1.3047099
1796.69,1.3044957
1797.28,1.3042816
1797.87,1.3040675
1798.46,1.3038536
1799.05,1.3036399
1799.64,1.3034261
1800.23,1.3032125
1800.82,1.302999
1801.41,1.3027856
1802,1.3025724
1802.59,1.3023592
1803.18,1.3021461
1803.77,1.3019332
1804.36,1.3017203
1804.95,1.3015076
1805.54,1.3012949
1806.13,1.3010824
1806.72,1.3008699
1807.31,1.3006575
1807.9,1.3004453
1808.49,1.3002332
1809.08,1.3000212
1809.67,1.2998092
1810.26,1.2995974
1810.85,1.2993857
1811.44,1.2991741
1812.03,1.2989626
1812.62,1.2987511
1813.21,1.2985399
1813.8,1.2983286
1814.39,1.2981175
1814.98,1.2979065
1815.57,1.2976956
1816.16,1.2974849
1816.75,1.2972742
1817.34,1.2970636
1817.93,1.2968531
1818.52,1.2966428
1819.11,1.2964325
1819.7,1.2962223
1820.29,1.2960122
1820.88,1.2958022
1821.47,1.2955923
1822.06,1.2953826
1822.65,1.2951729
1823.24,1.2949634
1823.83,1.2947539
1824.42,1.2945446
1825.01,1.2943352
1825.6,1.2941262
1826.19,1.2939171
1826.78,1.2937081
1827.37,1.2934994
1827.96,1.2932905
1828.55,1.2930819
1829.14,1.2928734
1829.73,1.2926649
1830.32,1.2924565
1830.91,1.2922482
1831.5,1.2920401
1832.09,1.2918321
1832.68,1.2916242
1833.27,1.2914163
1833.86,1.2912085
1834.45,1.291001
1835.04,1.2907934
1835.63,1.2905859
1836.22,1.2903786
1836.81,1.2901714
1837.4,1.2899642
1837.99,1.2897571
1838.58,1.2895502
1839.17,1.2893434
1839.76,1.2891366
1840.35,1.2889299
1840.94,1.2887235
1841.53,1.288517
1842.12,1.2883106
1842.71,1.2881044
1843.3,1.2878982
1843.89,1.2876922
1844.48,1.2874862
1845.07,1.2872804
1845.66,1.2870747
1846.25,1.2868689
1846.84,1.2866634
1847.43,1.2864579
1848.02,1.2862526
1848.61,1.2860473
1849.2,1.2858422
1849.79,1.2856371
1850.38,1.2854321
1850.97,1.2852273
1851.56,1.2850225
1852.15,1.2848178
1852.74,1.2846133
1853.33,1.2844087
1853.92,1.2842044
1854.51,1.284
1855.1,1.283796
1855.69,1.2835919
1856.28,1.2833878
1856.87,1.2831839
1857.46,1.2829801
1858.05,1.2827765
1858.64,1.2825729
1859.23,1.2823693
1859.82,1.2821659
1860.41,1.2819626
1861,1.2817594
1861.59,1.2815562
1862.18,1.2813532
1862.77,1.2811503
1863.36,1.2809474
1863.95,1.2807448
1864.54,1.2805421
1865.13,1.2803396
1865.72,1.2801372
1866.31,1.2799348
1866.9,1.2797326
1867.49,1.2795304
1868.08,1.2793283
1868.67,1.2791263
1869.26,1.2789245
1869.85,1.2787226
1870.44,1.2785209
1871.03,1.2783195
1871.62,1.2781179
1872.21,1.2779166
1872.8,1.2777152
1873.39,1.277514
1873.98,1.277313
1874.57,1.2771119
1875.16,1.276911
1875.75,1.2767102
1876.34,1.2765094
1876.93,1.2763088
1877.52,1.2761083
1878.11,1.2759079
1878.7,1.2757075
1879.29,1.2755072
1879.88,1.2753071
1880.47,1.275107
1881.06,1.274907
1881.65,1.2747072
1882.24,1.2745074
1882.83,1.2743076
1883.42,1.2741081
1884.01,1.2739086
1884.6,1.2737092
1885.19,1.2735099
1885.78,1.2733105
1886.37,1.2731115
1886.96,1.2729125
1887.55,1.2727135
1888.14,1.2725147
1888.73,1.2723159
1889.32,1.2721173
1889.91,1.2719187
1890.5,1.2717202
1891.09,1.2715218
1891.68,1.2713236
1892.27,1.2711253
1892.86,1.2709272
1893.45,1.2707292
1894.04,1.2705313
1894.63,1.2703334
1895.22,1.2701356
1895.81,1.269938
1896.4,1.2697405
1896.99,1.2695431
1897.58,1.2693456
1898.17,1.2691483
1898.76,1.2689512
1899.35,1.2687541
1899.94,1.2685571
1900.53,1.2683601
1901.12,1.2681634
1901.71,1.2679666
1902.3,1.2677701
1902.89,1.2675735
1903.48,1.267377
1904.07,1.2671807
1904.66,1.2669845
1905.25,1.2667882
1905.84,1.2665921
1906.43,1.2663962
1907.02,1.2662002
1907.61,1.2660044
1908.2,1.2658087
1908.79,1.2656131
1909.38,1.2654175
1909.97,1.2652221
1910.56,1.2650267
1911.15,1.2648314
1911.74,1.2646363
1912.33,1.2644411
1912.92,1.2642461
1913.51,1.2640513
1914.1,1.2638564
1914.69,1.2636616
1915.28,1.2634671
1915.87,1.2632725
1916.46,1.263078
1917.05,1.2628837
1917.64,1.2626894
1918.23,1.2624952
1918.82,1.2623011
1919.41,1.2621071
1920,1.2619132
1920.59,1.2617193
1921.18,1.2615256
1921.77,1.2613319
1922.36,1.2611383
1922.95,1.2609448
1923.54,1.2607515
1924.13,1.2605582
1924.72,1.260365
1925.31,1.2601719
1925.9,1.2599788
1926.49,1.2597859
1927.08,1.259593
1927.67,1.2594002
1928.26,1.2592076
1928.85,1.259015
1929.44,1.2588226
1930.03,1.2586302
1930.62,1.2584378
1931.21,1.2582455
1931.8,1.2580534
1932.39,1.2578614
1932.98,1.2576693
1933.57,1.2574775
1934.16,1.2572857
1934.75,1.2570939
1935.34,1.2569023
1935.93,1.2567108
1936.52,1.2565193
1937.11,1.256328
1937.7,1.2561368
1938.29,1.2559456
1938.88,1.2557545
1939.47,1.2555634
1940.06,1.2553725
1940.65,1.2551817
1941.24,1.2549909
1941.83,1.2548002
1942.42,1.2546097
1943.01,1.2544192
1943.6,1.2542288
1944.19,1.2540385
1944.78,1.2538482
1945.37,1.2536581
1945.96,1.253468
1946.55,1.253278
1947.14,1.2530882
1947.73,1.2528983
1948.32,1.2527087
1948.91,1.252519
1949.5,1.2523295
1950.09,1.25214
1950.68,1.2519506
1951.27,1.2517614
1951.86,1.2515723
1952.45,1.2513831
1953.04,1.2511941
1953.63,1.2510052
1954.22,1.2508162
1954.81,1.2506275
1955.4,1.2504388
1955.99,1.2502502
1956.58,1.2500618
1957.17,1.2498733
1957.76,1.2496849
1958.35,1.2494967
1958.94,1.2493086
1959.53,1.2491205
1960.12,1.2489325
1960.71,1.2487445
1961.3,1.2485567
1961.89,1.248369
1962.48,1.2481813
1963.07,1.2479937
1963.66,1.2478062
1964.25,1.2476188
1964.84,1.2474315
1965.43,1.2472442
1966.02,1.2470571
1966.61,1.24687
1967.2,1.246683
1967.79,1.2464961
1968.38,1.2463093
1968.97,1.2461226
1969.56,1.2459359
1970.15,1.2457494
1970.74,1.2455629
1971.33,1.2453765
1971.92,1.2451901
1972.51,1.2450039
1973.1,1.2448177
1973.69,1.2446318
1974.28,1.2444457
1974.87,1.2442598
1975.46,1.244074
1976.05,1.2438883
1976.64,1.2437027
1977.23,1.243517
1977.82,1.2433316
1978.41,1.2431462
1979,1.2429609
1979.59,1.2427756
1980.18,1.2425904
1980.77,1.2424054
1981.36,1.2422204
1981.95,1.2420355
1982.54,1.2418507
1983.13,1.241666
1983.72,1.2414813
1984.31,1.2412968
1984.9,1.2411122
1985.49,1.2409278
1986.08,1.2407435
1986.67,1.2405592
1987.26,1.240375
1987.85,1.240191
1988.44,1.240007
1989.03,1.2398231
1989.62,1.2396393
1990.21,1.2394555
1990.8,1.2392718
1991.39,1.2390882
1991.98,1.2389047
1992.57,1.2387213
1993.16,1.2385379
1993.75,1.2383547
1994.34,1.2381715
1994.93,1.2379884
1995.52,1.2378054
1996.11,1.2376224
1996.7,1.2374395
1997.29,1.2372568
1997.88,1.237074
1998.47,1.2368914
1999.06,1.2367089
1999.65,1.2365265
2000.24,1.2363441
2000.83,1.2361618
2001.42,1.2359796
2002.01,1.2357974
2002.6,1.2356154
2003.19,1.2354335
2003.78,1.2352515
2004.37,1.2350698
2004.96,1.234888
2005.55,1.2347063
2006.14,1.2345247
2006.73,1.2343433
2007.32,1.2341619
2007.91,1.2339805
2008.5,1.2337993
2009.09,1.2336181
2009.68,1.2334371
2010.27,1.233256
2010.86,1.233075
2011.45,1.2328942
2012.04,1.2327135
2012.63,1.2325327
2013.22,1.2323521
2013.81,1.2321715
2014.4,1.2319912
2014.99,1.2318107
2015.58,1.2316304
2016.17,1.2314502
2016.76,1.2312701
2017.35,1.2310901
2017.94,1.2309101
2018.53,1.2307302
2019.12,1.2305503
2019.71,1.2303705
2020.3,1.2301909
2020.89,1.2300113
2021.48,1.2298318
2022.07,1.2296524
2022.66,1.229473
2023.25,1.2292938
2023.84,1.2291145
2024.43,1.2289355
2025.02,1.2287564
2025.61,1.2285775
2026.2,1.2283986
2026.79,1.2282197
2027.38,1.2280411
2027.97,1.2278624
2028.56,1.2276838
2029.15,1.2275053
2029.74,1.2273269
2030.33,1.2271485
2030.92,1.2269703
2031.51,1.2267921
2032.1,1.226614
2032.69,1.226436
2033.28,1.226258
2033.87,1.2260802
2034.46,1.2259024
2035.05,1.2257247
2035.64,1.2255471
2036.23,1.2253695
2036.82,1.225192
2037.41,1.2250146
2038,1.2248372
2038.59,1.22466
2039.18,1.2244828
2039.77,1.2243057
2040.36,1.2241287
2040.95,1.2239517
2041.54,1.2237749
2042.13,1.2235981
2042.72,1.2234213
2043.31,1.2232447
2043.9,1.2230681
2044.49,1.2228917
2045.08,1.2227153
2045.67,1.2225389
2046.26,1.2223626
2046.85,1.2221864
2047.44,1.2220104
2048.03,1.2218343
2048.62,1.2216583
2049.21,1.2214825
2049.8,1.2213067
2050.39,1.221131
2050.98,1.2209554
2051.57,1.2207798
2052.16,1.2206043
2052.75,1.2204288
2053.34,1.2202535
2053.93,1.2200782
2054.52,1.219903
2055.11,1.2197279
2055.7,1.2195529
2056.29,1.2193779
2056.88,1.219203
2057.47,1.2190281
2058.06,1.2188534
2058.65,1.2186787
2059.24,1.2185042
2059.83,1.2183297
2060.42,1.2181551
2061.01,1.2179809
2061.6,1.2178065
2062.19,1.2176323
2062.78,1.2174581
2063.37,1.2172841
2063.96,1.21711
2064.55,1.2169361
2065.14,1.2167623
2065.73,1.2165885
2066.32,1.2164148
2066.91,1.2162412
2067.5,1.2160677
2068.09,1.2158942
2068.68,1.2157208
2069.27,1.2155474
2069.86,1.2153742
2070.45,1.215201
2071.04,1.2150279
2071.63,1.2148548
2072.22,1.2146819
2072.81,1.214509
2073.4,1.2143363
2073.99,1.2141635
2074.58,1.2139908
2075.17,1.2138183
2075.76,1.2136457
2076.35,1.2134733
2076.94,1.2133009
2077.53,1.2131287
2078.12,1.2129564
2078.71,1.2127843
2079.3,1.2126122
2079.89,1.2124401
2080.48,1.2122682
2081.07,1.2120965
2081.66,1.2119247
2082.25,1.2117529
2082.84,1.2115812
2083.43,1.2114097
2084.02,1.2112381
2084.61,1.2110667
2085.2,1.2108954
2085.79,1.2107241
2086.38,1.2105529
2086.97,1.2103819
2087.56,1.2102108
2088.15,1.2100399
2088.74,1.2098689
2089.33,1.2096981
2089.92,1.2095274
2090.51,1.2093567
2091.1,1.209186
2091.69,1.2090155
2092.28,1.208845
2092.87,1.2086746
2093.46,1.2085042
2094.05,1.208334
2094.64,1.2081637
2095.23,1.2079936
2095.82,1.2078236
2096.41,1.2076536
2097,1.2074838
2097.59,1.2073139
2098.18,1.2071441
2098.77,1.2069745
2099.36,1.2068049
2099.95,1.2066354
2100.54,1.2064658
2101.13,1.2062964
2101.72,1.2061272
2102.31,1.2059579
2102.9,1.2057887
2103.49,1.2056196
2104.08,1.2054505
2104.67,1.2052815
2105.26,1.2051126
2105.85,1.2049438
2106.44,1.2047751
2107.03,1.2046064
2107.62,1.2044377
2108.21,1.2042692
2108.8,1.2041007
2109.39,1.2039323
2109.98,1.203764
2110.57,1.2035958
2111.16,1.2034276
2111.75,1.2032593
2112.34,1.2030914
2112.93,1.2029234
2113.52,1.2027555
2114.11,1.2025876
2114.7,1.2024199
2115.29,1.2022521
2115.88,1.2020845
2116.47,1.2019169
2117.06,1.2017494
2117.65,1.2015821
2118.24,1.2014147
2118.83,1.2012473
2119.42,1.2010802
2120.01,1.2009131
2120.6,1.2007459
2121.19,1.2005789
2121.78,1.200412
2122.37,1.2002451
2122.96,1.2000784
2123.55,1.1999117
2124.14,1.1997451
2124.73,1.1995784
2125.32,1.1994119
2125.91,1.1992455
2126.5,1.1990792
2127.09,1.1989127
2127.68,1.1987466
2128.27,1.1985804
2128.86,1.1984143
2129.45,1.1982483
2130.04,1.1980823
2130.63,1.1979164
2131.22,1.1977506
2131.81,1.1975849
2132.4,1.1974192
2132.99,1.1972535
2133.58,1.197088
2134.17,1.1969225
2134.76,1.1967571
2135.35,1.1965917
2135.94,1.1964265
2136.53,1.1962613
2137.12,1.1960962
2137.71,1.1959311
2138.3,1.1957661
2138.89,1.1956011
2139.48,1.1954362
2140.07,1.1952715
2140.66,1.1951067
2141.25,1.1949421
2141.84,1.1947775
2142.43,1.194613
2143.02,1.1944485
2143.61,1.1942841
2144.2,1.1941198
2144.79,1.1939555
2145.38,1.1937914
2145.97,1.1936272
2146.56,1.1934632
2147.15,1.1932992
2147.74,1.1931353
2148.33,1.1929715
2148.92,1.1928077
2149.51,1.192644
2150.1,1.1924803
2150.69,1.1923168
2151.28,1.1921532
2151.87,1.1919898
2152.46,1.1918265
2153.05,1.1916631
2153.64,1.1914998
2154.23,1.1913368
2154.82,1.1911736
2155.41,1.1910106
2156,1.1908476
2156.59,1.1906847
2157.18,1.1905218
2157.77,1.1903591
2158.36,1.1901964
2158.95,1.1900338
2159.54,1.1898712
2160.13,1.1897087
2160.72,1.1895462
2161.31,1.1893839
2161.9,1.1892215
2162.49,1.1890594
2163.08,1.1888971
2163.67,1.188735
2164.26,1.188573
2164.85,1.188411
2165.44,1.1882491
2166.03,1.1880873
2166.62,1.1879255
2167.21,1.1877638
2167.8,1.1876022
2168.39,1.1874406
2168.98,1.1872791
2169.57,1.1871176
2170.16,1.1869563
2170.75,1.186795
2171.34,1.1866337
2171.93,1.1864725
2172.52,1.1863114
2173.11,1.1861503
2173.7,1.1859894
2174.29,1.1858284
2174.88,1.1856676
2175.47,1.1855068
2176.06,1.1853461
2176.65,1.1851854
2177.24,1.1850249
2177.83,1.1848643
2178.42,1.1847038
2179.01,1.1845435
2179.6,1.1843832
2180.19,1.1842228
2180.78,1.1840626
2181.37,1.1839025
2181.96,1.1837425
2182.55,1.1835824
2183.14,1.1834226
2183.73,1.1832626
2184.32,1.1831028
2184.91,1.1829431
2185.5,1.1827834
2186.09,1.1826237
2186.68,1.1824642
2187.27,1.1823047
2187.86,1.1821454
2188.45,1.181986
2189.04,1.1818267
2189.63,1.1816674
2190.22,1.1815083
2190.81,1.1813492
2191.4,1.1811901
2191.99,1.1810312
2192.58,1.1808723
2193.17,1.1807134
2193.76,1.1805546
2194.35,1.180396
2194.94,1.1802373
2195.53,1.1800787
2196.12,1.1799202
2196.71,1.1797618
2197.3,1.1796033
2197.89,1.179445
2198.48,1.1792867
2199.07,1.1791285
2199.66,1.1789705
2200.25,1.1788124
2200.84,1.1786543
2201.43,1.1784964
2202.02,1.1783385
2202.61,1.1781807
2203.2,1.178023
2203.79,1.1778653
2204.38,1.1777076
2204.97,1.17755
2205.56,1.1773925
2206.15,1.1772351
2206.74,1.1770778
2207.33,1.1769204
2207.92,1.1767632
2208.51,1.1766059
2209.1,1.1764488
2209.69,1.1762917
2210.28,1.1761347
2210.87,1.1759778
2211.46,1.1758209
2212.05,1.1756642
2212.64,1.1755074
2213.23,1.1753507
2213.82,1.175194
2214.41,1.1750375
2215,1.174881
2215.59,1.1747246
2216.18,1.1745682
2216.77,1.1744119
2217.36,1.1742557
2217.95,1.1740994
2218.54,1.1739434
2219.13,1.1737874
2219.72,1.1736313
2220.31,1.1734754
2220.9,1.1733195
2221.49,1.1731637
2222.08,1.173008
2222.67,1.1728523
2223.26,1.1726966
2223.85,1.172541
2224.44,1.1723856
2225.03,1.1722301
2225.62,1.1720748
2226.21,1.1719195
2226.8,1.1717641
2227.39,1.171609
2227.98,1.1714538
2228.57,1.1712987
2229.16,1.1711438
2229.75,1.1709888
2230.34,1.1708339
2230.93,1.1706791
2231.52,1.1705244
2232.11,1.1703697
2232.7,1.170215
2233.29,1.1700605
2233.88,1.169906
2234.47,1.1697515
2235.06,1.1695971
2235.65,1.1694428
2236.24,1.1692885
2236.83,1.1691343
2237.42,1.1689801
2238.01,1.1688261
2238.6,1.1686721
2239.19,1.1685181
2239.78,1.1683642
2240.37,1.1682104
2240.96,1.1680566
2241.55,1.1679028
2242.14,1.1677492
2242.73,1.1675956
2243.32,1.1674421
2243.91,1.1672885
2244.5,1.1671351
2245.09,1.1669818
2245.68,1.1668285
2246.27,1.1666753
2246.86,1.166522
2247.45,1.166369
2248.04,1.1662159
2248.63,1.166063
2249.22,1.16591
2249.81,1.1657572
2250.4,1.1656044
2250.99,1.1654515
2251.58,1.1652989
2252.17,1.1651462
2252.76,1.1649936
2253.35,1.1648412
2253.94,1.1646887
2254.53,1.1645364
2255.12,1.164384
2255.71,1.1642317
2256.3,1.1640795
2256.89,1.1639273
2257.48,1.1637752
2258.07,1.1636232
2258.66,1.1634712
2259.25,1.1633193
2259.84,1.1631675
2260.43,1.1630156
2261.02,1.162864
2261.61,1.1627122
2262.2,1.1625606
2262.79,1.1624091
2263.38,1.1622576
2263.97,1.1621062
2264.56,1.1619548
2265.15,1.1618035
2265.74,1.1616522
2266.33,1.1615009
2266.92,1.1613499
2267.51,1.1611987
2268.1,1.1610477
2268.69,1.1608968
2269.28,1.1607459
2269.87,1.1605951
2270.46,1.1604443
2271.05,1.1602936
2271.64,1.1601428
2272.23,1.1599922
2272.82,1.1598417
2273.41,1.1596912
2274,1.1595408
2274.59,1.1593903
2275.18,1.15924
2275.77,1.1590898
2276.36,1.1589396
2276.95,1.1587895
2277.54,1.1586393
2278.13,1.1584893
2278.72,1.1583394
2279.31,1.1581894
2279.9,1.1580397
2280.49,1.1578898
2281.08,1.1577401
2281.67,1.1575904
2282.26,1.1574408
2282.85,1.1572913
2283.44,1.1571418
2284.03,1.1569923
2284.62,1.1568429
2285.21,1.1566936
2285.8,1.1565443
2286.39,1.1563951
2286.98,1.1562459
2287.57,1.1560968
2288.16,1.1559478
2288.75,1.1557988
2289.34,1.1556499
2289.93,1.155501
2290.52,1.1553522
2291.11,1.1552035
2291.7,1.1550548
2292.29,1.1549062
2292.88,1.1547576
2293.47,1.1546091
2294.06,1.1544607
2294.65,1.1543123
2295.24,1.1541638
2295.83,1.1540155
2296.42,1.1538674
2297.01,1.1537192
2297.6,1.153571
2298.19,1.153423
2298.78,1.153275
2299.37,1.1531271
2299.96,1.1529791
2300.55,1.1528313
2301.14,1.1526835
2301.73,1.1525358
2302.32,1.1523882
2302.91,1.1522405
2303.5,1.1520931
2304.09,1.1519456
2304.68,1.1517981
2305.27,1.1516508
2305.86,1.1515034
2306.45,1.1513561
2307.04,1.1512089
2307.63,1.1510618
2308.22,1.1509147
2308.81,1.1507677
2309.4,1.1506207
2309.99,1.1504737
2310.58,1.1503268
2311.17,1.1501801
2311.76,1.1500334
2312.35,1.1498866
2312.94,1.14974
2313.53,1.1495934
2314.12,1.1494468
2314.71,1.1493003
2315.3,1.1491539
2315.89,1.1490076
2316.48,1.1488613
2317.07,1.148715
2317.66,1.1485689
2318.25,1.1484227
2318.84,1.1482766
2319.43,1.1481305
2320.02,1.1479846
2320.61,1.1478387
2321.2,1.1476928
2321.79,1.147547
2322.38,1.1474013
2322.97,1.1472557
2323.56,1.14711
2324.15,1.1469644
2324.74,1.1468189
2325.33,1.1466734
2325.92,1.146528
2326.51,1.1463827
2327.1,1.1462374
2327.69,1.1460921
2328.28,1.1459469
2328.87,1.1458018
2329.46,1.1456567
2330.05,1.1455116
2330.64,1.1453667
2331.23,1.1452217
2331.82,1.1450769
2332.41,1.1449322
2333,1.1447873
2333.59,1.1446426
2334.18,1.144498
2334.77,1.1443534
2335.36,1.1442089
2335.95,1.1440644
2336.54,1.1439201
2337.13,1.1437756
2337.72,1.1436313
2338.31,1.1434871
2338.9,1.1433429
2339.49,1.1431987
2340.08,1.1430546
2340.67,1.1429106
2341.26,1.1427666
2341.85,1.1426227
2342.44,1.1424788
2343.03,1.1423349
2343.62,1.1421913
2344.21,1.1420475
2344.8,1.1419039
2345.39,1.1417602
2345.98,1.1416167
2346.57,1.1414732
2347.16,1.1413298
2347.75,1.1411864
2348.34,1.1410431
2348.93,1.1408998
2349.52,1.1407566
2350.11,1.1406134
2350.7,1.1404703
2351.29,1.1403272
2351.88,1.1401843
2352.47,1.1400414
2353.06,1.1398984
2353.65,1.1397556
2354.24,1.1396128
2354.83,1.1394701
2355.42,1.1393274
2356.01,1.1391847
2356.6,1.1390421
2357.19,1.1388997
2357.78,1.1387572
2358.37,1.1386148
2358.96,1.1384724
2359.55,1.1383301
2360.14,1.1381879
2360.73,1.1380457
2361.32,1.1379036
2361.91,1.1377614
2362.5,1.1376194
2363.09,1.1374774
2363.68,1.1373355
2364.27,1.1371936
2364.86,1.1370517
2365.45,1.13691
2366.04,1.1367682
2366.63,1.1366265
2367.22,1.1364847
2367.81,1.1363431
2368.4,1.1362015
2368.99,1.13606
2369.58,1.1359185
2370.17,1.1357771
2370.76,1.1356357
2371.35,1.1354945
2371.94,1.1353532
2372.53,1.1352119
2373.12,1.1350708
2373.71,1.1349297
2374.3,1.1347886
2374.89,1.1346476
2375.48,1.1345067
2376.07,1.1343658
2376.66,1.134225
2377.25,1.1340842
2377.84,1.1339434
2378.43,1.1338028
2379.02,1.1336621
2379.61,1.1335216
2380.2,1.133381
2380.79,1.1332406
2381.38,1.1331002
2381.97,1.1329597
2382.56,1.1328194
2383.15,1.1326792
2383.74,1.1325389
2384.33,1.1323988
2384.92,1.1322587
2385.51,1.1321187
2386.1,1.1319786
2386.69,1.1318387
2387.28,1.1316987
2387.87,1.1315589
2388.46,1.1314192
2389.05,1.1312793
2389.64,1.1311398
2390.23,1.131
2390.82,1.1308604
2391.41,1.130721
2392,1.1305814
2392.59,1.130442
2393.18,1.1303027
2393.77,1.1301633
2394.36,1.1300241
2394.95,1.1298847
2395.54,1.1297456
2396.13,1.1296065
2396.72,1.1294675
2397.31,1.1293284
2397.9,1.1291895
2398.49,1.1290505
2399.08,1.1289116
2399.67,1.1287729
2400.26,1.128634
2400.85,1.1284953
2401.44,1.1283567
2402.03,1.1282181
2402.62,1.1280795
2403.21,1.127941
2403.8,1.1278025
2404.39,1.1276641
2404.98,1.1275258
2405.57,1.1273875
2406.16,1.1272492
2406.75,1.127111
2407.34,1.1269729
2407.93,1.1268348
2408.52,1.1266967
2409.11,1.1265588
2409.7,1.1264207
2410.29,1.1262828
2410.88,1.126145
2411.47,1.1260072
2412.06,1.1258695
2412.65,1.1257318
2413.24,1.1255941
2413.83,1.1254566
2414.42,1.125319
2415.01,1.1251816
2415.6,1.1250441
2416.19,1.1249067
2416.78,1.1247693
2417.37,1.1246321
2417.96,1.1244948
2418.55,1.1243577
2419.14,1.1242205
2419.73,1.1240834
2420.32,1.1239464
2420.91,1.1238093
2421.5,1.1236725
2422.09,1.1235355
2422.68,1.1233987
2423.27,1.1232619
2423.86,1.1231252
2424.45,1.1229885
2425.04,1.1228518
2425.63,1.1227152
2426.22,1.1225787
2426.81,1.1224422
2427.4,1.1223059
2427.99,1.1221694
2428.58,1.1220331
2429.17,1.1218969
2429.76,1.1217606
2430.35,1.1216244
2430.94,1.1214882
2431.53,1.1213521
2432.12,1.1212161
2432.71,1.12108
2433.3,1.1209441
2433.89,1.1208082
2434.48,1.1206725
2435.07,1.1205367
2435.66,1.1204009
2436.25,1.1202652
2436.84,1.1201296
2437.43,1.1199939
2438.02,1.1198584
2438.61,1.119723
2439.2,1.1195874
2439.79,1.1194521
2440.38,1.1193167
2440.97,1.1191815
2441.56,1.1190462
2442.15,1.118911
2442.74,1.1187758
2443.33,1.1186408
2443.92,1.1185057
2444.51,1.1183707
2445.1,1.1182357
2445.69,1.1181008
2446.28,1.1179659
2446.87,1.1178312
2447.46,1.1176964
2448.05,1.1175617
2448.64,1.117427
2449.23,1.1172924
2449.82,1.1171578
2450.41,1.1170233
2451,1.1168889
2451.59,1.1167544
2452.18,1.1166201
2452.77,1.1164857
2453.36,1.1163515
2453.95,1.1162173
2454.54,1.1160831
2455.13,1.1159489
2455.72,1.1158149
2456.31,1.1156808
2456.9,1.1155468
2457.49,1.115413
2458.08,1.1152791
2458.67,1.1151452
2459.26,1.1150115
2459.85,1.1148777
2460.44,1.1147441
2461.03,1.1146104
2461.62,1.1144768
2462.21,1.1143433
2462.8,1.1142098
2463.39,1.1140763
2463.98,1.1139429
2464.57,1.1138096
2465.16,1.1136762
2465.75,1.113543
2466.34,1.1134098
2466.93,1.1132766
2467.52,1.1131434
2468.11,1.1130104
2468.7,1.1128774
2469.29,1.1127445
2469.88,1.1126115
2470.47,1.1124786
2471.06,1.1123458
2471.65,1.112213
2472.24,1.1120803
2472.83,1.1119477
2473.42,1.111815
2474.01,1.1116824
2474.6,1.1115499
2475.19,1.1114174
2475.78,1.111285
2476.37,1.1111525
2476.96,1.1110202
2477.55,1.1108879
2478.14,1.1107557
2478.73,1.1106234
2479.32,1.1104913
2479.91,1.1103592
2480.5,1.1102271
2481.09,1.110095
2481.68,1.1099631
2482.27,1.1098312
2482.86,1.1096992
2483.45,1.1095674
2484.04,1.1094357
2484.63,1.109304
2485.22,1.1091722
2485.81,1.1090406
2486.4,1.108909
2486.99,1.1087775
2487.58,1.108646
2488.17,1.1085145
2488.76,1.1083831
2489.35,1.1082518
2489.94,1.1081204
2490.53,1.1079892
2491.12,1.1078579
2491.71,1.1077268
2492.3,1.1075957
2492.89,1.1074646
2493.48,1.1073335
2494.07,1.1072025
2494.66,1.1070716
2495.25,1.1069407
2495.84,1.1068099
2496.43,1.1066791
2497.02,1.1065483
2497.61,1.1064177
2498.2,1.106287
2498.79,1.1061563
2499.38,1.1060258
2499.97,1.1058953
2500.56,1.1057647
2501.15,1.1056343
2501.74,1.105504
2502.33,1.1053736
2502.92,1.1052433
2503.51,1.1051131
2504.1,1.104983
2504.69,1.1048528
2505.28,1.1047227
2505.87,1.1045927
2506.46,1.1044626
2507.05,1.1043327
2507.64,1.1042027
2508.23,1.1040728
2508.82,1.103943
2509.41,1.1038133
2510,1.1036835
2510.59,1.1035539
2511.18,1.1034242
2511.77,1.1032946
2512.36,1.103165
2512.95,1.1030356
2513.54,1.1029061
2514.13,1.1027766
2514.72,1.1026473
2515.31,1.102518
2515.9,1.1023887
2516.49,1.1022595
2517.08,1.1021303
2517.67,1.1020012
2518.26,1.1018721
2518.85,1.101743
2519.44,1.101614
2520.03,1.101485
2520.62,1.1013561
2521.21,1.1012273
2521.8,1.1010984
2522.39,1.1009697
2522.98,1.1008409
2523.57,1.1007123
2524.16,1.1005836
2524.75,1.100455
2525.34,1.1003264
2525.93,1.100198
2526.52,1.1000695
2527.11,1.0999411
2527.7,1.0998127
2528.29,1.0996844
2528.88,1.0995562
2529.47,1.0994279
2530.06,1.0992997
2530.65,1.0991715
2531.24,1.0990435
2531.83,1.0989155
2532.42,1.0987874
2533.01,1.0986594
2533.6,1.0985316
2534.19,1.0984037
2534.78,1.0982759
2535.37,1.098148
2535.96,1.0980203
2536.55,1.0978926
2537.14,1.097765
2537.73,1.0976374
2538.32,1.0975099
2538.91,1.0973823
2539.5,1.0972549
2540.09,1.0971274
2540.68,1.097
2541.27,1.0968727
2541.86,1.0967454
2542.45,1.0966182
2543.04,1.096491
2543.63,1.0963638
2544.22,1.0962367
2544.81,1.0961096
2545.4,1.0959826
2545.99,1.0958556
2546.58,1.0957286
2547.17,1.0956018
2547.76,1.095475
2548.35,1.0953481
2548.94,1.0952214
2549.53,1.0950947
2550.12,1.094968
2550.71,1.0948414
2551.3,1.0947148
2551.89,1.0945883
2552.48,1.0944618
2553.07,1.0943353
2553.66,1.094209
2554.25,1.0940826
2554.84,1.0939562
2555.43,1.09383
2556.02,1.0937037
2556.61,1.0935775
2557.2,1.0934514
2557.79,1.0933253
2558.38,1.0931993
2558.97,1.0930732
2559.56,1.0929472
2560.15,1.0928214
2560.74,1.0926955
2561.33,1.0925696
2561.92,1.0924438
2562.51,1.0923181
2563.1,1.0921924
2563.69,1.0920668
2564.28,1.0919411
2564.87,1.0918156
2565.46,1.0916901
2566.05,1.0915645
2566.64,1.0914391
2567.23,1.0913137
2567.82,1.0911883
2568.41,1.091063
2569,1.0909377
2569.59,1.0908126
2570.18,1.0906874
2570.77,1.0905622
2571.36,1.0904372
2571.95,1.0903121
2572.54,1.0901871
2573.13,1.0900621
2573.72,1.0899372
2574.31,1.0898123
2574.9,1.0896875
2575.49,1.0895627
2576.08,1.089438
2576.67,1.0893133
2577.26,1.0891886
2577.85,1.0890639
2578.44,1.0889394
2579.03,1.0888149
2579.62,1.0886903
2580.21,1.0885659
2580.8,1.0884415
2581.39,1.0883172
2581.98,1.0881928
2582.57,1.0880685
2583.16,1.0879443
2583.75,1.0878201
2584.34,1.087696
2584.93,1.0875719
2585.52,1.0874478
2586.11,1.0873238
2586.7,1.0871998
2587.29,1.0870758
2587.88,1.086952
2588.47,1.0868281
2589.06,1.0867044
2589.65,1.0865805
2590.24,1.0864568
2590.83,1.0863332
2591.42,1.0862095
2592.01,1.0860859
2592.6,1.0859624
2593.19,1.0858389
2593.78,1.0857154
2594.37,1.085592
2594.96,1.0854686
2595.55,1.0853453
2596.14,1.085222
2596.73,1.0850987
2597.32,1.0849755
2597.91,1.0848523
2598.5,1.0847292
2599.09,1.0846062
2599.68,1.084483
2600.27,1.0843601
2600.86,1.0842371
2601.45,1.0841142
2602.04,1.0839913
2602.63,1.0838685
2603.22,1.0837457
2603.81,1.0836229
2604.4,1.0835003
2604.99,1.0833776
2605.58,1.0832549
2606.17,1.0831324
2606.76,1.0830098
2607.35,1.0828873
2607.94,1.0827649
2608.53,1.0826424
2609.12,1.0825201
2609.71,1.0823978
2610.3,1.0822755
2610.89,1.0821532
2611.48,1.082031
2612.07,1.0819089
2612.66,1.0817868
2613.25,1.0816647
2613.84,1.0815426
2614.43,1.0814207
2615.02,1.0812987
2615.61,1.0811768
2616.2,1.0810549
2616.79,1.0809331
2617.38,1.0808113
2617.97,1.0806895
2618.56,1.0805678
2619.15,1.0804461
2619.74,1.0803245
2620.33,1.0802029
2620.92,1.0800815
2621.51,1.0799599
2622.1,1.0798385
2622.69,1.079717
2623.28,1.0795957
2623.87,1.0794743
2624.46,1.0793531
2625.05,1.0792319
2625.64,1.0791106
2626.23,1.0789894
2626.82,1.0788683
2627.41,1.0787472
2628,1.0786262
2628.59,1.0785052
2629.18,1.0783842
2629.77,1.0782633
2630.36,1.0781424
2630.95,1.0780214
2631.54,1.0779005
2632.13,1.0777797
2632.72,1.0776589
2633.31,1.0775381
2633.9,1.0774174
2634.49,1.0772966
2635.08,1.077176
2635.67,1.0770553
2636.26,1.0769348
2636.85,1.0768143
2637.44,1.0766938
2638.03,1.0765733
2638.62,1.0764529
2639.21,1.0763326
2639.8,1.0762122
2640.39,1.0760919
2640.98,1.0759716
2641.57,1.0758514
2642.16,1.0757313
2642.75,1.0756111
2643.34,1.0754911
2643.93,1.075371
2644.52,1.075251
2645.11,1.0751311
2645.7,1.0750111
2646.29,1.0748912
2646.88,1.0747714
2647.47,1.0746516
2648.06,1.0745318
2648.65,1.0744121
2649.24,1.0742924
2649.83,1.0741727
2650.42,1.0740532
2651.01,1.0739336
2651.6,1.073814
2652.19,1.0736946
2652.78,1.0735751
2653.37,1.0734557
2653.96,1.0733364
2654.55,1.073217
2655.14,1.0730977
2655.73,1.0729785
2656.32,1.0728593
2656.91,1.0727401
2657.5,1.072621
2658.09,1.0725019
2658.68,1.0723828
2659.27,1.0722638
2659.86,1.0721449
2660.45,1.072026
2661.04,1.071907
2661.63,1.0717882
2662.22,1.0716695
2662.81,1.0715507
2663.4,1.071432
2663.99,1.0713133
2664.58,1.0711946
2665.17,1.071076
2665.76,1.0709574
2666.35,1.0708389
2666.94,1.0707204
2667.53,1.0706019
2668.12,1.0704836
2668.71,1.0703652
2669.3,1.0702468
2669.89,1.0701286
2670.48,1.0700103
2671.07,1.069892
2671.66,1.0697739
2672.25,1.0696558
2672.84,1.0695376
2673.43,1.0694196
2674.02,1.0693016
2674.61,1.0691836
2675.2,1.0690657
2675.79,1.0689478
2676.38,1.0688299
2676.97,1.0687121
2677.56,1.0685943
2678.15,1.0684767
2678.74,1.0683589
2679.33,1.0682412
2679.92,1.0681236
2680.51,1.068006
2681.1,1.0678885
2681.69,1.067771
2682.28,1.0676535
2682.87,1.067536
2683.46,1.0674187
2684.05,1.0673013
2684.64,1.0671841
2685.23,1.0670668
2685.82,1.0669495
2686.41,1.0668323
2687,1.0667151
2687.59,1.0665981
2688.18,1.066481
2688.77,1.0663639
2689.36,1.0662469
2689.95,1.0661299
2690.54,1.066013
2691.13,1.0658962
2691.72,1.0657793
2692.31,1.0656625
2692.9,1.0655457
2693.49,1.065429
2694.08,1.0653123
2694.67,1.0651957
2695.26,1.065079
2695.85,1.0649624
2696.44,1.0648459
2697.03,1.0647295
2697.62,1.064613
2698.21,1.0644965
2698.8,1.0643802
2699.39,1.0642638
2699.98,1.0641475
2700.57,1.0640312
2701.16,1.063915
2701.75,1.0637988
2702.34,1.0636827
2702.93,1.0635666
2703.52,1.0634505
2704.11,1.0633343
2704.7,1.0632184
2705.29,1.0631025
2705.88,1.0629865
2706.47,1.0628706
2707.06,1.0627548
2707.65,1.062639
2708.24,1.0625232
2708.83,1.0624075
2709.42,1.0622919
2710.01,1.0621761
2710.6,1.0620605
2711.19,1.061945
2711.78,1.0618293
2712.37,1.0617139
2712.96,1.0615984
2713.55,1.061483
2714.14,1.0613676
2714.73,1.0612522
2715.32,1.061137
2715.91,1.0610217
2716.5,1.0609064
2717.09,1.0607913
2717.68,1.0606761
2718.27,1.0605609
2718.86,1.0604458
2719.45,1.0603307
2720.04,1.0602157
2720.63,1.0601008
2721.22,1.0599859
2721.81,1.059871
2722.4,1.059756
2722.99,1.0596412
2723.58,1.0595264
2724.17,1.0594118
2724.76,1.059297
2725.35,1.0591823
2725.94,1.0590677
2726.53,1.058953
2727.12,1.0588385
2727.71,1.058724
2728.3,1.0586095
2728.89,1.058495
2729.48,1.0583806
2730.07,1.0582663
2730.66,1.058152
2731.25,1.0580376
2731.84,1.0579233
2732.43,1.0578091
2733.02,1.0576949
2733.61,1.0575808
2734.2,1.0574666
2734.79,1.0573527
2735.38,1.0572386
2735.97,1.0571246
2736.56,1.0570107
2737.15,1.0568967
2737.74,1.0567827
2738.33,1.0566689
2738.92,1.056555
2739.51,1.0564413
2740.1,1.0563276
2740.69,1.0562139
2741.28,1.0561002
2741.87,1.0559865
2742.46,1.0558729
2743.05,1.0557594
2743.64,1.0556459
2744.23,1.0555325
2744.82,1.055419
2745.41,1.0553056
2746,1.0551921
2746.59,1.0550789
2747.18,1.0549655
2747.77,1.0548522
2748.36,1.054739
2748.95,1.0546259
2749.54,1.0545127
2750.13,1.0543996
2750.72,1.0542865
2751.31,1.0541735
2751.9,1.0540605
2752.49,1.0539474
2753.08,1.0538346
2753.67,1.0537217
2754.26,1.0536088
2754.85,1.053496
2755.44,1.0533832
2756.03,1.0532705
2756.62,1.0531577
2757.21,1.053045
2757.8,1.0529324
2758.39,1.0528198
2758.98,1.0527072
2759.57,1.0525947
2760.16,1.0524822
2760.75,1.0523697
2761.34,1.0522573
2761.93,1.052145
2762.52,1.0520326
2763.11,1.0519203
2763.7,1.051808
2764.29,1.0516957
2764.88,1.0515835
2765.47,1.0514715
2766.06,1.0513593
2766.65,1.0512471
2767.24,1.0511351
2767.83,1.0510231
2768.42,1.0509111
2769.01,1.0507991
2769.6,1.0506872
2770.19,1.0505754
2770.78,1.0504634
2771.37,1.0503516
2771.96,1.0502399
2772.55,1.0501282
2773.14,1.0500164
2773.73,1.0499048
2774.32,1.0497932
2774.91,1.0496815
2775.5,1.0495701
2776.09,1.0494585
2776.68,1.049347
2777.27,1.0492356
2777.86,1.0491241
2778.45,1.0490128
2779.04,1.0489014
2779.63,1.0487901
2780.22,1.0486789
2780.81,1.0485677
2781.4,1.0484564
2781.99,1.0483452
2782.58,1.0482341
2783.17,1.0481231
2783.76,1.048012
2784.35,1.047901
2784.94,1.0477901
2785.53,1.0476791
2786.12,1.0475681
2786.71,1.0474572
2787.3,1.0473464
2787.89,1.0472356
2788.48,1.0471249
2789.07,1.0470141
2789.66,1.0469034
2790.25,1.0467927
2790.84,1.0466821
2791.43,1.0465715
2792.02,1.046461
2792.61,1.0463505
2793.2,1.04624
2793.79,1.0461295
2794.38,1.0460191
2794.97,1.0459087
2795.56,1.0457983
2796.15,1.045688
2796.74,1.0455778
2797.33,1.0454675
2797.92,1.0453573
2798.51,1.0452472
2799.1,1.045137
2799.69,1.0450269
2800.28,1.0449169
2800.87,1.0448068
2801.46,1.0446968
2802.05,1.0445869
2802.64,1.044477
2803.23,1.0443671
2803.82,1.0442572
2804.41,1.0441474
2805,1.0440376
2805.59,1.0439278
2806.18,1.0438181
2806.77,1.0437084
2807.36,1.0435988
2807.95,1.0434892
2808.54,1.0433797
2809.13,1.0432701
2809.72,1.0431606
2810.31,1.0430511
2810.9,1.0429417
2811.49,1.0428323
2812.08,1.0427228
2812.67,1.0426135
2813.26,1.0425042
2813.85,1.042395
2814.44,1.0422858
2815.03,1.0421766
2815.62,1.0420674
2816.21,1.0419583
2816.8,1.0418493
2817.39,1.0417402
2817.98,1.0416311
2818.57,1.0415221
2819.16,1.0414132
2819.75,1.0413042
2820.34,1.0411954
2820.93,1.0410866
2821.52,1.0409777
2822.11,1.040869
2822.7,1.0407602
2823.29,1.0406516
2823.88,1.0405428
2824.47,1.0404342
2825.06,1.0403255
2825.65,1.040217
2826.24,1.0401084
2826.83,1.04
2827.42,1.0398915
2828.01,1.0397831
2828.6,1.0396746
2829.19,1.0395663
2829.78,1.0394579
2830.37,1.0393497
2830.96,1.0392414
2831.55,1.0391332
2832.14,1.0390249
2832.73,1.0389168
2833.32,1.0388087
2833.91,1.0387006
2834.5,1.0385926
2835.09,1.0384846
2835.68,1.0383766
2836.27,1.0382686
2836.86,1.0381607
2837.45,1.0380528
2838.04,1.0379449
2838.63,1.0378371
2839.22,1.0377293
2839.81,1.0376216
2840.4,1.0375139
2840.99,1.0374062
2841.58,1.0372986
2842.17,1.0371909
2842.76,1.0370833
2843.35,1.0369757
2843.94,1.0368682
2844.53,1.0367608
2845.12,1.0366533
2845.71,1.0365459
2846.3,1.0364386
2846.89,1.0363312
2847.48,1.0362239
2848.07,1.0361166
2848.66,1.0360093
2849.25,1.0359021
2849.84,1.035795
2850.43,1.0356878
2851.02,1.0355808
2851.61,1.0354737
2852.2,1.0353665
2852.79,1.0352596
2853.38,1.0351526
2853.97,1.0350456
2854.56,1.0349388
2855.15,1.0348318
2855.74,1.0347248
2856.33,1.0346179
2856.92,1.034511
2857.51,1.0344042
2858.1,1.0342973
2858.69,1.0341905
2859.28,1.0340837
2859.87,1.033977
2860.46,1.0338703
2861.05,1.0337636
2861.64,1.0336571
2862.23,1.0335505
2862.82,1.0334439
2863.41,1.0333374
2864,1.0332309
2864.59,1.0331244
2865.18,1.033018
2865.77,1.0329117
2866.36,1.0328052
2866.95,1.032699
2867.54,1.0325927
2868.13,1.0324864
2868.72,1.0323801
2869.31,1.0322739
2869.9,1.0321678
2870.49,1.0320616
2871.08,1.0319555
2871.67,1.0318495
2872.26,1.0317434
2872.85,1.0316374
2873.44,1.0315315
2874.03,1.0314255
2874.62,1.0313196
2875.21,1.0312138
2875.8,1.0311079
2876.39,1.0310022
2876.98,1.0308964
2877.57,1.0307907
2878.16,1.0306849
2878.75,1.0305792
2879.34,1.0304737
2879.93,1.0303681
2880.52,1.0302625
2881.11,1.030157
2881.7,1.0300515
2882.29,1.029946
2882.88,1.0298405
2883.47,1.0297351
2884.06,1.0296297
2884.65,1.0295244
2885.24,1.0294191
2885.83,1.0293138
2886.42,1.0292085
2887.01,1.0291034
2887.6,1.0289981
2888.19,1.028893
2888.78,1.028788
2889.37,1.0286828
2889.96,1.0285778
2890.55,1.0284728
2891.14,1.0283678
2891.73,1.0282629
2892.32,1.0281579
2892.91,1.028053
2893.5,1.0279481
2894.09,1.0278434
2894.68,1.0277386
2895.27,1.0276338
2895.86,1.0275291
2896.45,1.0274243
2897.04,1.0273197
2897.63,1.0272151
2898.22,1.0271105
2898.81,1.0270059
2899.4,1.0269014
2899.99,1.0267969
2900.58,1.0266924
2901.17,1.026588
2901.76,1.0264837
2902.35,1.0263792
2902.94,1.0262749
2903.53,1.0261706
2904.12,1.0260663
2904.71,1.0259621
2905.3,1.0258578
2905.89,1.0257537
2906.48,1.0256495
2907.07,1.0255455
2907.66,1.0254414
2908.25,1.0253373
2908.84,1.0252333
2909.43,1.0251293
2910.02,1.0250254
2910.61,1.0249214
2911.2,1.0248176
2911.79,1.0247138
2912.38,1.0246098
2912.97,1.0245061
2913.56,1.0244023
2914.15,1.0242985
2914.74,1.0241948
2915.33,1.0240912
2915.92,1.0239875
2916.51,1.0238839
2917.1,1.0237803
2917.69,1.0236769
2918.28,1.0235733
2918.87,1.0234698
2919.46,1.0233665
2920.05,1.023263
2920.64,1.0231596
2921.23,1.0230563
2921.82,1.0229529
2922.41,1.0228497
2923,1.0227464
2923.59,1.0226432
2924.18,1.02254
2924.77,1.0224369
2925.36,1.0223337
2925.95,1.0222306
2926.54,1.0221275
2927.13,1.0220245
2927.72,1.0219215
2928.31,1.0218185
2928.9,1.0217156
2929.49,1.0216126
2930.08,1.0215098
2930.67,1.021407
2931.26,1.0213041
2931.85,1.0212014
2932.44,1.0210986
2933.03,1.0209959
2933.62,1.0208932
2934.21,1.0207906
2934.8,1.0206879
2935.39,1.0205853
2935.98,1.0204828
2936.57,1.0203803
2937.16,1.0202777
2937.75,1.0201752
2938.34,1.0200728
2938.93,1.0199704
2939.52,1.019868
2940.11,1.0197657
2940.7,1.0196633
2941.29,1.0195611
2941.88,1.0194589
2942.47,1.0193566
2943.06,1.0192544
2943.65,1.0191523
2944.24,1.0190501
2944.83,1.0189481
2945.42,1.018846
2946.01,1.018744
2946.6,1.0186419
2947.19,1.01854
2947.78,1.018438
2948.37,1.0183362
2948.96,1.0182343
2949.55,1.0181323
2950.14,1.0180305
2950.73,1.0179287
2951.32,1.017827
2951.91,1.0177253
2952.5,1.0176235
2953.09,1.017522
2953.68,1.0174203
2954.27,1.0173187
2954.86,1.0172172
2955.45,1.0171156
2956.04,1.0170141
2956.63,1.0169126
2957.22,1.0168111
2957.81,1.0167097
2958.4,1.0166084
2958.99,1.016507
2959.58,1.0164057
2960.17,1.0163044
2960.76,1.0162032
2961.35,1.0161018
2961.94,1.0160006
2962.53,1.0158995
2963.12,1.0157983
2963.71,1.0156972
2964.3,1.0155962
2964.89,1.0154952
2965.48,1.0153941
2966.07,1.0152931
2966.66,1.0151922
2967.25,1.0150913
2967.84,1.0149903
2968.43,1.0148895
2969.02,1.0147886
2969.61,1.0146878
2970.2,1.014587
2970.79,1.0144863
2971.38,1.0143856
2971.97,1.0142848
2972.56,1.0141842
2973.15,1.0140836
2973.74,1.013983
2974.33,1.0138825
2974.92,1.0137819
2975.51,1.0136814
2976.1,1.0135809
2976.69,1.0134805
2977.28,1.0133801
2977.87,1.0132797
2978.46,1.0131793
2979.05,1.013079
2979.64,1.0129788
2980.23,1.0128785
2980.82,1.0127783
2981.41,1.012678
2982,1.0125779
2982.59,1.0124778
2983.18,1.0123776
2983.77,1.0122776
2984.36,1.0121775
2984.95,1.0120775
2985.54,1.0119776
2986.13,1.0118775
2986.72,1.0117776
2987.31,1.0116777
2987.9,1.0115778
2988.49,1.0114779
2989.08,1.0113782
2989.67,1.0112784
2990.26,1.0111786
2990.85,1.011079
2991.44,1.0109793
2992.03,1.0108795
2992.62,1.01078
2993.21,1.0106803
2993.8,1.0105808
2994.39,1.0104812
2994.98,1.0103817
2995.57,1.0102822
2996.16,1.0101827
2996.75,1.0100833
2997.34,1.0099839
2997.93,1.0098846
2998.52,1.0097853
2999.11,1.0096859
2999.7,1.0095867
3000.29,1.0094874
3000.88,1.0093882
3001.47,1.009289
3002.06,1.0091898
3002.65,1.0090908
3003.24,1.0089916
3003.83,1.0088925
3004.42,1.0087936
3005.01,1.0086945
3005.6,1.0085956
3006.19,1.0084966
3006.78,1.0083977
3007.37,1.0082988
3007.96,1.0081999
3008.55,1.0081011
3009.14,1.0080023
3009.73,1.0079036
3010.32,1.0078048
3010.91,1.007706
3011.5,1.0076073
3012.09,1.0075088
3012.68,1.00741
3013.27,1.0073115
3013.86,1.0072129
3014.45,1.0071144
3015.04,1.0070159
3015.63,1.0069174
3016.22,1.006819
3016.81,1.0067205
3017.4,1.0066222
3017.99,1.0065237
3018.58,1.0064255
3019.17,1.0063272
3019.76,1.0062288
3020.35,1.0061306
3020.94,1.0060323
3021.53,1.0059342
3022.12,1.0058361
3022.71,1.0057379
3023.3,1.0056398
3023.89,1.0055418
3024.48,1.0054437
3025.07,1.0053457
3025.66,1.0052477
3026.25,1.0051497
3026.84,1.0050519
3027.43,1.004954
3028.02,1.0048561
3028.61,1.0047582
3029.2,1.0046605
3029.79,1.0045626
3030.38,1.0044649
3030.97,1.0043671
3031.56,1.0042695
3032.15,1.0041718
3032.74,1.0040742
3033.33,1.0039766
3033.92,1.0038791
3034.51,1.0037814
3035.1,1.0036839
3035.69,1.0035864
3036.28,1.0034889
3036.87,1.0033915
3037.46,1.0032941
3038.05,1.0031967
3038.64,1.0030994
3039.23,1.003002
3039.82,1.0029048
3040.41,1.0028075
3041,1.0027103
3041.59,1.0026131
3042.18,1.0025159
3042.77,1.0024188
3043.36,1.0023216
3043.95,1.0022246
3044.54,1.0021275
3045.13,1.0020305
3045.72,1.0019335
3046.31,1.0018365
3046.9,1.0017395
3047.49,1.0016426
3048.08,1.0015458
3048.67,1.0014489
3049.26,1.0013521
3049.85,1.0012553
3050.44,1.0011585
3051.03,1.0010617
3051.62,1.000965
3052.21,1.0008683
3052.8,1.0007716
3053.39,1.000675
3053.98,1.0005784
3054.57,1.0004818
3055.16,1.0003853
3055.75,1.0002887
3056.34,1.0001923
3056.93,1.0000958
3057.52,0.9999994
3058.11,0.99990296
3058.7,0.99980658
3059.29,0.99971026
3059.88,0.99961394
3060.47,0.99951762
3061.06,0.99942136
3061.65,0.9993251
3062.24,0.99922889
3062.83,0.99913275
3063.42,0.99903655
3064.01,0.99894029
3064.6,0.99884397
3065.19,0.99874777
3065.78,0.99865156
3066.37,0.99855536
3066.96,0.99845922
3067.55,0.99836314
3068.14,0.99826699
3068.73,0.99817097
3069.32,0.99807489
3069.91,0.99797893
3070.5,0.9978829
3071.09,0.997787
3071.68,0.99769104
3072.27,0.99759519
3072.86,0.99749929
3073.45,0.99740344
3074.04,0.99730766
3074.63,0.99721187
3075.22,0.99711615
3075.81,0.99702042
3076.4,0.9969247
3076.99,0.99682903
3077.58,0.99673343
3078.17,0.99663782
3078.76,0.99654222
3079.35,0.99644667
3079.94,0.99635118
3080.53,0.9962557
3081.12,0.99616021
3081.71,0.99606478
3082.3,0.99596936
3082.89,0.99587399
3083.48,0.99577862
3084.07,0.99568331
3084.66,0.99558806
3085.25,0.99549276
3085.84,0.99539751
3086.43,0.99530232
3087.02,0.99520713
3087.61,0.995112
3088.2,0.99501687
3088.79,0.99492174
3089.38,0.99482667
3089.97,0.99473166
3090.56,0.99463665
3091.15,0.99454165
3091.74,0.99444669
3092.33,0.9943518
3092.92,0.99425685
3093.51,0.99416202
3094.1,0.99406719
3094.69,0.99397236
3095.28,0.99387759
3095.87,0.99378282
3096.46,0.99368811
3097.05,0.99359339
3097.64,0.99349868
3098.23,0.99340403
3098.82,0.99330944
3099.41,0.99321485
3100,0.99312031
